# FASER2 HNL |Umu|^2 projection
# Flavor scenario: single-flavor dominance in Umu
# Source: arXiv:1811.12522  -- FASER2 closed polygon
# Pulled from HNLimits bundle (FASER_2018/converted_HNLmu_contour_FASER2.txt)
# Format: blank line separates lower edge from upper edge.
# mass_GeV  U2
# lower edge
1.00000e-01  1.64856e-04
1.00000e-01  1.83298e-04
1.00000e-01  2.80135e-04
1.00000e-01  4.28133e-04
1.00000e-01  9.99999e-04
1.27428e-01  9.99999e-04
1.62378e-01  9.99999e-04
2.06914e-01  9.99999e-04
2.63665e-01  9.99999e-04
3.35982e-01  9.99999e-04
4.28133e-01  9.99999e-04
5.45560e-01  9.99999e-04
6.95193e-01  9.99999e-04
8.85867e-01  9.99999e-04
1.12884e+00  9.99999e-04
1.27427e+00  9.99999e-04
1.35388e+00  9.99999e-04
1.43845e+00  9.99999e-04
1.46041e+00  9.99999e-04
1.48270e+00  9.99999e-04
1.48832e+00  9.99999e-04
1.49062e+00  9.99999e-04
1.49123e+00  9.93599e-04
1.49335e+00  9.75250e-04
1.49344e+00  9.73837e-04
1.49362e+00  9.73037e-04
1.49397e+00  9.69912e-04
1.49592e+00  9.52691e-04
1.49645e+00  9.48360e-04
1.49733e+00  9.40926e-04
1.49831e+00  9.32970e-04
1.49928e+00  9.23549e-04
1.50075e+00  9.13751e-04
1.50159e+00  9.07245e-04
1.50257e+00  8.99388e-04
1.50322e+00  8.94975e-04
1.50533e+00  8.79130e-04
1.50571e+00  8.76630e-04
1.50569e+00  8.75858e-04
1.50586e+00  8.74771e-04
1.50823e+00  8.58705e-04
1.50908e+00  8.52944e-04
1.51050e+00  8.42760e-04
1.51077e+00  8.41190e-04
1.51211e+00  8.30630e-04
1.51337e+00  8.24118e-04
1.51543e+00  8.11416e-04
1.51570e+00  8.08899e-04
1.51677e+00  8.03223e-04
1.51875e+00  7.91334e-04
1.52055e+00  7.80914e-04
1.52289e+00  7.67128e-04
1.52415e+00  7.59855e-04
1.52650e+00  7.47059e-04
1.52831e+00  7.38751e-04
1.52994e+00  7.30232e-04
1.53052e+00  7.27515e-04
1.53166e+00  7.21961e-04
1.53284e+00  7.15856e-04
1.53411e+00  7.10254e-04
1.53447e+00  7.08482e-04
1.53574e+00  7.01764e-04
1.53775e+00  6.93367e-04
1.53851e+00  6.89947e-04
1.53993e+00  6.83723e-04
1.54193e+00  6.74965e-04
1.54248e+00  6.71896e-04
1.54412e+00  6.65526e-04
1.54505e+00  6.61969e-04
1.54577e+00  6.58942e-04
1.54687e+00  6.54318e-04
1.54765e+00  6.51546e-04
1.54815e+00  6.49189e-04
1.54907e+00  6.45703e-04
1.54982e+00  6.43067e-04
1.55108e+00  6.37993e-04
1.55127e+00  6.37200e-04
1.55136e+00  6.36805e-04
1.55163e+00  6.36178e-04
1.55347e+00  6.28810e-04
1.55467e+00  6.24786e-04
1.55568e+00  6.20530e-04
1.55752e+00  6.14646e-04
1.55798e+00  6.12994e-04
1.55867e+00  6.10776e-04
1.56057e+00  6.04296e-04
1.56140e+00  6.01549e-04
1.56343e+00  5.94920e-04
1.56473e+00  5.90195e-04
1.56528e+00  5.88486e-04
1.56686e+00  5.83994e-04
1.56834e+00  5.79416e-04
1.57029e+00  5.73091e-04
1.57178e+00  5.68598e-04
1.57532e+00  5.58792e-04
1.57551e+00  5.58329e-04
1.57551e+00  5.58098e-04
1.57578e+00  5.57520e-04
1.57915e+00  5.48132e-04
1.58092e+00  5.43497e-04
1.58289e+00  5.38232e-04
1.58730e+00  5.29388e-04
1.58739e+00  5.29278e-04
1.58786e+00  5.28621e-04
1.59313e+00  5.22092e-04
1.59360e+00  5.21984e-04
1.59936e+00  5.17249e-04
1.60202e+00  5.15431e-04
1.60829e+00  5.11814e-04
1.61152e+00  5.10438e-04
1.61915e+00  5.06988e-04
1.62378e+00  5.04970e-04
1.62580e+00  5.04135e-04
1.63090e+00  5.01947e-04
1.63612e+00  4.99878e-04
1.63942e+00  4.98424e-04
1.64369e+00  4.96776e-04
1.64720e+00  4.95337e-04
1.64856e+00  4.94722e-04
1.65266e+00  4.93085e-04
1.65950e+00  4.90463e-04
1.66110e+00  4.89828e-04
1.66169e+00  4.89423e-04
1.66365e+00  4.88815e-04
1.66740e+00  4.87299e-04
1.67076e+00  4.85787e-04
1.67373e+00  4.84832e-04
1.68006e+00  4.82391e-04
1.68008e+00  4.82385e-04
1.68010e+00  4.82378e-04
1.68466e+00  4.80583e-04
1.68645e+00  4.79788e-04
1.68927e+00  4.78820e-04
1.69065e+00  4.78201e-04
1.69285e+00  4.77409e-04
1.69385e+00  4.77014e-04
1.69646e+00  4.76027e-04
1.69849e+00  4.75263e-04
1.69927e+00  4.74943e-04
1.70108e+00  4.74255e-04
1.70572e+00  4.72515e-04
1.70777e+00  4.71733e-04
1.71219e+00  4.69953e-04
1.71260e+00  4.69759e-04
1.71707e+00  4.68210e-04
1.72256e+00  4.66076e-04
1.72521e+00  4.65136e-04
1.72623e+00  4.64534e-04
1.72940e+00  4.63573e-04
1.73176e+00  4.62614e-04
1.73329e+00  4.62135e-04
1.73565e+00  4.61083e-04
1.73833e+00  4.60225e-04
1.74430e+00  4.58038e-04
1.74492e+00  4.57658e-04
1.74513e+00  4.57658e-04
1.74585e+00  4.57469e-04
1.75154e+00  4.55389e-04
1.75466e+00  4.54259e-04
1.75549e+00  4.53883e-04
1.75819e+00  4.52967e-04
1.76241e+00  4.51445e-04
1.76413e+00  4.50791e-04
1.76486e+00  4.50511e-04
1.76652e+00  4.49963e-04
1.77368e+00  4.47373e-04
1.77828e+00  4.45685e-04
1.77923e+00  4.39635e-04
1.77933e+00  4.38725e-04
1.78007e+00  4.33846e-04
1.78041e+00  4.32030e-04
1.78060e+00  4.30088e-04
1.78102e+00  4.28133e-04
1.78144e+00  4.25481e-04
1.78144e+00  4.25129e-04
1.78186e+00  4.22495e-04
1.78228e+00  4.20226e-04
1.78250e+00  4.19007e-04
1.78270e+00  4.16932e-04
1.78302e+00  4.15295e-04
1.78344e+00  4.12722e-04
1.78355e+00  4.11442e-04
1.78387e+00  4.10506e-04
1.78460e+00  4.06025e-04
1.78503e+00  4.03510e-04
1.78546e+00  4.01015e-04
1.78545e+00  4.00678e-04
1.78555e+00  4.00264e-04
1.78629e+00  3.95402e-04
1.78693e+00  3.91653e-04
1.78714e+00  3.90196e-04
1.78762e+00  3.88221e-04
1.78799e+00  3.85058e-04
1.78852e+00  3.82594e-04
1.78862e+00  3.82356e-04
1.78883e+00  3.79988e-04
1.78936e+00  3.78182e-04
1.78969e+00  3.76531e-04
1.78968e+00  3.74984e-04
1.79016e+00  3.73782e-04
1.79063e+00  3.70890e-04
1.79053e+00  3.70046e-04
1.79098e+00  3.69453e-04
1.79159e+00  3.65325e-04
1.79138e+00  3.65174e-04
1.79159e+00  3.65023e-04
1.79180e+00  3.65023e-04
1.79267e+00  3.60365e-04
1.79275e+00  3.59694e-04
1.79328e+00  3.56653e-04
1.79355e+00  3.55620e-04
1.79371e+00  3.54297e-04
1.79392e+00  3.53271e-04
1.79413e+00  3.52540e-04
1.79445e+00  3.50938e-04
1.79488e+00  3.48836e-04
1.79498e+00  3.48475e-04
1.79520e+00  3.47538e-04
1.79541e+00  3.46317e-04
1.79583e+00  3.44457e-04
1.79583e+00  3.43602e-04
1.79626e+00  3.41757e-04
1.79658e+00  3.40414e-04
1.79711e+00  3.38236e-04
1.79732e+00  3.37256e-04
1.79743e+00  3.36489e-04
1.79823e+00  3.33057e-04
1.79817e+00  3.32816e-04
1.79828e+00  3.32609e-04
1.79860e+00  3.31577e-04
1.79902e+00  3.28433e-04
1.80009e+00  3.25050e-04
1.80032e+00  3.24109e-04
1.80052e+00  3.22903e-04
1.80126e+00  3.19841e-04
1.80179e+00  3.17860e-04
1.80179e+00  3.17597e-04
1.80222e+00  3.15629e-04
1.80265e+00  3.13934e-04
1.80307e+00  3.12896e-04
1.80329e+00  3.11473e-04
1.80377e+00  3.10475e-04
1.80435e+00  3.08009e-04
1.80468e+00  3.07372e-04
1.80542e+00  3.04852e-04
1.80564e+00  3.03450e-04
1.80585e+00  3.03325e-04
1.80596e+00  3.03011e-04
1.80681e+00  3.00138e-04
1.80715e+00  2.99331e-04
1.80756e+00  2.98091e-04
1.80777e+00  2.96738e-04
1.80842e+00  2.95389e-04
1.80884e+00  2.94419e-04
1.80906e+00  2.93559e-04
1.80930e+00  2.93180e-04
1.80992e+00  2.91500e-04
1.81034e+00  2.90415e-04
1.81120e+00  2.88258e-04
1.81147e+00  2.87661e-04
1.81227e+00  2.85879e-04
1.81292e+00  2.84226e-04
1.81318e+00  2.83873e-04
1.81357e+00  2.83161e-04
1.81506e+00  2.80135e-04
1.81592e+00  2.78400e-04
1.81915e+00  2.73826e-04
1.81969e+00  2.73089e-04
1.81958e+00  2.72807e-04
1.82050e+00  2.72101e-04
1.82400e+00  2.68157e-04
1.82605e+00  2.66386e-04
1.82694e+00  2.65670e-04
1.82930e+00  2.63805e-04
1.83168e+00  2.62171e-04
1.83298e+00  2.61412e-04
1.83537e+00  2.59901e-04
1.83776e+00  2.58719e-04
1.83994e+00  2.57543e-04
1.84222e+00  2.56425e-04
1.84692e+00  2.54310e-04
1.84932e+00  2.53101e-04
1.85228e+00  2.51951e-04
1.85678e+00  2.49976e-04
1.86096e+00  2.48324e-04
1.86427e+00  2.46888e-04
1.86813e+00  2.45359e-04
1.87178e+00  2.43839e-04
1.87511e+00  2.42555e-04
1.88412e+00  2.38940e-04
1.88691e+00  2.37854e-04
1.88936e+00  2.36871e-04
1.90018e+00  2.32689e-04
1.90204e+00  2.31967e-04
1.90373e+00  2.31248e-04
1.91593e+00  2.26602e-04
1.91707e+00  2.26133e-04
1.91820e+00  2.25758e-04
1.93193e+00  2.20673e-04
1.93236e+00  2.20502e-04
1.94449e+00  2.16060e-04
1.94748e+00  2.14945e-04
1.94754e+00  2.14922e-04
1.94760e+00  2.14900e-04
1.96229e+00  2.09668e-04
1.96281e+00  2.09473e-04
1.96334e+00  2.09278e-04
1.97721e+00  2.04395e-04
1.97791e+00  2.04056e-04
1.97861e+00  2.03803e-04
1.99224e+00  1.99212e-04
1.99330e+00  1.98841e-04
1.99437e+00  1.98471e-04
1.99909e+00  1.96101e-04
2.00407e+00  1.93279e-04
2.00525e+00  1.92559e-04
2.00739e+00  1.91565e-04
2.01697e+00  1.86380e-04
2.02277e+00  1.83298e-04
2.02846e+00  1.80305e-04
2.03177e+00  1.78503e-04
2.03803e+00  1.75351e-04
2.03998e+00  1.74414e-04
2.04105e+00  1.73833e-04
2.04552e+00  1.71615e-04
2.05013e+00  1.69285e-04
2.05134e+00  1.68655e-04
2.05352e+00  1.67628e-04
2.05705e+00  1.65849e-04
2.05888e+00  1.64856e-04
2.06280e+00  1.63094e-04
2.06672e+00  1.61201e-04
2.06767e+00  1.60543e-04
2.06840e+00  1.60344e-04
2.06914e+00  1.60045e-04
2.07410e+00  1.57660e-04
2.07650e+00  1.56343e-04
2.07969e+00  1.54989e-04
2.08487e+00  1.52648e-04
2.08542e+00  1.52395e-04
2.08536e+00  1.52253e-04
2.08686e+00  1.51745e-04
2.09427e+00  1.48270e-04
2.09650e+00  1.47229e-04
2.10072e+00  1.45475e-04
2.10296e+00  1.44391e-04
2.10595e+00  1.43140e-04
2.10782e+00  1.42283e-04
2.11175e+00  1.40613e-04
2.11344e+00  1.39858e-04
2.11669e+00  1.38475e-04
2.11895e+00  1.37446e-04
2.12020e+00  1.36935e-04
2.12447e+00  1.35187e-04
2.12447e+00  1.35075e-04
2.12472e+00  1.35075e-04
2.12881e+00  1.33352e-04
2.13001e+00  1.32746e-04
2.13279e+00  1.31719e-04
2.13304e+00  1.31596e-04
2.13556e+00  1.30456e-04
2.13708e+00  1.29863e-04
2.14088e+00  1.28392e-04
2.14113e+00  1.28206e-04
2.14215e+00  1.27888e-04
2.14544e+00  1.26466e-04
2.14900e+00  1.25137e-04
2.15231e+00  1.23822e-04
2.15358e+00  1.23157e-04
2.15716e+00  1.21942e-04
2.15779e+00  1.21662e-04
2.15926e+00  1.21121e-04
2.16233e+00  1.19935e-04
2.16332e+00  1.19545e-04
2.16534e+00  1.18774e-04
2.16643e+00  1.18356e-04
2.16867e+00  1.17428e-04
2.17054e+00  1.16798e-04
2.17356e+00  1.15666e-04
2.17420e+00  1.15379e-04
2.17574e+00  1.14855e-04
2.17877e+00  1.13742e-04
2.17977e+00  1.13372e-04
2.18180e+00  1.12629e-04
2.18516e+00  1.11364e-04
2.18646e+00  1.10766e-04
2.19067e+00  1.09410e-04
2.19177e+00  1.09014e-04
2.19475e+00  1.07868e-04
2.19605e+00  1.07467e-04
2.19839e+00  1.06669e-04
2.20158e+00  1.05581e-04
2.20308e+00  1.05046e-04
2.20700e+00  1.03706e-04
2.20752e+00  1.03534e-04
2.21105e+00  1.02298e-04
2.21223e+00  1.01833e-04
2.21511e+00  1.00962e-04
2.21780e+00  1.00046e-04
2.21878e+00  9.96219e-05
2.22114e+00  9.86773e-05
2.22253e+00  9.81576e-05
2.22351e+00  9.77620e-05
2.22509e+00  9.70157e-05
2.22668e+00  9.65334e-05
2.22726e+00  9.63050e-05
2.22825e+00  9.57382e-05
2.23195e+00  9.45167e-05
2.23208e+00  9.44971e-05
2.23208e+00  9.44776e-05
2.23221e+00  9.44384e-05
2.23697e+00  9.27328e-05
2.23883e+00  9.20059e-05
2.24042e+00  9.11335e-05
2.24068e+00  9.08320e-05
2.24121e+00  9.06816e-05
2.24307e+00  8.95988e-05
2.24440e+00  8.89701e-05
2.24706e+00  8.75081e-05
2.24732e+00  8.72548e-05
2.24792e+00  8.71193e-05
2.24892e+00  8.66425e-05
2.25131e+00  8.52894e-05
2.25225e+00  8.49720e-05
2.25345e+00  8.43758e-05
2.25505e+00  8.35411e-05
2.25692e+00  8.27490e-05
2.25745e+00  8.25522e-05
2.25879e+00  8.18287e-05
2.26019e+00  8.13135e-05
2.26186e+00  8.05842e-05
2.26282e+00  8.01867e-05
2.26602e+00  7.88343e-05
2.26669e+00  7.85573e-05
2.26655e+00  7.84760e-05
2.26722e+00  7.83298e-05
2.27058e+00  7.69629e-05
2.27192e+00  7.64229e-05
2.27468e+00  7.54244e-05
2.27475e+00  7.54010e-05
2.27731e+00  7.44235e-05
2.28284e+00  7.25215e-05
2.28271e+00  7.24765e-05
2.28298e+00  7.24465e-05
2.28325e+00  7.23715e-05
2.28867e+00  7.05804e-05
2.29143e+00  6.97015e-05
2.29164e+00  6.96222e-05
2.29191e+00  6.95501e-05
2.29435e+00  6.87339e-05
2.29598e+00  6.82516e-05
2.30061e+00  6.69495e-05
2.30064e+00  6.69391e-05
2.30064e+00  6.69357e-05
2.30067e+00  6.69287e-05
2.30333e+00  6.60543e-05
2.30524e+00  6.56452e-05
2.30660e+00  6.51845e-05
2.30933e+00  6.45531e-05
2.30995e+00  6.43862e-05
2.30988e+00  6.43262e-05
2.31070e+00  6.41931e-05
2.31316e+00  6.34792e-05
2.31810e+00  6.23392e-05
2.31947e+00  6.19466e-05
2.31974e+00  6.18185e-05
2.32167e+00  6.14865e-05
2.32442e+00  6.07775e-05
2.32689e+00  6.02760e-05
2.32717e+00  6.02012e-05
2.32972e+00  5.96613e-05
2.33075e+00  5.94085e-05
2.33213e+00  5.90894e-05
2.33365e+00  5.88086e-05
2.33406e+00  5.86262e-05
2.33489e+00  5.85534e-05
2.33572e+00  5.83597e-05
2.33821e+00  5.78543e-05
2.34017e+00  5.74736e-05
2.34022e+00  5.74661e-05
2.34181e+00  5.70925e-05
2.34458e+00  5.65980e-05
2.34542e+00  5.64107e-05
2.34597e+00  5.63407e-05
2.34708e+00  5.61310e-05
2.34819e+00  5.58990e-05
2.34958e+00  5.55988e-05
2.35097e+00  5.53919e-05
2.35348e+00  5.49584e-05
2.35376e+00  5.48667e-05
2.35432e+00  5.47986e-05
2.35655e+00  5.43915e-05
2.35808e+00  5.41443e-05
2.36213e+00  5.34534e-05
2.36213e+00  5.34092e-05
2.36633e+00  5.27278e-05
2.37137e+00  5.19688e-05
2.37390e+00  5.15401e-05
2.37531e+00  5.13483e-05
2.37953e+00  5.07352e-05
2.38009e+00  5.06512e-05
2.38432e+00  5.00049e-05
2.38615e+00  4.97673e-05
2.38940e+00  4.93478e-05
2.39422e+00  4.86967e-05
2.39875e+00  4.80754e-05
2.40019e+00  4.79350e-05
2.40430e+00  4.74227e-05
2.40543e+00  4.72756e-05
2.40757e+00  4.70120e-05
2.40928e+00  4.67983e-05
2.41214e+00  4.64898e-05
2.41470e+00  4.61821e-05
2.41671e+00  4.59626e-05
2.41871e+00  4.57063e-05
2.42559e+00  4.49925e-05
2.42530e+00  4.49739e-05
2.42559e+00  4.49552e-05
2.42587e+00  4.49552e-05
2.43285e+00  4.42394e-05
2.43681e+00  4.37973e-05
2.43998e+00  4.35260e-05
2.44432e+00  4.31222e-05
2.44924e+00  4.26515e-05
2.45479e+00  4.21618e-05
2.46014e+00  4.16994e-05
2.46203e+00  4.15356e-05
2.46290e+00  4.14497e-05
2.47005e+00  4.08616e-05
2.47225e+00  4.06927e-05
2.47518e+00  4.04490e-05
2.47781e+00  4.02318e-05
2.48163e+00  3.99660e-05
2.48222e+00  3.99164e-05
2.48369e+00  3.98008e-05
2.48486e+00  3.95707e-05
2.48574e+00  3.93908e-05
2.48752e+00  3.91960e-05
2.48876e+00  3.89971e-05
2.48928e+00  3.88721e-05
2.48994e+00  3.88118e-05
2.49104e+00  3.86313e-05
2.49281e+00  3.83602e-05
2.49473e+00  3.80516e-05
2.49902e+00  3.74341e-05
2.49946e+00  3.73567e-05
2.49961e+00  3.73103e-05
2.50050e+00  3.72177e-05
2.50294e+00  3.68648e-05
2.50435e+00  3.66668e-05
2.50479e+00  3.65985e-05
2.50644e+00  3.63794e-05
2.50731e+00  3.62440e-05
2.50969e+00  3.59152e-05
2.50939e+00  3.59003e-05
2.50969e+00  3.58855e-05
2.50998e+00  3.58855e-05
2.51206e+00  3.55305e-05
2.51266e+00  3.54276e-05
2.51385e+00  3.51499e-05
2.51489e+00  3.49611e-05
2.51623e+00  3.46583e-05
2.51653e+00  3.45008e-05
2.51742e+00  3.44009e-05
2.51906e+00  3.40676e-05
2.51891e+00  3.40465e-05
2.51921e+00  3.40324e-05
2.51951e+00  3.39972e-05
2.52010e+00  3.38216e-05
2.52100e+00  3.36678e-05
2.52130e+00  3.35982e-05
2.52197e+00  3.34905e-05
2.52204e+00  3.34801e-05
2.52249e+00  3.33762e-05
2.52279e+00  3.33072e-05
2.52339e+00  3.31970e-05
2.52369e+00  3.31558e-05
2.52428e+00  3.30324e-05
2.52458e+00  3.29504e-05
2.52496e+00  3.29061e-05
2.52578e+00  3.27192e-05
2.52638e+00  3.25974e-05
2.52795e+00  3.23385e-05
2.52817e+00  3.22883e-05
2.52817e+00  3.22483e-05
2.52907e+00  3.21349e-05
2.53027e+00  3.19164e-05
2.53056e+00  3.18632e-05
2.53101e+00  3.17775e-05
2.53214e+00  3.15774e-05
2.53281e+00  3.14436e-05
2.53386e+00  3.12748e-05
2.53401e+00  3.12424e-05
2.53401e+00  3.12359e-05
2.53416e+00  3.12230e-05
2.53521e+00  3.10296e-05
2.53596e+00  3.09141e-05
2.53716e+00  3.06845e-05
2.53761e+00  3.06210e-05
2.53866e+00  3.04566e-05
2.53988e+00  3.02687e-05
2.54017e+00  3.02178e-05
2.54062e+00  3.01366e-05
2.54378e+00  2.96352e-05
2.54498e+00  2.94273e-05
2.54739e+00  2.90759e-05
2.54784e+00  2.90217e-05
2.54830e+00  2.89681e-05
2.55011e+00  2.86574e-05
2.55199e+00  2.84239e-05
2.55464e+00  2.80351e-05
2.55570e+00  2.79077e-05
2.55623e+00  2.78413e-05
2.55797e+00  2.76116e-05
2.56054e+00  2.72734e-05
2.56099e+00  2.71776e-05
2.56251e+00  2.70092e-05
2.56479e+00  2.67144e-05
2.56676e+00  2.64665e-05
2.56919e+00  2.61722e-05
2.57086e+00  2.60047e-05
2.57284e+00  2.57741e-05
2.57741e+00  2.52563e-05
2.57833e+00  2.51310e-05
2.57955e+00  2.50272e-05
2.58505e+00  2.44432e-05
2.58811e+00  2.41513e-05
2.58905e+00  2.40608e-05
2.59148e+00  2.38037e-05
2.59302e+00  2.36759e-05
2.59486e+00  2.34903e-05
2.59701e+00  2.33061e-05
2.59793e+00  2.32098e-05
2.59839e+00  2.31810e-05
2.59916e+00  2.31138e-05
2.60039e+00  2.29802e-05
2.60132e+00  2.28757e-05
2.60318e+00  2.27629e-05
2.60455e+00  2.26447e-05
2.60501e+00  2.25745e-05
2.60686e+00  2.24486e-05
2.60841e+00  2.23234e-05
2.61011e+00  2.21806e-05
2.61242e+00  2.19839e-05
2.61676e+00  2.16608e-05
2.61892e+00  2.14709e-05
2.61985e+00  2.14088e-05
2.62203e+00  2.12586e-05
2.62451e+00  2.10657e-05
2.62668e+00  2.09266e-05
2.62731e+00  2.08487e-05
2.63011e+00  2.06681e-05
2.63548e+00  2.03348e-05
2.63571e+00  2.03033e-05
2.63618e+00  2.02906e-05
2.63665e+00  2.02570e-05
2.63977e+00  2.00359e-05
2.64196e+00  1.99118e-05
2.64259e+00  1.98788e-05
2.64431e+00  1.97721e-05
2.64665e+00  1.96333e-05
2.64806e+00  1.95481e-05
2.65010e+00  1.94230e-05
2.65308e+00  1.92548e-05
2.65422e+00  1.91921e-05
2.65670e+00  1.90525e-05
2.66051e+00  1.88455e-05
2.66205e+00  1.87511e-05
2.66694e+00  1.85080e-05
2.66709e+00  1.84965e-05
2.67120e+00  1.82605e-05
2.67690e+00  1.80126e-05
2.68015e+00  1.78584e-05
2.68134e+00  1.77828e-05
2.68674e+00  1.75559e-05
2.68674e+00  1.75414e-05
2.69219e+00  1.73176e-05
2.69374e+00  1.72388e-05
2.69725e+00  1.70966e-05
2.70300e+00  1.68645e-05
2.70828e+00  1.66597e-05
2.71021e+00  1.65839e-05
2.71422e+00  1.64233e-05
2.71551e+00  1.63757e-05
2.71776e+00  1.63030e-05
2.72041e+00  1.62070e-05
2.72323e+00  1.61067e-05
2.72428e+00  1.60717e-05
2.72613e+00  1.59936e-05
2.72807e+00  1.59409e-05
2.73081e+00  1.58387e-05
2.73275e+00  1.56885e-05
2.73389e+00  1.55752e-05
2.73486e+00  1.55044e-05
2.73842e+00  1.52496e-05
2.73923e+00  1.51835e-05
2.73907e+00  1.51677e-05
2.73988e+00  1.51395e-05
2.74328e+00  1.48630e-05
2.74495e+00  1.47709e-05
2.74718e+00  1.46066e-05
2.74783e+00  1.45583e-05
2.75044e+00  1.43845e-05
2.75239e+00  1.42599e-05
2.75598e+00  1.40082e-05
2.75924e+00  1.38241e-05
2.76153e+00  1.36813e-05
2.76218e+00  1.36417e-05
2.76332e+00  1.35712e-05
2.77069e+00  1.31262e-05
2.77430e+00  1.29372e-05
2.78022e+00  1.26354e-05
2.78055e+00  1.26040e-05
2.78088e+00  1.25988e-05
2.78121e+00  1.25831e-05
2.78565e+00  1.23533e-05
2.78747e+00  1.22692e-05
2.79085e+00  1.21089e-05
2.79093e+00  1.21051e-05
2.79407e+00  1.19482e-05
2.79610e+00  1.18699e-05
2.79771e+00  1.17909e-05
2.80136e+00  1.16380e-05
2.80140e+00  1.16362e-05
2.80144e+00  1.16356e-05
2.80144e+00  1.16344e-05
2.80675e+00  1.14077e-05
2.80866e+00  1.13312e-05
2.81199e+00  1.11959e-05
2.81215e+00  1.11843e-05
2.81266e+00  1.11726e-05
2.81615e+00  1.10348e-05
2.82015e+00  1.07795e-05
2.82032e+00  1.07461e-05
2.82074e+00  1.07205e-05
2.82266e+00  1.05476e-05
2.82332e+00  1.04649e-05
2.82617e+00  1.02356e-05
2.82675e+00  1.01912e-05
2.82750e+00  1.01301e-05
2.83001e+00  9.92454e-06
2.83207e+00  9.77815e-06
2.83353e+00  9.66490e-06
2.83571e+00  9.51002e-06
2.83672e+00  9.41205e-06
2.83823e+00  9.34407e-06
2.84042e+00  9.20767e-06
2.84075e+00  9.16581e-06
2.84412e+00  8.98723e-06
2.84496e+00  8.93527e-06
2.84479e+00  8.92602e-06
2.84513e+00  8.91493e-06
2.85223e+00  8.54988e-06
2.85389e+00  8.46509e-06
2.85660e+00  8.33634e-06
2.85829e+00  8.24363e-06
2.85998e+00  8.18578e-06
2.86371e+00  8.02796e-06
2.86574e+00  7.94525e-06
2.86812e+00  7.84063e-06
2.86879e+00  7.81793e-06
2.87015e+00  7.77595e-06
2.87270e+00  7.67833e-06
2.87457e+00  7.61340e-06
2.87738e+00  7.52016e-06
2.87802e+00  7.50033e-06
2.88002e+00  7.41422e-06
2.88215e+00  7.36601e-06
2.88686e+00  7.22614e-06
2.88685e+00  7.22025e-06
2.88702e+00  7.21577e-06
2.88753e+00  7.20532e-06
2.89369e+00  7.03136e-06
2.89677e+00  6.95316e-06
2.89746e+00  6.93016e-06
2.89848e+00  6.91152e-06
2.90054e+00  6.84741e-06
2.90295e+00  6.79373e-06
2.90845e+00  6.67656e-06
2.90879e+00  6.66827e-06
2.90897e+00  6.66413e-06
2.90948e+00  6.65309e-06
2.91465e+00  6.53429e-06
2.91707e+00  6.49381e-06
2.92087e+00  6.41096e-06
2.92199e+00  6.39704e-06
2.92536e+00  6.32392e-06
2.92692e+00  6.28866e-06
2.92900e+00  6.17764e-06
2.92918e+00  6.15848e-06
2.92970e+00  6.14447e-06
2.93091e+00  6.07739e-06
2.93160e+00  6.04350e-06
2.93238e+00  6.00296e-06
2.93230e+00  5.99736e-06
2.93264e+00  5.98992e-06
2.93512e+00  5.86501e-06
2.93507e+00  5.84046e-06
2.93612e+00  5.80910e-06
2.93725e+00  5.76356e-06
2.93794e+00  5.73082e-06
2.93890e+00  5.68767e-06
2.94012e+00  5.63024e-06
2.94081e+00  5.60000e-06
2.94203e+00  5.53887e-06
2.94273e+00  5.51826e-06
2.94377e+00  5.47273e-06
2.94421e+00  5.45632e-06
2.94569e+00  5.39396e-06
2.94656e+00  5.34724e-06
2.94839e+00  5.28723e-06
2.94900e+00  5.25285e-06
2.94987e+00  5.22788e-06
2.95284e+00  5.12178e-06
2.95284e+00  5.11542e-06
2.95284e+00  5.10907e-06
2.95389e+00  5.08374e-06
2.95459e+00  5.04806e-06
2.95634e+00  4.99606e-06
2.95687e+00  4.98159e-06
2.95967e+00  4.88454e-06
2.96019e+00  4.85127e-06
2.96238e+00  4.80278e-06
2.96317e+00  4.77649e-06
2.96440e+00  4.72435e-06
2.96510e+00  4.72141e-06
2.96668e+00  4.67084e-06
2.96756e+00  4.64864e-06
2.96932e+00  4.60075e-06
2.97019e+00  4.57320e-06
2.97037e+00  4.56847e-06
2.97142e+00  4.54017e-06
2.97230e+00  4.51860e-06
2.97301e+00  4.49805e-06
2.97371e+00  4.48039e-06
2.97389e+00  4.46742e-06
2.97565e+00  4.42139e-06
2.97635e+00  4.41430e-06
2.97794e+00  4.37131e-06
2.97811e+00  4.36317e-06
2.97882e+00  4.35054e-06
2.97996e+00  4.32404e-06
2.98076e+00  4.30572e-06
2.98201e+00  4.27739e-06
2.98201e+00  4.27717e-06
2.98270e+00  4.24903e-06
2.98517e+00  4.20525e-06
2.98588e+00  4.18440e-06
2.98764e+00  4.15165e-06
2.98800e+00  4.13786e-06
2.99012e+00  4.09524e-06
2.99154e+00  4.06482e-06
2.99348e+00  4.02961e-06
2.99437e+00  4.00797e-06
2.99623e+00  3.97655e-06
2.99898e+00  3.92500e-06
2.99902e+00  3.92439e-06
2.99902e+00  3.92419e-06
2.99907e+00  3.92378e-06
3.00360e+00  3.84216e-06
3.00475e+00  3.82153e-06
3.00684e+00  3.78666e-06
3.00831e+00  3.76223e-06
3.01072e+00  3.72155e-06
3.01285e+00  3.68321e-06
3.01536e+00  3.65128e-06
3.01678e+00  3.62419e-06
3.01785e+00  3.60771e-06
3.02044e+00  3.57646e-06
3.02178e+00  3.55726e-06
3.02330e+00  3.53559e-06
3.02357e+00  3.52937e-06
3.02469e+00  3.51751e-06
3.02858e+00  3.46419e-06
3.03074e+00  3.43704e-06
3.03415e+00  3.39529e-06
3.03504e+00  3.38476e-06
3.03792e+00  3.34712e-06
3.03981e+00  3.32811e-06
3.04476e+00  3.27376e-06
3.04566e+00  3.26293e-06
3.04548e+00  3.25955e-06
3.05161e+00  3.19936e-06
3.05414e+00  3.17428e-06
3.06029e+00  3.11824e-06
3.06283e+00  3.09123e-06
3.06446e+00  3.07909e-06
3.06791e+00  3.05057e-06
3.07263e+00  3.01036e-06
3.07609e+00  2.98243e-06
3.07818e+00  2.96611e-06
3.08265e+00  2.93160e-06
3.08539e+00  2.91228e-06
3.09123e+00  2.87032e-06
3.09279e+00  2.85994e-06
3.09343e+00  2.85491e-06
3.09572e+00  2.84046e-06
3.10039e+00  2.80916e-06
3.10516e+00  2.78022e-06
3.10829e+00  2.76014e-06
3.11473e+00  2.72379e-06
3.11773e+00  2.70748e-06
3.12147e+00  2.68709e-06
3.12517e+00  2.66768e-06
3.13118e+00  2.63665e-06
3.13842e+00  2.60247e-06
3.14306e+00  2.58100e-06
3.14604e+00  2.56767e-06
3.15032e+00  2.54913e-06
3.15219e+00  2.53911e-06
3.15947e+00  2.50828e-06
3.15966e+00  2.50050e-06
3.15966e+00  2.49326e-06
3.16172e+00  2.43659e-06
3.16153e+00  2.43508e-06
3.16172e+00  2.43357e-06
3.16228e+00  2.42125e-06
3.16265e+00  2.37236e-06
3.16265e+00  2.37137e-06
3.16265e+00  2.37039e-06
3.16340e+00  2.31221e-06
3.16303e+00  2.30933e-06
3.16340e+00  2.30647e-06
3.16415e+00  2.25358e-06
3.16415e+00  2.24892e-06
3.16455e+00  2.24328e-06
3.16530e+00  2.19008e-06
3.16603e+00  2.14167e-06
3.16602e+00  2.13279e-06
3.16621e+00  2.12353e-06
3.16696e+00  2.07699e-06
3.16771e+00  2.03484e-06
3.16752e+00  2.02265e-06
3.16790e+00  2.01012e-06
3.16865e+00  1.98365e-06
3.16865e+00  1.96974e-06
3.16911e+00  1.95490e-06
3.16940e+00  1.93336e-06
3.16986e+00  1.91820e-06
3.17015e+00  1.90159e-06
3.17015e+00  1.88434e-06
3.17052e+00  1.86802e-06
3.17090e+00  1.85031e-06
3.17146e+00  1.83770e-06
3.17165e+00  1.81915e-06
3.17221e+00  1.79929e-06
3.17240e+00  1.79148e-06
3.17287e+00  1.77156e-06
3.17315e+00  1.75040e-06
3.17353e+00  1.74679e-06
3.17352e+00  1.72521e-06
3.17446e+00  1.70285e-06
3.17446e+00  1.70214e-06
3.17503e+00  1.68008e-06
3.17540e+00  1.66001e-06
3.17583e+00  1.65512e-06
3.17615e+00  1.63612e-06
3.17672e+00  1.61893e-06
3.17691e+00  1.60990e-06
3.17747e+00  1.59332e-06
3.17766e+00  1.57821e-06
3.17883e+00  1.55163e-06
3.17916e+00  1.53947e-06
3.17973e+00  1.52203e-06
3.17954e+00  1.51104e-06
3.18048e+00  1.50137e-06
3.18123e+00  1.47976e-06
3.18105e+00  1.47151e-06
3.18274e+00  1.43866e-06
3.18255e+00  1.43301e-06
3.18293e+00  1.42768e-06
3.18406e+00  1.39552e-06
3.18594e+00  1.35958e-06
3.18557e+00  1.35901e-06
3.18594e+00  1.35845e-06
3.18632e+00  1.35171e-06
3.18707e+00  1.32346e-06
3.18896e+00  1.29258e-06
3.18953e+00  1.28431e-06
3.19104e+00  1.25512e-06
3.19241e+00  1.23047e-06
3.19349e+00  1.21270e-06
3.19463e+00  1.19030e-06
3.19576e+00  1.17123e-06
3.19784e+00  1.14461e-06
3.19879e+00  1.12884e-06
3.20002e+00  1.11594e-06
3.20300e+00  1.07940e-06
3.20371e+00  1.07055e-06
3.20409e+00  1.06303e-06
3.20865e+00  1.01737e-06
3.20905e+00  1.01526e-06
3.20912e+00  1.01369e-06
3.20485e+00  9.68838e-07
3.20371e+00  9.62837e-07
3.20258e+00  9.54498e-07
3.19727e+00  9.26451e-07
3.19463e+00  9.13117e-07
3.19087e+00  8.93682e-07
3.18936e+00  8.86263e-07
3.18632e+00  8.71542e-07
3.18519e+00  8.65964e-07
3.18123e+00  8.48038e-07
3.18039e+00  8.43309e-07
3.17888e+00  8.36438e-07
3.17503e+00  8.21247e-07
3.17315e+00  8.11441e-07
3.17052e+00  7.99761e-07
3.16696e+00  7.82881e-07
3.16602e+00  7.78838e-07
3.16546e+00  7.76101e-07
3.16228e+00  7.61926e-07
3.15704e+00  7.58463e-07
3.14623e+00  7.51894e-07
3.13842e+00  7.46308e-07
3.12729e+00  7.38620e-07
3.12101e+00  7.33437e-07
3.11473e+00  7.28592e-07
3.10370e+00  7.19296e-07
3.09746e+00  7.14249e-07
3.09123e+00  7.08356e-07
3.08319e+00  7.00478e-07
3.07627e+00  6.93837e-07
3.06791e+00  6.84842e-07
3.06537e+00  6.82153e-07
3.05993e+00  6.75969e-07
3.05667e+00  6.72892e-07
3.04981e+00  6.64306e-07
3.04782e+00  6.61972e-07
3.04476e+00  6.58144e-07
3.03918e+00  6.51094e-07
3.03540e+00  6.46927e-07
3.03074e+00  6.40262e-07
3.02500e+00  6.32355e-07
3.02339e+00  6.30002e-07
3.02268e+00  6.29350e-07
3.02178e+00  6.27788e-07
3.01754e+00  6.21707e-07
3.01499e+00  6.18368e-07
3.01196e+00  6.13520e-07
3.01036e+00  6.11237e-07
3.00769e+00  6.07326e-07
3.00342e+00  6.00571e-07
3.00111e+00  5.97470e-07
2.99898e+00  5.93461e-07
2.99366e+00  5.85465e-07
2.99118e+00  5.81839e-07
2.98764e+00  5.74891e-07
2.98729e+00  5.74415e-07
2.98703e+00  5.73761e-07
2.98270e+00  5.66617e-07
2.98093e+00  5.63574e-07
2.97996e+00  5.61535e-07
2.97847e+00  5.59156e-07
2.97635e+00  5.55232e-07
2.97503e+00  5.52651e-07
2.97424e+00  5.51793e-07
2.97356e+00  5.49982e-07
2.97002e+00  5.44527e-07
2.96896e+00  5.42052e-07
2.96668e+00  5.37357e-07
2.96510e+00  5.34195e-07
2.96335e+00  5.31381e-07
2.96194e+00  5.28308e-07
2.95879e+00  5.23299e-07
2.95811e+00  5.20691e-07
2.95389e+00  5.12360e-07
2.95284e+00  5.10242e-07
2.95258e+00  5.09609e-07
2.95197e+00  5.08449e-07
2.94778e+00  4.99887e-07
2.94586e+00  4.96276e-07
2.94308e+00  4.89945e-07
2.94290e+00  4.89640e-07
2.94273e+00  4.89133e-07
2.93999e+00  4.83293e-07
2.93820e+00  4.79504e-07
2.93646e+00  4.76929e-07
2.93510e+00  4.72615e-07
2.93369e+00  4.70649e-07
2.93369e+00  4.69478e-07
2.93160e+00  4.64834e-07
2.93091e+00  4.64452e-07
2.93126e+00  4.64260e-07
2.92918e+00  4.59667e-07
2.92814e+00  4.58336e-07
2.92779e+00  4.56253e-07
2.92608e+00  4.52301e-07
2.92502e+00  4.49872e-07
2.92346e+00  4.46345e-07
2.92087e+00  4.40651e-07
2.92087e+00  4.40468e-07
2.92087e+00  4.40286e-07
2.92052e+00  4.39329e-07
2.91845e+00  4.34668e-07
2.91672e+00  4.30904e-07
2.91500e+00  4.26114e-07
2.91379e+00  4.23297e-07
2.91301e+00  4.21503e-07
2.91155e+00  4.17723e-07
2.90948e+00  4.12735e-07
2.90914e+00  4.12393e-07
2.90879e+00  4.12222e-07
2.90914e+00  4.12052e-07
2.90570e+00  4.03271e-07
2.90467e+00  4.01438e-07
2.90400e+00  3.98797e-07
2.90157e+00  3.94678e-07
2.89917e+00  3.90936e-07
2.89848e+00  3.89158e-07
2.89677e+00  3.86588e-07
2.89591e+00  3.84591e-07
2.89369e+00  3.80708e-07
2.89249e+00  3.78428e-07
2.89095e+00  3.75695e-07
2.88855e+00  3.71209e-07
2.88821e+00  3.70748e-07
2.88787e+00  3.70595e-07
2.88753e+00  3.69177e-07
2.88582e+00  3.66625e-07
2.88548e+00  3.65866e-07
2.88377e+00  3.62698e-07
2.88275e+00  3.61049e-07
2.88208e+00  3.58668e-07
2.88087e+00  3.56295e-07
2.88011e+00  3.54785e-07
2.87832e+00  3.51603e-07
2.87661e+00  3.47765e-07
2.87627e+00  3.47117e-07
2.87593e+00  3.46973e-07
2.87610e+00  3.46758e-07
2.87423e+00  3.43399e-07
2.87398e+00  3.42405e-07
2.87338e+00  3.41060e-07
2.87262e+00  3.39544e-07
2.87185e+00  3.37896e-07
2.87083e+00  3.35803e-07
2.87066e+00  3.35455e-07
2.86913e+00  3.33447e-07
2.86914e+00  3.32066e-07
2.86575e+00  3.24727e-07
2.86575e+00  3.24723e-07
2.86575e+00  3.24719e-07
2.86574e+00  3.24689e-07
2.86244e+00  3.17507e-07
2.86184e+00  3.16228e-07
2.86108e+00  3.14432e-07
2.85930e+00  3.10388e-07
2.85829e+00  3.07955e-07
2.85660e+00  3.04530e-07
2.85630e+00  3.03381e-07
2.85491e+00  3.00084e-07
2.85423e+00  2.99898e-07
2.85322e+00  2.96563e-07
2.85254e+00  2.95092e-07
2.85153e+00  2.92052e-07
2.85052e+00  2.89763e-07
2.84900e+00  2.86125e-07
2.84833e+00  2.84412e-07
2.84782e+00  2.83119e-07
2.84555e+00  2.77459e-07
2.84479e+00  2.76971e-07
2.84513e+00  2.76627e-07
2.84412e+00  2.73891e-07
2.84344e+00  2.73324e-07
2.84243e+00  2.70284e-07
2.84210e+00  2.69725e-07
2.84218e+00  2.69083e-07
2.84016e+00  2.63950e-07
2.83941e+00  2.62668e-07
2.83890e+00  2.60987e-07
2.83890e+00  2.60879e-07
2.83874e+00  2.60259e-07
2.83806e+00  2.59210e-07
2.83773e+00  2.57818e-07
2.83748e+00  2.57098e-07
2.83672e+00  2.55797e-07
2.83638e+00  2.54845e-07
2.83571e+00  2.53161e-07
2.83538e+00  2.52428e-07
2.83542e+00  2.51789e-07
2.83404e+00  2.49105e-07
2.83303e+00  2.45926e-07
2.83303e+00  2.45723e-07
2.83135e+00  2.42588e-07
2.83085e+00  2.40138e-07
2.83035e+00  2.38502e-07
2.82951e+00  2.36241e-07
2.82884e+00  2.34438e-07
2.82767e+00  2.31494e-07
2.82700e+00  2.30061e-07
2.82675e+00  2.28896e-07
2.82499e+00  2.24692e-07
2.82466e+00  2.24042e-07
2.82474e+00  2.23462e-07
2.82274e+00  2.18203e-07
2.82274e+00  2.18180e-07
2.82274e+00  2.18158e-07
2.82266e+00  2.17808e-07
2.82082e+00  2.12957e-07
2.82065e+00  2.12472e-07
2.82032e+00  2.11857e-07
2.81882e+00  2.07902e-07
2.81798e+00  2.06914e-07
2.81415e+00  2.04740e-07
2.81232e+00  2.04105e-07
2.80467e+00  2.01501e-07
2.80136e+00  2.00252e-07
2.79440e+00  1.97943e-07
2.78978e+00  1.96229e-07
2.78022e+00  1.92805e-07
2.77726e+00  1.91809e-07
2.77529e+00  1.91095e-07
2.76414e+00  1.87256e-07
2.76071e+00  1.86096e-07
2.76006e+00  1.85903e-07
2.75924e+00  1.85557e-07
2.75158e+00  1.83000e-07
2.74637e+00  1.81227e-07
2.74312e+00  1.80142e-07
2.73907e+00  1.78841e-07
2.73842e+00  1.78526e-07
2.73469e+00  1.77329e-07
2.73227e+00  1.76486e-07
2.72807e+00  1.75103e-07
2.72629e+00  1.74559e-07
2.72484e+00  1.74162e-07
2.71936e+00  1.72225e-07
2.71808e+00  1.71869e-07
2.71808e+00  1.71798e-07
2.71776e+00  1.71691e-07
2.70973e+00  1.69115e-07
2.70428e+00  1.67373e-07
2.70140e+00  1.66474e-07
2.69725e+00  1.65100e-07
2.69310e+00  1.63874e-07
2.69024e+00  1.62994e-07
2.68483e+00  1.61315e-07
2.67721e+00  1.58795e-07
2.67698e+00  1.58730e-07
2.67698e+00  1.58713e-07
2.67690e+00  1.58697e-07
2.66110e+00  1.54577e-07
2.65923e+00  1.54062e-07
2.65670e+00  1.53413e-07
2.64548e+00  1.50533e-07
2.64165e+00  1.49538e-07
2.63665e+00  1.48274e-07
2.63293e+00  1.47321e-07
2.62979e+00  1.46595e-07
2.62424e+00  1.45137e-07
2.61676e+00  1.43293e-07
2.61459e+00  1.42760e-07
2.60841e+00  1.41172e-07
2.60702e+00  1.40851e-07
2.59962e+00  1.39025e-07
2.59701e+00  1.38393e-07
2.58995e+00  1.36684e-07
2.58482e+00  1.35388e-07
2.57741e+00  1.33591e-07
2.57322e+00  1.32599e-07
2.57011e+00  1.31846e-07
2.55797e+00  1.28983e-07
2.55645e+00  1.28663e-07
2.55494e+00  1.28396e-07
2.54799e+00  1.26758e-07
2.54799e+00  1.26653e-07
2.54047e+00  1.25037e-07
2.54002e+00  1.24804e-07
2.53866e+00  1.24495e-07
2.53176e+00  1.22932e-07
2.52668e+00  1.21766e-07
2.52339e+00  1.21112e-07
2.51951e+00  1.20157e-07
2.51541e+00  1.19258e-07
2.51240e+00  1.18580e-07
2.50361e+00  1.18066e-07
2.50050e+00  1.17883e-07
2.49444e+00  1.17578e-07
2.48928e+00  1.17309e-07
2.48163e+00  1.16919e-07
2.47488e+00  1.16584e-07
2.46728e+00  1.16198e-07
2.46290e+00  1.15952e-07
2.45374e+00  1.15478e-07
2.44634e+00  1.15144e-07
2.44432e+00  1.14989e-07
2.43998e+00  1.14763e-07
2.43249e+00  1.14383e-07
2.42587e+00  1.14028e-07
2.41856e+00  1.13651e-07
2.41299e+00  1.13346e-07
2.40757e+00  1.13064e-07
2.39621e+00  1.12457e-07
2.39082e+00  1.12224e-07
2.38629e+00  1.11946e-07
2.37137e+00  1.11149e-07
2.36381e+00  1.10747e-07
2.35958e+00  1.10512e-07
2.35348e+00  1.10198e-07
2.34070e+00  1.09515e-07
2.33697e+00  1.09311e-07
2.33572e+00  1.09238e-07
2.33323e+00  1.09108e-07
2.32366e+00  1.08600e-07
2.31810e+00  1.08297e-07
2.31046e+00  1.07888e-07
2.30708e+00  1.07704e-07
2.30061e+00  1.07354e-07
2.28703e+00  1.06650e-07
2.28406e+00  1.06517e-07
2.28135e+00  1.06341e-07
2.26602e+00  1.05497e-07
2.25825e+00  1.05115e-07
2.23380e+00  1.04161e-07
2.23195e+00  1.04194e-07
2.22944e+00  1.04269e-07
2.20452e+00  1.04876e-07
2.19839e+00  1.05028e-07
2.19015e+00  1.05235e-07
2.17587e+00  1.05639e-07
2.16534e+00  1.05856e-07
2.15158e+00  1.06204e-07
2.14722e+00  1.06341e-07
2.13430e+00  1.06650e-07
2.13279e+00  1.06694e-07
2.11895e+00  1.07048e-07
2.11669e+00  1.07087e-07
2.11381e+00  1.07159e-07
2.10072e+00  1.07493e-07
2.09501e+00  1.07671e-07
2.09105e+00  1.07760e-07
2.08487e+00  1.07893e-07
2.07723e+00  1.08118e-07
2.07674e+00  1.08118e-07
2.06914e+00  1.08297e-07
2.06351e+00  1.08477e-07
2.05863e+00  1.08567e-07
2.05352e+00  1.08699e-07
2.04988e+00  1.08837e-07
2.04056e+00  1.09040e-07
2.03803e+00  1.09108e-07
2.03609e+00  1.09150e-07
2.02277e+00  1.09492e-07
2.02265e+00  1.09504e-07
2.02259e+00  1.09504e-07
2.02217e+00  1.09515e-07
2.01501e+00  1.09694e-07
2.01381e+00  1.09742e-07
2.00917e+00  1.09856e-07
2.00739e+00  1.09924e-07
2.00507e+00  1.09958e-07
2.00252e+00  1.10038e-07
1.99980e+00  1.10106e-07
1.99625e+00  1.10198e-07
1.99578e+00  1.10198e-07
1.99224e+00  1.10472e-07
1.98518e+00  1.10976e-07
1.98495e+00  1.11022e-07
1.98448e+00  1.11022e-07
1.97721e+00  1.11576e-07
1.96554e+00  1.12457e-07
1.96319e+00  1.12638e-07
1.96020e+00  1.12877e-07
1.94748e+00  1.13857e-07
1.94184e+00  1.14312e-07
1.93622e+00  1.14763e-07
1.93279e+00  1.15049e-07
1.92708e+00  1.15478e-07
1.92070e+00  1.16006e-07
1.91820e+00  1.16198e-07
1.91282e+00  1.16620e-07
1.91027e+00  1.16874e-07
1.90373e+00  1.17359e-07
1.89965e+00  1.17694e-07
1.88959e+00  1.18531e-07
1.88936e+00  1.18556e-07
1.88914e+00  1.18580e-07
1.87900e+00  1.19443e-07
1.87511e+00  1.19740e-07
1.87023e+00  1.20163e-07
1.86868e+00  1.20312e-07
1.86680e+00  1.20437e-07
1.86096e+00  1.20937e-07
1.85826e+00  1.21150e-07
1.85031e+00  1.21766e-07
1.84692e+00  1.22019e-07
1.83597e+00  1.22462e-07
1.83298e+00  1.22424e-07
1.83060e+00  1.22322e-07
1.82648e+00  1.21766e-07
1.81915e+00  1.18863e-07
1.81883e+00  1.18654e-07
1.81840e+00  1.18409e-07
1.81496e+00  1.15478e-07
1.81335e+00  1.13722e-07
1.81120e+00  1.10747e-07
1.81061e+00  1.09515e-07
1.80992e+00  1.08567e-07
1.80938e+00  1.07470e-07
1.80895e+00  1.06650e-07
1.80863e+00  1.05989e-07
1.80777e+00  1.04334e-07
1.80756e+00  1.03860e-07
1.80735e+00  1.03473e-07
1.80671e+00  1.02492e-07
1.80649e+00  1.01352e-07
1.80638e+00  1.01143e-07
1.80638e+00  1.00954e-07
1.80585e+00  9.98108e-08
1.80542e+00  9.85680e-08
1.80521e+00  9.85374e-08
1.80500e+00  9.84966e-08
1.80521e+00  9.84558e-08
1.80435e+00  9.61186e-08
1.80414e+00  9.59197e-08
1.80425e+00  9.57015e-08
1.80350e+00  9.37592e-08
1.80329e+00  9.34103e-08
1.80334e+00  9.30338e-08
1.80265e+00  9.14577e-08
1.80243e+00  9.09665e-08
1.80246e+00  9.04452e-08
1.80203e+00  8.91711e-08
1.80158e+00  8.85867e-08
1.80163e+00  8.79378e-08
1.80126e+00  8.69688e-08
1.80073e+00  8.62691e-08
1.80083e+00  8.55042e-08
1.80052e+00  8.48164e-08
1.80036e+00  8.40122e-08
1.80009e+00  8.31467e-08
1.79993e+00  8.26916e-08
1.79966e+00  8.18143e-08
1.79924e+00  8.08374e-08
1.79924e+00  8.06367e-08
1.79881e+00  7.96739e-08
1.79865e+00  7.86329e-08
1.79817e+00  7.75895e-08
1.79796e+00  7.66630e-08
1.79732e+00  7.55596e-08
1.79737e+00  7.43873e-08
1.79711e+00  7.35828e-08
1.79691e+00  7.28530e-08
1.79647e+00  7.16578e-08
1.79615e+00  7.03782e-08
1.79573e+00  6.92504e-08
1.79541e+00  6.79574e-08
1.79498e+00  6.65920e-08
1.79456e+00  6.58241e-08
1.79392e+00  6.44482e-08
1.79371e+00  6.29965e-08
1.79360e+00  6.25415e-08
1.79307e+00  6.11201e-08
1.79275e+00  5.96322e-08
1.79267e+00  5.94195e-08
1.79201e+00  5.79639e-08
1.79180e+00  5.67170e-08
1.79159e+00  5.64709e-08
1.79138e+00  5.64475e-08
1.79159e+00  5.64241e-08
1.79116e+00  5.49707e-08
1.79116e+00  5.49025e-08
1.79074e+00  5.36436e-08
1.79053e+00  5.35326e-08
1.79063e+00  5.34108e-08
1.79021e+00  5.22943e-08
1.79021e+00  5.21321e-08
1.79013e+00  5.19623e-08
1.78979e+00  5.09684e-08
1.78968e+00  5.07682e-08
1.78947e+00  5.05375e-08
1.78931e+00  4.96813e-08
1.78883e+00  4.94401e-08
1.78885e+00  4.84254e-08
1.78862e+00  4.81466e-08
1.78862e+00  4.78484e-08
1.78799e+00  4.68870e-08
1.78778e+00  4.60212e-08
1.78778e+00  4.56604e-08
1.78762e+00  4.52884e-08
1.78714e+00  4.44658e-08
1.78715e+00  4.40636e-08
1.78693e+00  4.37170e-08
1.78682e+00  4.33025e-08
1.78651e+00  4.28564e-08
1.78651e+00  4.26086e-08
1.78629e+00  4.21697e-08
1.78608e+00  4.17007e-08
1.78608e+00  4.15283e-08
1.78590e+00  4.10664e-08
1.78566e+00  4.05761e-08
1.78555e+00  4.04837e-08
1.78524e+00  3.99921e-08
1.78513e+00  3.94736e-08
1.78513e+00  3.94573e-08
1.78460e+00  3.89458e-08
1.78471e+00  3.84569e-08
1.78471e+00  3.84091e-08
1.78439e+00  3.79269e-08
1.78423e+00  3.74857e-08
1.78421e+00  3.73675e-08
1.78376e+00  3.69347e-08
1.78381e+00  3.65353e-08
1.78355e+00  3.63428e-08
1.78355e+00  3.59684e-08
1.78344e+00  3.58568e-08
1.78336e+00  3.56108e-08
1.78292e+00  3.54948e-08
1.78313e+00  3.53627e-08
1.78313e+00  3.51582e-08
1.78292e+00  3.50274e-08
1.78293e+00  3.47088e-08
1.78270e+00  3.45662e-08
1.78270e+00  3.44090e-08
1.78260e+00  3.41110e-08
1.78228e+00  3.38436e-08
1.78207e+00  3.36619e-08
1.78228e+00  3.34811e-08
1.78207e+00  3.32186e-08
1.78186e+00  3.29855e-08
1.78186e+00  3.27812e-08
1.78176e+00  3.25714e-08
1.78168e+00  3.23496e-08
1.78144e+00  3.21492e-08
1.78123e+00  3.19236e-08
1.78133e+00  3.16930e-08
1.78123e+00  3.15033e-08
1.78102e+00  3.13341e-08
1.78102e+00  3.12563e-08
1.78091e+00  3.10884e-08
1.78086e+00  3.09311e-08
1.78083e+00  3.08335e-08
1.78039e+00  3.06791e-08
1.78060e+00  3.05396e-08
1.78060e+00  3.04134e-08
1.78039e+00  3.02751e-08
1.78044e+00  3.01468e-08
1.78017e+00  2.99880e-08
1.78017e+00  2.98765e-08
1.78017e+00  2.97653e-08
1.78007e+00  2.95870e-08
1.78002e+00  2.94831e-08
1.77999e+00  2.93840e-08
1.77975e+00  2.91793e-08
1.77954e+00  2.90948e-08
1.77975e+00  2.90106e-08
1.77960e+00  2.87862e-08
1.77954e+00  2.87117e-08
1.77955e+00  2.86401e-08
1.77933e+00  2.83924e-08
1.77933e+00  2.83337e-08
1.77923e+00  2.82809e-08
1.77915e+00  2.80084e-08
1.77912e+00  2.79606e-08
1.77891e+00  2.79259e-08
1.77891e+00  2.76267e-08
1.77870e+00  2.75924e-08
1.77881e+00  2.75638e-08
1.77849e+00  2.72404e-08
1.77849e+00  2.72291e-08
1.77849e+00  2.72178e-08
1.77838e+00  2.68761e-08
1.77838e+00  2.68705e-08
1.77838e+00  2.68650e-08
1.77828e+00  2.66599e-08
1.77366e+00  2.65167e-08
1.77240e+00  2.64725e-08
1.77156e+00  2.64482e-08
1.76842e+00  2.63525e-08
1.76486e+00  2.62435e-08
1.76382e+00  2.62218e-08
1.76246e+00  2.61676e-08
1.75965e+00  2.60918e-08
1.75819e+00  2.60351e-08
1.75549e+00  2.59624e-08
1.75154e+00  2.58337e-08
1.75113e+00  2.58230e-08
1.74720e+00  2.57056e-08
1.74492e+00  2.56285e-08
1.74018e+00  2.54830e-08
1.73894e+00  2.54513e-08
1.73833e+00  2.54303e-08
1.73565e+00  2.53461e-08
1.73176e+00  2.52257e-08
1.73073e+00  2.51996e-08
1.72889e+00  2.51474e-08
1.72521e+00  2.50331e-08
1.72256e+00  2.49503e-08
1.71930e+00  2.48472e-08
1.71869e+00  2.48317e-08
1.71828e+00  2.48163e-08
1.71442e+00  2.47035e-08
1.71219e+00  2.46422e-08
1.70744e+00  2.44895e-08
1.70633e+00  2.44591e-08
1.70320e+00  2.43631e-08
1.69927e+00  2.42448e-08
1.69827e+00  2.42172e-08
1.69646e+00  2.41671e-08
1.69025e+00  2.39776e-08
1.68645e+00  2.38637e-08
1.67551e+00  2.35348e-08
1.67432e+00  2.35056e-08
1.67373e+00  2.34861e-08
1.67091e+00  2.33963e-08
1.66641e+00  2.32731e-08
1.66110e+00  2.31050e-08
1.65854e+00  2.30428e-08
1.65482e+00  2.29286e-08
1.65443e+00  2.29191e-08
1.65092e+00  2.28049e-08
1.64856e+00  2.27394e-08
1.64428e+00  2.26173e-08
1.64316e+00  2.25775e-08
1.63874e+00  2.24447e-08
1.63612e+00  2.23704e-08
1.63544e+00  2.23519e-08
1.63419e+00  2.23195e-08
1.62782e+00  2.21262e-08
1.62378e+00  2.20028e-08
1.62037e+00  2.18960e-08
1.61496e+00  2.17356e-08
1.61307e+00  2.16625e-08
1.61152e+00  2.16188e-08
1.60600e+00  2.14227e-08
1.60013e+00  2.11669e-08
1.59975e+00  2.11491e-08
1.59936e+00  2.11308e-08
1.59417e+00  2.08493e-08
1.59068e+00  2.06132e-08
1.58960e+00  2.05088e-08
1.58767e+00  2.03417e-08
1.58730e+00  2.02997e-08
1.58582e+00  2.01395e-08
1.57700e+00  2.01489e-08
1.57532e+00  2.01697e-08
1.57215e+00  2.02158e-08
1.56787e+00  2.02739e-08
1.56343e+00  2.03396e-08
1.55891e+00  2.04050e-08
1.55476e+00  2.04685e-08
1.55163e+00  2.05195e-08
1.55007e+00  2.05407e-08
1.54495e+00  2.06132e-08
1.54120e+00  2.06730e-08
1.53993e+00  2.06902e-08
1.53756e+00  2.07245e-08
1.53411e+00  2.07760e-08
1.53247e+00  2.08105e-08
1.52831e+00  2.08666e-08
1.52677e+00  2.08882e-08
1.52357e+00  2.09380e-08
1.52253e+00  2.09532e-08
1.52046e+00  2.09880e-08
1.51677e+00  2.10424e-08
1.51489e+00  2.10751e-08
1.51104e+00  2.11318e-08
1.50881e+00  2.11669e-08
1.50622e+00  2.12108e-08
1.50533e+00  2.12284e-08
1.50364e+00  2.12504e-08
1.49769e+00  2.13519e-08
1.49397e+00  2.14050e-08
1.49106e+00  2.14494e-08
1.48898e+00  2.14827e-08
1.48832e+00  2.14938e-08
1.48700e+00  2.15161e-08
1.48270e+00  2.15875e-08
1.47351e+00  2.17356e-08
1.47203e+00  2.17626e-08
1.47151e+00  2.17694e-08
1.47055e+00  2.17852e-08
1.46369e+00  2.19073e-08
1.46041e+00  2.19522e-08
1.45609e+00  2.20256e-08
1.45519e+00  2.20416e-08
1.45428e+00  2.20576e-08
1.44939e+00  2.21445e-08
1.44690e+00  2.21858e-08
1.43879e+00  2.23195e-08
1.43862e+00  2.23287e-08
1.43845e+00  2.23287e-08
1.43828e+00  2.23287e-08
1.43029e+00  2.24673e-08
1.42760e+00  2.25145e-08
1.42237e+00  2.26079e-08
1.42212e+00  2.26126e-08
1.41682e+00  2.27065e-08
1.41398e+00  2.27583e-08
1.40913e+00  2.29191e-08
1.40730e+00  2.29856e-08
1.40613e+00  2.30285e-08
1.40053e+00  2.32418e-08
1.39552e+00  2.34372e-08
1.39453e+00  2.34762e-08
1.39321e+00  2.35348e-08
1.38499e+00  2.38587e-08
1.38196e+00  2.39826e-08
1.37747e+00  2.41671e-08
1.37454e+00  2.42850e-08
1.36951e+00  2.44997e-08
1.36935e+00  2.44997e-08
1.36878e+00  2.45251e-08
1.36417e+00  2.47240e-08
1.36336e+00  2.47650e-08
1.36191e+00  2.48163e-08
1.35901e+00  2.49374e-08
1.35706e+00  2.50214e-08
1.35420e+00  2.51474e-08
1.35388e+00  2.51631e-08
1.35092e+00  2.52884e-08
1.34876e+00  2.53882e-08
1.34653e+00  2.54830e-08
1.34485e+00  2.55623e-08
1.34366e+00  2.56073e-08
1.33874e+00  2.58337e-08
1.33811e+00  2.58551e-08
1.33352e+00  2.60702e-08
1.33273e+00  2.61134e-08
1.33131e+00  2.61676e-08
1.32346e+00  2.65277e-08
1.32056e+00  2.66654e-08
1.31627e+00  2.68705e-08
1.31347e+00  2.70016e-08
1.30866e+00  2.72404e-08
1.30804e+00  2.72629e-08
1.30356e+00  2.74897e-08
1.30279e+00  2.75353e-08
1.30140e+00  2.75924e-08
1.29675e+00  2.78191e-08
1.29373e+00  2.79722e-08
1.28670e+00  2.83337e-08
1.28503e+00  2.84159e-08
1.27866e+00  2.87474e-08
1.27427e+00  2.89866e-08
1.27352e+00  2.90346e-08
1.27217e+00  2.90948e-08
1.26466e+00  2.94953e-08
1.26189e+00  2.96484e-08
1.25512e+00  3.00876e-08
1.24712e+00  3.06791e-08
1.24116e+00  3.11078e-08
1.23625e+00  3.14763e-08
1.22503e+00  3.23496e-08
1.22105e+00  3.26660e-08
1.21766e+00  3.29377e-08
1.20362e+00  3.41110e-08
1.20127e+00  3.43023e-08
1.19935e+00  3.44661e-08
1.19157e+00  3.51582e-08
1.18230e+00  3.59684e-08
1.18181e+00  3.60206e-08
1.18132e+00  3.60570e-08
1.17588e+00  3.65542e-08
1.17212e+00  3.69031e-08
1.17178e+00  3.69347e-08
1.16356e+00  3.77071e-08
1.16260e+00  3.78171e-08
1.16129e+00  3.79269e-08
1.15478e+00  3.85526e-08
1.15301e+00  3.87366e-08
1.15083e+00  3.89458e-08
1.14607e+00  3.93991e-08
1.14349e+00  3.96786e-08
1.14005e+00  3.99921e-08
1.13379e+00  4.06097e-08
1.12884e+00  4.10834e-08
1.12402e+00  4.15433e-08
1.11860e+00  4.21697e-08
1.11516e+00  4.26086e-08
1.11187e+00  4.30343e-08
1.10655e+00  4.37261e-08
1.10348e+00  4.41264e-08
1.10113e+00  4.44658e-08
1.09797e+00  4.48682e-08
1.09515e+00  4.52456e-08
1.09230e+00  4.56604e-08
1.08943e+00  4.60355e-08
1.08689e+00  4.64040e-08
1.08355e+00  4.68870e-08
1.08095e+00  4.72330e-08
1.07869e+00  4.75514e-08
1.07458e+00  4.81466e-08
1.07251e+00  4.84567e-08
1.07055e+00  4.87386e-08
1.06587e+00  4.94401e-08
1.06410e+00  4.97070e-08
1.06247e+00  4.99547e-08
1.05720e+00  5.07682e-08
1.05567e+00  5.09737e-08
1.05445e+00  5.11694e-08
1.04823e+00  5.21321e-08
1.04736e+00  5.22835e-08
1.04649e+00  5.24136e-08
1.03934e+00  5.35326e-08
1.03897e+00  5.35992e-08
1.03860e+00  5.36547e-08
1.03479e+00  5.42694e-08
1.03322e+00  5.45144e-08
1.03076e+00  5.49195e-08
1.03064e+00  5.49480e-08
1.03052e+00  5.49707e-08
1.02650e+00  5.56351e-08
1.02298e+00  5.62025e-08
1.02238e+00  5.63307e-08
1.02147e+00  5.64475e-08
1.01526e+00  5.74850e-08
1.01400e+00  5.77124e-08
1.01262e+00  5.79639e-08
1.00760e+00  5.87830e-08
1.00567e+00  5.91218e-08
1.00330e+00  5.95211e-08
1.00000e+00  6.00909e-08
9.97628e-01  6.06143e-08
9.95513e-01  6.11201e-08
9.92454e-01  6.17803e-08
9.90284e-01  6.22830e-08
9.88206e-01  6.27621e-08
9.84966e-01  6.35206e-08
9.82986e-01  6.39959e-08
9.81126e-01  6.44482e-08
9.77533e-01  6.52946e-08
9.75682e-01  6.57420e-08
9.74069e-01  6.61795e-08
9.70157e-01  6.71112e-08
9.68494e-01  6.75505e-08
9.66833e-01  6.79574e-08
9.62837e-01  6.89712e-08
9.61241e-01  6.93791e-08
9.59879e-01  6.97831e-08
9.55571e-01  7.08755e-08
9.54102e-01  7.12729e-08
9.52636e-01  7.16578e-08
9.48361e-01  7.28248e-08
9.46959e-01  7.32028e-08
9.45559e-01  7.35828e-08
9.41205e-01  7.47967e-08
9.39841e-01  7.51771e-08
9.38480e-01  7.55596e-08
9.34103e-01  7.68060e-08
9.32750e-01  7.71967e-08
9.31398e-01  7.75895e-08
9.27055e-01  7.88694e-08
9.25711e-01  7.92706e-08
9.24370e-01  7.96739e-08
9.20059e-01  8.09714e-08
9.18699e-01  8.13917e-08
9.17341e-01  8.18143e-08
9.13117e-01  8.31079e-08
9.11713e-01  8.35610e-08
9.10311e-01  8.40122e-08
9.06227e-01  8.53097e-08
9.04723e-01  8.57692e-08
9.03175e-01  8.62691e-08
8.99389e-01  8.75289e-08
8.97793e-01  8.80380e-08
8.96201e-01  8.85867e-08
8.92602e-01  8.97641e-08
8.90887e-01  9.03563e-08
8.89123e-01  9.09665e-08
8.85867e-01  9.20658e-08
8.83969e-01  9.27116e-08
8.81996e-01  9.34103e-08
8.79182e-01  9.44022e-08
8.77097e-01  9.51259e-08
8.74927e-01  9.59197e-08
8.72548e-01  9.67577e-08
8.70254e-01  9.75930e-08
8.67811e-01  9.84966e-08
8.65964e-01  9.91926e-08
8.63406e-01  1.00101e-07
8.60626e-01  1.01143e-07
8.60015e-01  1.01384e-07
8.59430e-01  1.01605e-07
8.56585e-01  1.02661e-07
8.53551e-01  1.03860e-07
8.53248e-01  1.03989e-07
8.52945e-01  1.04075e-07
8.49822e-01  1.05289e-07
8.48565e-01  1.05748e-07
8.46509e-01  1.06551e-07
8.46409e-01  1.06606e-07
8.46309e-01  1.06650e-07
8.43309e-01  1.07849e-07
8.43010e-01  1.07939e-07
8.40122e-01  1.09108e-07
8.39625e-01  1.09288e-07
8.39128e-01  1.09515e-07
8.36253e-01  1.10655e-07
8.33782e-01  1.11668e-07
8.31762e-01  1.12457e-07
8.29550e-01  1.13440e-07
8.28177e-01  1.13958e-07
8.27491e-01  1.14218e-07
8.26096e-01  1.14799e-07
8.24558e-01  1.15478e-07
8.24363e-01  1.15526e-07
8.23875e-01  1.15718e-07
8.22755e-01  1.16222e-07
8.21247e-01  1.16819e-07
8.20810e-01  1.17019e-07
8.19402e-01  1.17651e-07
8.18143e-01  1.18139e-07
8.17659e-01  1.18335e-07
8.17175e-01  1.18580e-07
8.16595e-01  1.18826e-07
8.15991e-01  1.19060e-07
8.15050e-01  1.19456e-07
8.14375e-01  1.19815e-07
8.13508e-01  1.20113e-07
8.13412e-01  1.20163e-07
8.12642e-01  1.20512e-07
8.11969e-01  1.20812e-07
8.11537e-01  1.20962e-07
8.10961e-01  1.21238e-07
8.10433e-01  1.21439e-07
8.09654e-01  1.21766e-07
8.09259e-01  1.21955e-07
8.08900e-01  1.22120e-07
8.06033e-01  1.23391e-07
8.05938e-01  1.23442e-07
8.05842e-01  1.23442e-07
8.05508e-01  1.23570e-07
8.04223e-01  1.24160e-07
8.02796e-01  1.24779e-07
8.02559e-01  1.24908e-07
8.02226e-01  1.25037e-07
8.01277e-01  1.25426e-07
8.00851e-01  1.25634e-07
8.00330e-01  1.25869e-07
7.99762e-01  1.26130e-07
7.99170e-01  1.26378e-07
7.98438e-01  1.26706e-07
7.97481e-01  1.27120e-07
7.96738e-01  1.27439e-07
7.95790e-01  1.27862e-07
7.94667e-01  1.28396e-07
7.93727e-01  1.28796e-07
7.92507e-01  1.29411e-07
7.90914e-01  1.30110e-07
7.90727e-01  1.30163e-07
7.89137e-01  1.30920e-07
7.87178e-01  1.31846e-07
7.85829e-01  1.32475e-07
7.84760e-01  1.32941e-07
7.82488e-01  1.34021e-07
7.79761e-01  1.35388e-07
7.79184e-01  1.35598e-07
7.78838e-01  1.35781e-07
7.75940e-01  1.37166e-07
7.75889e-01  1.37191e-07
7.72962e-01  1.38622e-07
7.72184e-01  1.39025e-07
7.69402e-01  1.40472e-07
7.67129e-01  1.41523e-07
7.66131e-01  1.42111e-07
7.64772e-01  1.42760e-07
7.62874e-01  1.43768e-07
7.61341e-01  1.44485e-07
7.59631e-01  1.45446e-07
7.57297e-01  1.46595e-07
7.56306e-01  1.47078e-07
7.55596e-01  1.47444e-07
7.53631e-01  1.48551e-07
7.53074e-01  1.48782e-07
7.50294e-01  1.50253e-07
7.49894e-01  1.50471e-07
7.49850e-01  1.50502e-07
7.49805e-01  1.50533e-07
7.44236e-01  1.53540e-07
7.43443e-01  1.54002e-07
7.42388e-01  1.54577e-07
7.38620e-01  1.56635e-07
7.37026e-01  1.57534e-07
7.34958e-01  1.58730e-07
7.33047e-01  1.59781e-07
7.30708e-01  1.61181e-07
7.27601e-01  1.62926e-07
7.27515e-01  1.62977e-07
7.27494e-01  1.62994e-07
7.24379e-01  1.64861e-07
7.22026e-01  1.66233e-07
7.20148e-01  1.67373e-07
7.18063e-01  1.68590e-07
7.16578e-01  1.69536e-07
7.12687e-01  1.71869e-07
7.11823e-01  1.72422e-07
7.07163e-01  1.75302e-07
7.05804e-01  1.76157e-07
7.05595e-01  1.76303e-07
7.05303e-01  1.76486e-07
6.95193e-01  1.83000e-07
6.93303e-01  1.84331e-07
6.90519e-01  1.86096e-07
6.84741e-01  1.89981e-07
6.81104e-01  1.92605e-07
6.79574e-01  1.93565e-07
6.75720e-01  1.96229e-07
6.75005e-01  1.96799e-07
6.74446e-01  1.97125e-07
6.72056e-01  1.98847e-07
6.71976e-01  1.98930e-07
6.71619e-01  1.99136e-07
6.69357e-01  2.00792e-07
6.68961e-01  2.01084e-07
6.68328e-01  2.01501e-07
6.64306e-01  2.04443e-07
6.62971e-01  2.05462e-07
6.61013e-01  2.06914e-07
6.59294e-01  2.08203e-07
6.57035e-01  2.09935e-07
6.55908e-01  2.10676e-07
6.54319e-01  2.11901e-07
6.54004e-01  2.12115e-07
6.53545e-01  2.12472e-07
6.51055e-01  2.14395e-07
6.49843e-01  2.15308e-07
6.49382e-01  2.15659e-07
6.48115e-01  2.16694e-07
6.46927e-01  2.17594e-07
6.46162e-01  2.18180e-07
6.45168e-01  2.18995e-07
6.44482e-01  2.19540e-07
6.41305e-01  2.21986e-07
6.39619e-01  2.23393e-07
6.39278e-01  2.23625e-07
6.38862e-01  2.24042e-07
6.36372e-01  2.25999e-07
6.34792e-01  2.27216e-07
6.33432e-01  2.28340e-07
6.31346e-01  2.30061e-07
6.30562e-01  2.30776e-07
6.30002e-01  2.31303e-07
6.27844e-01  2.33420e-07
6.26211e-01  2.34972e-07
6.25248e-01  2.35948e-07
6.24916e-01  2.36241e-07
6.22406e-01  2.38750e-07
6.20531e-01  2.40686e-07
6.18624e-01  2.42588e-07
6.17014e-01  2.44199e-07
6.15848e-01  2.45405e-07
6.12323e-01  2.49105e-07
6.11708e-01  2.49828e-07
6.11201e-01  2.50294e-07
6.08099e-01  2.53581e-07
6.06589e-01  2.55267e-07
6.06159e-01  2.55797e-07
6.01087e-01  2.61258e-07
5.97470e-01  2.65403e-07
5.93663e-01  2.69725e-07
5.90650e-01  2.73211e-07
5.88487e-01  2.75769e-07
5.87513e-01  2.76971e-07
5.85500e-01  2.79391e-07
5.84461e-01  2.80667e-07
5.84046e-01  2.81117e-07
5.83088e-01  2.82284e-07
5.82924e-01  2.82504e-07
5.81839e-01  2.83823e-07
5.81426e-01  2.84412e-07
5.80395e-01  2.85710e-07
5.79639e-01  2.86659e-07
5.78406e-01  2.88207e-07
5.77824e-01  2.88864e-07
5.77448e-01  2.89343e-07
5.75402e-01  2.92052e-07
5.75334e-01  2.92173e-07
5.75266e-01  2.92173e-07
5.75198e-01  2.92173e-07
5.72752e-01  2.95337e-07
5.70925e-01  2.97663e-07
5.70216e-01  2.98597e-07
5.69238e-01  2.99898e-07
5.68767e-01  3.00520e-07
5.67758e-01  3.02017e-07
5.66617e-01  3.03365e-07
5.66215e-01  3.03900e-07
5.65210e-01  3.05288e-07
5.63274e-01  3.07955e-07
5.62708e-01  3.08657e-07
5.62341e-01  3.09169e-07
5.60232e-01  3.12032e-07
5.60216e-01  3.12056e-07
5.60212e-01  3.12056e-07
5.58098e-01  3.15051e-07
5.57240e-01  3.16228e-07
5.55265e-01  3.18991e-07
5.53887e-01  3.20962e-07
5.51269e-01  3.24723e-07
5.50354e-01  3.26062e-07
5.49707e-01  3.27018e-07
5.48343e-01  3.29056e-07
5.47954e-01  3.29738e-07
5.46012e-01  3.32481e-07
5.45560e-01  3.33153e-07
5.45495e-01  3.33309e-07
5.45430e-01  3.33447e-07
5.43497e-01  3.36360e-07
5.43079e-01  3.36987e-07
5.42437e-01  3.37896e-07
5.41443e-01  3.39439e-07
5.40643e-01  3.40636e-07
5.39524e-01  3.42405e-07
5.37357e-01  3.45754e-07
5.35829e-01  3.48116e-07
5.33681e-01  3.51603e-07
5.33303e-01  3.52150e-07
5.32554e-01  3.53337e-07
5.31098e-01  3.55852e-07
5.29278e-01  3.58654e-07
5.27902e-01  3.61049e-07
5.26343e-01  3.63600e-07
5.25285e-01  3.65412e-07
5.24974e-01  3.65866e-07
5.23981e-01  3.67537e-07
5.23299e-01  3.68757e-07
5.22054e-01  3.70748e-07
5.21630e-01  3.71517e-07
5.21321e-01  3.72133e-07
5.19727e-01  3.74743e-07
5.19289e-01  3.75540e-07
5.19228e-01  3.75695e-07
5.17387e-01  3.78818e-07
5.16959e-01  3.79606e-07
5.16347e-01  3.80708e-07
5.14639e-01  3.83716e-07
5.13483e-01  3.85748e-07
5.12330e-01  3.87871e-07
5.10696e-01  3.90936e-07
5.10031e-01  3.92071e-07
5.09609e-01  3.92802e-07
5.07743e-01  3.96316e-07
5.07682e-01  3.96398e-07
5.07472e-01  3.96727e-07
5.05763e-01  3.99944e-07
5.04986e-01  4.01438e-07
5.03196e-01  4.04945e-07
5.01947e-01  4.07300e-07
4.99569e-01  4.12222e-07
4.98808e-01  4.14105e-07
4.98160e-01  4.15479e-07
4.94752e-01  4.23297e-07
4.94510e-01  4.23625e-07
4.94401e-01  4.23911e-07
4.93611e-01  4.25670e-07
4.92386e-01  4.28501e-07
4.92240e-01  4.28945e-07
4.90670e-01  4.32507e-07
4.90293e-01  4.33499e-07
4.89858e-01  4.34668e-07
4.88815e-01  4.37015e-07
4.88179e-01  4.38466e-07
4.87371e-01  4.40468e-07
4.86968e-01  4.41381e-07
4.86104e-01  4.43581e-07
4.85127e-01  4.45883e-07
4.85012e-01  4.46345e-07
4.84037e-01  4.48755e-07
4.83293e-01  4.50338e-07
4.82493e-01  4.52301e-07
4.81908e-01  4.53755e-07
4.81466e-01  4.54885e-07
4.80086e-01  4.58336e-07
4.79845e-01  4.59001e-07
4.79646e-01  4.59453e-07
4.78229e-01  4.63107e-07
4.77777e-01  4.64260e-07
4.76027e-01  4.68898e-07
4.75745e-01  4.69675e-07
4.75323e-01  4.70649e-07
4.73723e-01  4.75155e-07
4.72435e-01  4.78314e-07
4.71639e-01  4.80449e-07
4.70594e-01  4.83293e-07
4.69620e-01  4.86003e-07
4.68870e-01  4.87919e-07
4.67596e-01  4.91571e-07
4.65883e-01  4.96276e-07
4.65608e-01  4.97305e-07
4.65332e-01  4.97821e-07
4.63738e-01  5.02274e-07
4.63546e-01  5.02794e-07
4.63518e-01  5.02898e-07
4.61821e-01  5.07818e-07
4.61548e-01  5.08554e-07
4.61275e-01  5.09609e-07
4.60075e-01  5.12891e-07
4.59586e-01  5.14487e-07
4.58336e-01  5.18015e-07
4.57564e-01  5.20219e-07
4.56550e-01  5.23299e-07
4.54878e-01  5.28308e-07
4.53641e-01  5.32262e-07
4.51980e-01  5.37357e-07
4.51653e-01  5.38220e-07
4.51445e-01  5.38918e-07
4.50005e-01  5.43401e-07
4.49712e-01  5.44415e-07
4.48039e-01  5.49740e-07
4.47774e-01  5.50651e-07
4.47377e-01  5.51793e-07
4.45811e-01  5.56816e-07
4.42873e-01  5.66617e-07
4.41982e-01  5.69676e-07
4.41303e-01  5.71745e-07
4.38129e-01  5.82562e-07
4.36951e-01  5.86618e-07
4.34668e-01  5.94753e-07
4.34334e-01  5.95863e-07
4.33949e-01  5.97470e-07
4.31388e-01  6.06414e-07
4.30566e-01  6.09436e-07
4.29453e-01  6.13520e-07
4.28133e-01  6.18496e-07
4.26868e-01  6.23512e-07
4.25054e-01  6.30002e-07
4.24903e-01  6.30786e-07
4.23146e-01  6.37616e-07
4.21697e-01  6.43053e-07
4.20693e-01  6.46927e-07
4.19457e-01  6.52038e-07
4.18614e-01  6.55559e-07
4.18515e-01  6.55831e-07
4.17612e-01  6.59303e-07
4.16933e-01  6.62040e-07
4.16439e-01  6.64306e-07
4.15799e-01  6.66787e-07
4.15357e-01  6.68585e-07
4.14277e-01  6.73170e-07
4.13976e-01  6.74252e-07
4.12564e-01  6.80178e-07
4.12222e-01  6.81570e-07
4.12174e-01  6.81870e-07
4.12125e-01  6.82153e-07
4.09112e-01  6.94987e-07
4.08580e-01  6.97294e-07
4.07855e-01  7.00478e-07
4.06025e-01  7.08503e-07
4.05017e-01  7.13067e-07
4.03629e-01  7.19296e-07
4.02961e-01  7.22273e-07
4.01485e-01  7.29196e-07
4.01201e-01  7.30405e-07
3.99921e-01  7.36481e-07
3.99448e-01  7.38620e-07
3.97985e-01  7.45690e-07
3.96903e-01  7.51894e-07
3.95754e-01  7.58463e-07
3.94795e-01  7.64455e-07
3.93908e-01  7.69539e-07
3.92326e-01  7.78838e-07
3.91572e-01  7.83287e-07
3.90936e-01  7.87190e-07
3.88899e-01  7.99761e-07
3.88422e-01  8.02915e-07
3.85514e-01  8.21247e-07
3.85058e-01  8.24314e-07
3.82155e-01  8.43287e-07
3.82151e-01  8.43298e-07
3.79269e-01  8.62921e-07
3.78865e-01  8.65964e-07
3.76007e-01  8.85919e-07
3.73567e-01  9.03312e-07
3.72243e-01  9.13117e-07
3.69937e-01  9.30489e-07
3.67951e-01  9.45839e-07
3.65780e-01  9.62837e-07
3.63963e-01  9.77277e-07
3.62419e-01  9.89932e-07
3.59429e-01  1.01526e-06
3.58112e-01  1.02668e-06
3.56970e-01  1.03630e-06
3.53188e-01  1.07055e-06
3.52332e-01  1.07833e-06
3.51603e-01  1.08472e-06
3.47055e-01  1.12884e-06
3.46635e-01  1.13247e-06
3.46317e-01  1.13537e-06
3.43826e-01  1.16060e-06
3.42202e-01  1.17707e-06
3.41110e-01  1.18883e-06
3.41027e-01  1.18929e-06
3.40929e-01  1.19030e-06
3.35982e-01  1.24425e-06
3.35545e-01  1.24941e-06
3.34989e-01  1.25512e-06
3.30931e-01  1.30168e-06
3.30109e-01  1.31200e-06
3.29134e-01  1.32346e-06
3.25955e-01  1.36225e-06
3.24762e-01  1.37772e-06
3.23419e-01  1.39552e-06
3.21055e-01  1.42561e-06
3.19501e-01  1.44673e-06
3.17691e-01  1.47151e-06
3.16228e-01  1.49176e-06
3.14697e-01  1.52551e-06
3.13470e-01  1.55163e-06
3.11474e-01  1.59588e-06
3.10498e-01  1.61826e-06
3.09782e-01  1.63612e-06
3.09123e-01  1.65076e-06
3.08447e-01  1.66725e-06
3.07918e-01  1.68008e-06
3.06791e-01  1.70744e-06
3.06392e-01  1.71737e-06
3.06061e-01  1.72521e-06
3.04476e-01  1.76551e-06
3.04368e-01  1.76936e-06
3.03361e-01  1.79445e-06
3.02429e-01  1.81915e-06
3.02317e-01  1.82207e-06
3.02178e-01  1.82594e-06
3.00680e-01  1.86802e-06
3.00307e-01  1.87694e-06
2.99898e-01  1.88820e-06
2.99313e-01  1.90514e-06
2.98835e-01  1.91820e-06
2.98305e-01  1.93336e-06
2.97635e-01  1.95268e-06
2.97055e-01  1.96974e-06
2.96335e-01  1.99189e-06
2.95389e-01  2.02014e-06
2.95319e-01  2.02265e-06
2.94341e-01  2.05131e-06
2.93160e-01  2.08820e-06
2.91767e-01  2.13279e-06
2.90432e-01  2.17652e-06
2.88753e-01  2.23314e-06
2.88309e-01  2.24892e-06
2.86570e-01  2.30921e-06
2.86540e-01  2.31029e-06
2.84883e-01  2.37137e-06
2.84664e-01  2.37875e-06
2.84412e-01  2.38813e-06
2.82767e-01  2.45026e-06
2.82266e-01  2.46910e-06
2.81448e-01  2.50050e-06
2.80899e-01  2.52443e-06
2.80136e-01  2.55269e-06
2.79804e-01  2.56767e-06
2.78994e-01  2.59924e-06
2.78335e-01  2.62630e-06
2.78088e-01  2.63665e-06
2.78022e-01  2.63993e-06
2.77135e-01  2.67737e-06
2.76431e-01  2.70748e-06
2.75924e-01  2.72944e-06
2.75304e-01  2.75842e-06
2.74816e-01  2.78022e-06
2.73842e-01  2.82191e-06
2.73445e-01  2.84046e-06
2.73130e-01  2.85491e-06
2.71776e-01  2.91828e-06
2.71615e-01  2.92554e-06
2.71486e-01  2.93160e-06
2.70396e-01  2.98429e-06
2.69917e-01  3.01036e-06
2.69821e-01  3.01410e-06
2.69725e-01  3.01723e-06
2.68261e-01  3.09123e-06
2.68003e-01  3.10390e-06
2.67690e-01  3.12082e-06
2.66221e-01  3.19737e-06
2.65104e-01  3.25955e-06
2.64446e-01  3.29348e-06
2.63665e-01  3.33570e-06
2.62700e-01  3.39318e-06
2.61892e-01  3.43704e-06
2.60918e-01  3.49373e-06
2.59701e-01  3.56685e-06
2.59179e-01  3.59875e-06
2.58781e-01  3.62419e-06
2.57467e-01  3.70770e-06
2.55797e-01  3.81362e-06
2.55674e-01  3.82153e-06
2.55222e-01  3.85172e-06
2.54032e-01  3.93314e-06
2.52638e-01  4.02961e-06
2.51951e-01  4.07831e-06
2.50635e-01  4.17185e-06
2.49562e-01  4.24903e-06
2.48163e-01  4.35144e-06
2.47254e-01  4.42322e-06
2.46465e-01  4.48039e-06
2.45563e-01  4.55335e-06
2.44432e-01  4.64191e-06
2.43883e-01  4.68731e-06
2.43450e-01  4.72435e-06
2.42588e-01  4.79334e-06
2.42215e-01  4.82521e-06
2.41899e-01  4.85127e-06
2.41671e-01  4.87090e-06
2.41384e-01  4.89561e-06
2.41156e-01  4.91600e-06
2.40757e-01  4.95074e-06
2.40572e-01  4.96820e-06
2.40401e-01  4.98159e-06
2.39847e-01  5.03032e-06
2.39762e-01  5.04180e-06
2.39677e-01  5.04806e-06
2.38940e-01  5.11330e-06
2.38926e-01  5.11436e-06
2.38912e-01  5.11542e-06
2.38743e-01  5.13028e-06
2.38517e-01  5.15157e-06
2.38488e-01  5.15344e-06
2.38206e-01  5.18368e-06
2.38122e-01  5.19012e-06
2.38037e-01  5.19550e-06
2.37418e-01  5.25285e-06
2.37292e-01  5.26483e-06
2.37137e-01  5.28121e-06
2.35962e-01  5.39396e-06
2.35676e-01  5.42028e-06
2.35348e-01  5.45208e-06
2.34514e-01  5.53887e-06
2.34067e-01  5.58003e-06
2.33572e-01  5.63082e-06
2.33017e-01  5.68767e-06
2.32497e-01  5.74687e-06
2.31810e-01  5.81512e-06
2.31577e-01  5.84046e-06
2.30906e-01  5.91594e-06
2.30061e-01  6.00482e-06
2.29327e-01  6.08999e-06
2.28703e-01  6.15848e-06
2.27758e-01  6.26915e-06
2.26602e-01  6.40565e-06
2.26200e-01  6.45359e-06
2.25906e-01  6.49381e-06
2.24652e-01  6.64345e-06
2.24453e-01  6.66827e-06
2.23195e-01  6.82900e-06
2.23129e-01  6.84032e-06
2.23063e-01  6.84741e-06
2.22378e-01  6.93590e-06
2.21603e-01  7.04156e-06
2.21511e-01  7.05178e-06
2.20308e-01  7.22025e-06
2.20087e-01  7.24872e-06
2.19839e-01  7.28333e-06
2.18956e-01  7.41422e-06
2.18581e-01  7.46198e-06
2.18180e-01  7.52249e-06
2.17549e-01  7.61340e-06
2.17086e-01  7.68151e-06
2.16534e-01  7.76549e-06
2.16201e-01  7.81793e-06
2.15607e-01  7.90832e-06
2.14900e-01  8.01965e-06
2.14849e-01  8.02796e-06
2.14541e-01  8.07507e-06
2.14132e-01  8.14098e-06
2.13531e-01  8.24363e-06
2.13279e-01  8.28127e-06
2.12671e-01  8.38092e-06
2.12168e-01  8.46509e-06
2.11669e-01  8.54955e-06
2.11216e-01  8.62748e-06
2.10844e-01  8.69250e-06
2.10072e-01  8.82857e-06
2.09773e-01  8.88164e-06
2.09526e-01  8.92602e-06
2.09055e-01  9.01146e-06
2.08487e-01  9.11659e-06
2.08364e-01  9.14685e-06
2.08240e-01  9.16581e-06
2.07699e-01  9.26410e-06
2.07637e-01  9.27850e-06
2.07576e-01  9.28811e-06
2.07281e-01  9.34600e-06
2.06938e-01  9.40815e-06
2.06963e-01  9.41205e-06
2.06938e-01  9.41595e-06
2.06914e-01  9.41595e-06
2.06278e-01  9.53763e-06
2.06217e-01  9.55147e-06
2.06132e-01  9.56533e-06
2.05632e-01  9.66490e-06
2.05523e-01  9.69296e-06
2.05353e-01  9.72010e-06
2.05013e-01  9.79386e-06
2.04806e-01  9.83247e-06
2.04576e-01  9.87942e-06
2.04359e-01  9.92454e-06
2.04117e-01  9.97813e-06
2.03803e-01  1.00362e-05
2.03081e-01  1.01912e-05
2.02721e-01  1.02717e-05
2.02265e-01  1.03657e-05
2.01835e-01  1.04649e-05
2.01334e-01  1.05739e-05
2.00739e-01  1.07005e-05
2.00537e-01  1.07461e-05
1.99956e-01  1.08850e-05
1.99578e-01  1.09664e-05
1.99295e-01  1.10348e-05
1.99224e-01  1.10485e-05
1.98589e-01  1.12052e-05
1.98049e-01  1.13312e-05
1.97721e-01  1.14018e-05
1.97201e-01  1.15289e-05
1.96764e-01  1.16356e-05
1.96229e-01  1.17665e-05
1.95846e-01  1.18668e-05
1.95534e-01  1.19482e-05
1.94748e-01  1.21453e-05
1.94495e-01  1.22134e-05
1.94276e-01  1.22692e-05
1.93279e-01  1.25337e-05
1.93164e-01  1.25727e-05
1.93050e-01  1.25988e-05
1.91820e-01  1.29346e-05
1.91815e-01  1.29359e-05
1.91815e-01  1.29372e-05
1.91752e-01  1.29533e-05
1.90497e-01  1.33151e-05
1.89383e-01  1.36417e-05
1.88936e-01  1.37766e-05
1.87888e-01  1.41072e-05
1.87023e-01  1.43845e-05
1.86096e-01  1.46794e-05
1.85299e-01  1.49417e-05
1.84648e-01  1.51677e-05
1.83298e-01  1.56334e-05
1.82757e-01  1.58289e-05
1.82303e-01  1.59936e-05
1.80542e-01  1.66493e-05
1.80241e-01  1.67661e-05
1.79988e-01  1.68645e-05
1.79180e-01  1.71854e-05
1.79000e-01  1.72567e-05
1.78883e-01  1.73176e-05
1.77828e-01  1.77350e-05
1.77765e-01  1.77607e-05
1.77723e-01  1.77828e-05
1.77151e-01  1.80182e-05
1.77093e-01  1.80425e-05
1.76612e-01  1.82605e-05
1.76549e-01  1.82832e-05
1.76486e-01  1.83022e-05
1.75466e-01  1.87511e-05
1.75320e-01  1.88131e-05
1.75154e-01  1.88875e-05
1.74368e-01  1.92548e-05
1.74111e-01  1.93628e-05
1.73833e-01  1.94915e-05
1.73524e-01  1.96496e-05
1.73237e-01  1.97721e-05
1.72909e-01  1.99283e-05
1.72521e-01  2.01149e-05
1.72154e-01  2.03033e-05
1.71727e-01  2.05146e-05
1.71219e-01  2.07582e-05
1.71047e-01  2.08487e-05
1.70530e-01  2.11088e-05
1.69968e-01  2.14088e-05
1.69927e-01  2.14221e-05
1.69355e-01  2.17259e-05
1.68875e-01  2.19839e-05
1.68645e-01  2.21072e-05
1.68187e-01  2.23605e-05
1.67809e-01  2.25745e-05
1.67373e-01  2.28142e-05
1.67036e-01  2.30183e-05
1.66730e-01  2.31810e-05
1.66110e-01  2.35390e-05
1.65869e-01  2.36832e-05
1.65678e-01  2.38037e-05
1.64856e-01  2.42918e-05
1.64720e-01  2.43724e-05
1.64613e-01  2.44432e-05
1.63612e-01  2.50687e-05
1.63593e-01  2.50894e-05
1.63574e-01  2.50998e-05
1.63245e-01  2.52982e-05
1.63023e-01  2.54506e-05
1.62512e-01  2.57741e-05
1.62450e-01  2.58142e-05
1.62378e-01  2.58704e-05
1.61898e-01  2.61939e-05
1.61496e-01  2.64665e-05
1.61334e-01  2.65709e-05
1.61152e-01  2.66853e-05
1.60448e-01  2.71776e-05
1.60221e-01  2.73469e-05
1.59936e-01  2.75345e-05
1.59445e-01  2.79077e-05
1.59101e-01  2.81369e-05
1.58730e-01  2.84092e-05
1.58411e-01  2.86574e-05
1.58008e-01  2.89617e-05
1.57532e-01  2.93238e-05
1.57420e-01  2.94273e-05
1.56918e-01  2.98076e-05
1.56658e-01  3.00058e-05
1.56399e-01  3.02178e-05
1.56371e-01  3.02366e-05
1.56343e-01  3.02616e-05
1.55844e-01  3.06845e-05
1.55421e-01  3.10296e-05
1.55301e-01  3.11261e-05
1.55163e-01  3.12295e-05
1.54758e-01  3.15725e-05
1.54422e-01  3.18632e-05
1.54230e-01  3.20352e-05
1.53993e-01  3.22316e-05
1.53692e-01  3.24963e-05
1.53447e-01  3.27192e-05
1.53411e-01  3.27429e-05
1.53175e-01  3.29777e-05
1.52957e-01  3.31558e-05
1.52831e-01  3.32641e-05
1.52632e-01  3.34454e-05
1.52465e-01  3.35982e-05
1.52253e-01  3.37927e-05
1.52104e-01  3.39303e-05
1.52001e-01  3.40465e-05
1.51677e-01  3.43439e-05
1.51588e-01  3.44294e-05
1.51498e-01  3.45008e-05
1.51104e-01  3.48888e-05
1.51059e-01  3.49249e-05
1.51024e-01  3.49611e-05
1.50560e-01  3.54056e-05
1.50569e-01  3.54276e-05
1.50551e-01  3.54423e-05
1.50533e-01  3.54423e-05
1.50017e-01  3.59450e-05
1.49964e-01  3.60046e-05
1.49592e-01  3.63794e-05
1.49499e-01  3.64661e-05
1.49397e-01  3.65758e-05
1.48991e-01  3.70025e-05
1.48656e-01  3.73567e-05
1.48472e-01  3.75350e-05
1.48270e-01  3.77455e-05
1.47692e-01  3.83602e-05
1.47447e-01  3.86313e-05
1.47151e-01  3.89527e-05
1.46768e-01  3.93908e-05
1.46439e-01  3.97678e-05
1.46041e-01  4.02068e-05
1.45829e-01  4.04490e-05
1.45437e-01  4.09378e-05
1.44939e-01  4.14969e-05
1.44922e-01  4.15356e-05
1.44750e-01  4.17253e-05
1.44423e-01  4.21226e-05
1.44015e-01  4.26515e-05
1.43845e-01  4.28462e-05
1.43433e-01  4.33595e-05
1.43089e-01  4.37973e-05
1.42760e-01  4.42165e-05
1.42447e-01  4.46306e-05
1.41682e-01  4.56401e-05
1.41465e-01  4.59341e-05
1.41279e-01  4.61821e-05
1.40497e-01  4.72854e-05
1.39552e-01  4.86363e-05
1.39536e-01  4.86766e-05
1.39519e-01  4.86967e-05
1.39218e-01  4.91069e-05
1.38563e-01  5.00853e-05
1.37747e-01  5.13483e-05
1.37454e-01  5.17969e-05
1.36667e-01  5.30674e-05
1.36014e-01  5.41443e-05
1.35388e-01  5.51801e-05
1.34796e-01  5.62241e-05
1.34287e-01  5.70925e-05
1.33352e-01  5.87965e-05
1.32939e-01  5.95501e-05
1.32589e-01  6.02012e-05
1.32025e-01  6.12958e-05
1.31347e-01  6.26174e-05
1.31114e-01  6.30860e-05
1.30912e-01  6.34792e-05
1.30217e-01  6.49420e-05
1.30094e-01  6.51845e-05
1.29373e-01  6.67004e-05
1.29310e-01  6.68231e-05
1.29281e-01  6.69357e-05
1.28663e-01  6.82374e-05
1.28442e-01  6.87339e-05
1.28419e-01  6.87766e-05
1.28396e-01  6.88336e-05
1.27987e-01  6.97954e-05
1.27639e-01  7.05804e-05
1.27541e-01  7.08000e-05
1.27428e-01  7.10350e-05
1.27094e-01  7.18153e-05
1.26818e-01  7.24765e-05
1.26661e-01  7.28678e-05
1.26466e-01  7.33144e-05
1.26219e-01  7.39166e-05
1.26018e-01  7.44235e-05
1.25765e-01  7.49495e-05
1.25512e-01  7.54010e-05
1.25259e-01  7.58866e-05
1.24949e-01  7.64229e-05
1.24738e-01  7.67957e-05
1.24565e-01  7.71145e-05
1.24233e-01  7.77480e-05
1.23844e-01  7.84760e-05
1.23727e-01  7.87038e-05
1.23625e-01  7.88997e-05
1.23230e-01  7.96879e-05
1.22743e-01  8.05842e-05
1.22714e-01  8.06343e-05
1.22692e-01  8.06844e-05
1.22416e-01  8.12209e-05
1.21766e-01  8.25265e-05
1.21723e-01  8.26463e-05
1.21680e-01  8.27490e-05
1.20847e-01  8.44086e-05
1.20726e-01  8.46734e-05
1.20590e-01  8.49720e-05
1.19935e-01  8.63559e-05
1.19751e-01  8.67862e-05
1.19524e-01  8.72548e-05
1.19030e-01  8.83275e-05
1.18770e-01  8.89149e-05
1.18461e-01  8.95988e-05
1.18132e-01  9.03348e-05
1.17811e-01  9.11335e-05
1.17435e-01  9.20059e-05
1.17241e-01  9.24260e-05
1.16846e-01  9.33688e-05
1.16384e-01  9.44776e-05
1.16356e-01  9.45363e-05
1.16253e-01  9.47715e-05
1.15903e-01  9.56986e-05
1.15478e-01  9.66847e-05
1.15355e-01  9.70157e-05
1.14946e-01  9.80255e-05
1.14607e-01  9.89229e-05
1.14329e-01  9.96219e-05
1.14011e-01  1.00449e-04
1.13742e-01  1.01161e-04
1.13339e-01  1.02298e-04
1.13084e-01  1.02936e-04
1.12884e-01  1.03481e-04
1.12324e-01  1.05046e-04
1.12163e-01  1.05477e-04
1.12032e-01  1.05876e-04
1.11818e-01  1.06448e-04
1.11708e-01  1.06779e-04
1.11332e-01  1.07868e-04
1.11252e-01  1.08092e-04
1.11187e-01  1.08271e-04
1.10806e-01  1.09444e-04
1.10402e-01  1.10577e-04
1.10348e-01  1.10743e-04
1.10344e-01  1.10755e-04
1.10341e-01  1.10766e-04
1.09515e-01  1.13270e-04
1.09450e-01  1.13507e-04
1.09386e-01  1.13742e-04
1.08689e-01  1.15882e-04
1.08557e-01  1.16303e-04
1.08406e-01  1.16798e-04
1.07869e-01  1.18528e-04
1.07677e-01  1.19192e-04
1.07448e-01  1.19935e-04
1.07055e-01  1.21221e-04
1.06795e-01  1.22116e-04
1.06492e-01  1.23157e-04
1.06247e-01  1.24028e-04
1.05933e-01  1.25163e-04
1.05570e-01  1.26466e-04
1.05445e-01  1.26833e-04
1.05065e-01  1.28233e-04
1.04860e-01  1.28952e-04
1.04649e-01  1.29729e-04
1.04625e-01  1.29863e-04
1.04217e-01  1.31433e-04
1.03860e-01  1.32689e-04
1.03688e-01  1.33352e-04
1.03357e-01  1.34629e-04
1.03076e-01  1.35749e-04
1.02772e-01  1.36935e-04
1.02515e-01  1.37952e-04
1.02298e-01  1.38848e-04
1.01860e-01  1.40613e-04
1.01683e-01  1.41372e-04
1.01526e-01  1.42003e-04
1.01274e-01  1.43140e-04
1.00975e-01  1.44391e-04
1.00853e-01  1.44855e-04
1.00760e-01  1.45291e-04
1.00516e-01  1.46317e-04
1.00445e-01  1.46651e-04
1.00379e-01  1.46894e-04
1.00071e-01  1.48270e-04
1.00036e-01  1.48454e-04
1.00000e-01  1.48577e-04
1.00000e-01  1.50248e-04
1.00000e-01  1.52253e-04
1.00000e-01  1.56343e-04
1.00000e-01  1.64856e-04
