# ATLAS \\(2022)  (HNLimits id: atlas_2022)
# Source: mhostert/Heavy-Neutrino-Limits sheet Umu4
# Flavor: Umu
# Format: blank line separates "bottom" and "top" curves.
# mass_GeV  U2
# bottom
1.28519e+01  4.94757e-07
1.28511e+01  4.93962e-07
1.28400e+01  4.83821e-07
1.28333e+01  4.78527e-07
1.28274e+01  4.73888e-07
1.28148e+01  4.65208e-07
1.28133e+01  4.64159e-07
1.27975e+01  4.54630e-07
1.27963e+01  4.53969e-07
1.27801e+01  4.45296e-07
1.27778e+01  4.44192e-07
1.27608e+01  4.36154e-07
1.27593e+01  4.35467e-07
1.27407e+01  4.27598e-07
1.27398e+01  4.27199e-07
1.27222e+01  4.20478e-07
1.27168e+01  4.18429e-07
1.27037e+01  4.13908e-07
1.26917e+01  4.09838e-07
1.26852e+01  4.07780e-07
1.26667e+01  4.02057e-07
1.26646e+01  4.01424e-07
1.26481e+01  3.96783e-07
1.26352e+01  3.93183e-07
1.26296e+01  3.91748e-07
1.26111e+01  3.87032e-07
1.26035e+01  3.85111e-07
1.25926e+01  3.82569e-07
1.25741e+01  3.78296e-07
1.25693e+01  3.77204e-07
1.25556e+01  3.74282e-07
1.25370e+01  3.70393e-07
1.25326e+01  3.69460e-07
1.25185e+01  3.66735e-07
1.25000e+01  3.63180e-07
1.24930e+01  3.61875e-07
1.24815e+01  3.59867e-07
1.24630e+01  3.56801e-07
1.24480e+01  3.54446e-07
1.24444e+01  3.53930e-07
1.24259e+01  3.51347e-07
1.24074e+01  3.48908e-07
1.23934e+01  3.47169e-07
1.23889e+01  3.46641e-07
1.23704e+01  3.44603e-07
1.23519e+01  3.42689e-07
1.23333e+01  3.40895e-07
1.23239e+01  3.40041e-07
1.23148e+01  3.39265e-07
1.22963e+01  3.37790e-07
1.22778e+01  3.36418e-07
1.22593e+01  3.35145e-07
1.22407e+01  3.33969e-07
1.22252e+01  3.33060e-07
1.22222e+01  3.32896e-07
1.22037e+01  3.31960e-07
1.21852e+01  3.31106e-07
1.21667e+01  3.30331e-07
1.21481e+01  3.29633e-07
1.21296e+01  3.29009e-07
1.21111e+01  3.28456e-07
1.20926e+01  3.27971e-07
1.20741e+01  3.27553e-07
1.20556e+01  3.27198e-07
1.20370e+01  3.26904e-07
1.20185e+01  3.26668e-07
1.20000e+01  3.26488e-07
1.19815e+01  3.26362e-07
1.19630e+01  3.26288e-07
1.19444e+01  3.26262e-07
1.19259e+01  3.26283e-07
1.19074e+01  3.26349e-07
1.18889e+01  3.26458e-07
1.18704e+01  3.26607e-07
1.18519e+01  3.26794e-07
1.18333e+01  3.27018e-07
1.18148e+01  3.27276e-07
1.17963e+01  3.27567e-07
1.17778e+01  3.27888e-07
1.17593e+01  3.28237e-07
1.17407e+01  3.28609e-07
1.17222e+01  3.29000e-07
1.17037e+01  3.29410e-07
1.16852e+01  3.29838e-07
1.16667e+01  3.30285e-07
1.16481e+01  3.30748e-07
1.16296e+01  3.31229e-07
1.16111e+01  3.31726e-07
1.15926e+01  3.32238e-07
1.15741e+01  3.32766e-07
1.15556e+01  3.33323e-07
1.15370e+01  3.33912e-07
1.15185e+01  3.34516e-07
1.15000e+01  3.35134e-07
1.14815e+01  3.35765e-07
1.14630e+01  3.36410e-07
1.14444e+01  3.37067e-07
1.14259e+01  3.37737e-07
1.14074e+01  3.38419e-07
1.13889e+01  3.39112e-07
1.13704e+01  3.39817e-07
1.13519e+01  3.40560e-07
1.13333e+01  3.41327e-07
1.13148e+01  3.42104e-07
1.12963e+01  3.42891e-07
1.12778e+01  3.43688e-07
1.12593e+01  3.44495e-07
1.12407e+01  3.45311e-07
1.12222e+01  3.46135e-07
1.12037e+01  3.46968e-07
1.11852e+01  3.47845e-07
1.11667e+01  3.48741e-07
1.11481e+01  3.49645e-07
1.11296e+01  3.50556e-07
1.11111e+01  3.51475e-07
1.10926e+01  3.52400e-07
1.10741e+01  3.53332e-07
1.10556e+01  3.54271e-07
1.10521e+01  3.54446e-07
1.10370e+01  3.55257e-07
1.10185e+01  3.56260e-07
1.10000e+01  3.57267e-07
1.09815e+01  3.58281e-07
1.09630e+01  3.59299e-07
1.09444e+01  3.60323e-07
1.09259e+01  3.61351e-07
1.09074e+01  3.62411e-07
1.08889e+01  3.63504e-07
1.08704e+01  3.64600e-07
1.08519e+01  3.65701e-07
1.08333e+01  3.66805e-07
1.08148e+01  3.67913e-07
1.07963e+01  3.69023e-07
1.07778e+01  3.70174e-07
1.07593e+01  3.71351e-07
1.07407e+01  3.72532e-07
1.07222e+01  3.73714e-07
1.07037e+01  3.74898e-07
1.06852e+01  3.76085e-07
1.06667e+01  3.77278e-07
1.06481e+01  3.78544e-07
1.06296e+01  3.79812e-07
1.06111e+01  3.81082e-07
1.05926e+01  3.82353e-07
1.05741e+01  3.83625e-07
1.05556e+01  3.84898e-07
1.05370e+01  3.86243e-07
1.05185e+01  3.87603e-07
1.05000e+01  3.88964e-07
1.04815e+01  3.90326e-07
1.04630e+01  3.91688e-07
1.04444e+01  3.93051e-07
1.04259e+01  3.94496e-07
1.04074e+01  3.95951e-07
1.03889e+01  3.97406e-07
1.03704e+01  3.98862e-07
1.03519e+01  4.00317e-07
1.03378e+01  4.01424e-07
1.03333e+01  4.01795e-07
1.03148e+01  4.03349e-07
1.02963e+01  4.04902e-07
1.02778e+01  4.06454e-07
1.02593e+01  4.08007e-07
1.02407e+01  4.09559e-07
1.02222e+01  4.11189e-07
1.02037e+01  4.12808e-07
1.01852e+01  4.14369e-07
1.01667e+01  4.15866e-07
1.01481e+01  4.17302e-07
1.01296e+01  4.18690e-07
1.01111e+01  4.20071e-07
1.00926e+01  4.21398e-07
1.00741e+01  4.22692e-07
1.00556e+01  4.23982e-07
1.00370e+01  4.25269e-07
1.00185e+01  4.26553e-07
1.00000e+01  4.27865e-07
9.98148e+00  4.29268e-07
9.96296e+00  4.30785e-07
9.94444e+00  4.32410e-07
9.92593e+00  4.34136e-07
9.90741e+00  4.35958e-07
9.88889e+00  4.37955e-07
9.87037e+00  4.39987e-07
9.85185e+00  4.42022e-07
9.83333e+00  4.44059e-07
9.81481e+00  4.46130e-07
9.79630e+00  4.48254e-07
9.77778e+00  4.50378e-07
9.75926e+00  4.52501e-07
9.74074e+00  4.54626e-07
9.72222e+00  4.56838e-07
9.70370e+00  4.59049e-07
9.68519e+00  4.61259e-07
9.66667e+00  4.63470e-07
9.64815e+00  4.65741e-07
9.62963e+00  4.68038e-07
9.61111e+00  4.70337e-07
9.59259e+00  4.72636e-07
9.57407e+00  4.74975e-07
9.55556e+00  4.77383e-07
9.53704e+00  4.79791e-07
9.51852e+00  4.82199e-07
9.50000e+00  4.84648e-07
9.48148e+00  4.87180e-07
9.46296e+00  4.89711e-07
9.44444e+00  4.92243e-07
9.42593e+00  4.94814e-07
9.40741e+00  4.97471e-07
9.38889e+00  5.00126e-07
9.37037e+00  5.02779e-07
9.35967e+00  5.04316e-07
9.35185e+00  5.05486e-07
9.33333e+00  5.08268e-07
9.31481e+00  5.11046e-07
9.29630e+00  5.13821e-07
9.28920e+00  5.14887e-07
9.27778e+00  5.16677e-07
9.25926e+00  5.19582e-07
9.24074e+00  5.22482e-07
9.22222e+00  5.25377e-07
9.22030e+00  5.25679e-07
9.20370e+00  5.28395e-07
9.18519e+00  5.31423e-07
9.16667e+00  5.34443e-07
9.15284e+00  5.36698e-07
9.14815e+00  5.37495e-07
9.12963e+00  5.40651e-07
9.11111e+00  5.43799e-07
9.09259e+00  5.46938e-07
9.08665e+00  5.47947e-07
9.07407e+00  5.50174e-07
9.05556e+00  5.53451e-07
9.03704e+00  5.56718e-07
9.02162e+00  5.59433e-07
9.01852e+00  5.60001e-07
9.00000e+00  5.63408e-07
8.98148e+00  5.66804e-07
8.96296e+00  5.70187e-07
8.95765e+00  5.71159e-07
8.94444e+00  5.73677e-07
8.92593e+00  5.77202e-07
8.90741e+00  5.80714e-07
8.89464e+00  5.83131e-07
8.88889e+00  5.84265e-07
8.87037e+00  5.87921e-07
8.85185e+00  5.91562e-07
8.83333e+00  5.95186e-07
8.83248e+00  5.95353e-07
8.81481e+00  5.98966e-07
8.79630e+00  6.02737e-07
8.77778e+00  6.06490e-07
8.77116e+00  6.07832e-07
8.75926e+00  6.10345e-07
8.74074e+00  6.14246e-07
8.72222e+00  6.18129e-07
8.71054e+00  6.20573e-07
8.70370e+00  6.22062e-07
8.68519e+00  6.26096e-07
8.66667e+00  6.30108e-07
8.65057e+00  6.33580e-07
8.64815e+00  6.34124e-07
8.62963e+00  6.38290e-07
8.61111e+00  6.42433e-07
8.59259e+00  6.46552e-07
8.59121e+00  6.46861e-07
8.57407e+00  6.50836e-07
8.55556e+00  6.55110e-07
8.53704e+00  6.59358e-07
8.53241e+00  6.60419e-07
8.51852e+00  6.63737e-07
8.50000e+00  6.68142e-07
8.48148e+00  6.72519e-07
8.47410e+00  6.74262e-07
8.46296e+00  6.76999e-07
8.44444e+00  6.81535e-07
8.42593e+00  6.86042e-07
8.41624e+00  6.88395e-07
8.40741e+00  6.90625e-07
8.38889e+00  6.95293e-07
8.37037e+00  6.99929e-07
8.35877e+00  7.02824e-07
8.35185e+00  7.04619e-07
8.33333e+00  7.09419e-07
8.31481e+00  7.14185e-07
8.30166e+00  7.17556e-07
8.29630e+00  7.18985e-07
8.27778e+00  7.23917e-07
8.25926e+00  7.28813e-07
8.24487e+00  7.32597e-07
8.24074e+00  7.33727e-07
8.22222e+00  7.38790e-07
8.20370e+00  7.43815e-07
8.18837e+00  7.47952e-07
8.18519e+00  7.48845e-07
8.16667e+00  7.54040e-07
8.14815e+00  7.59195e-07
8.13211e+00  7.63630e-07
8.12963e+00  7.64343e-07
8.11111e+00  7.69669e-07
8.09259e+00  7.74953e-07
8.07607e+00  7.79636e-07
8.07407e+00  7.80223e-07
8.05556e+00  7.85680e-07
8.03704e+00  7.91092e-07
8.02020e+00  7.95978e-07
8.01852e+00  7.96485e-07
8.00000e+00  8.02072e-07
7.98148e+00  8.07614e-07
7.96448e+00  8.12662e-07
7.96296e+00  8.13130e-07
7.94444e+00  8.18845e-07
7.92593e+00  8.24503e-07
7.90877e+00  8.29696e-07
7.90741e+00  8.30125e-07
7.88889e+00  8.35940e-07
7.87037e+00  8.41696e-07
7.85285e+00  8.47087e-07
7.85185e+00  8.47405e-07
7.83333e+00  8.53315e-07
7.81481e+00  8.59161e-07
7.79662e+00  8.64842e-07
7.79630e+00  8.64948e-07
7.77778e+00  8.70945e-07
7.75926e+00  8.76875e-07
7.74074e+00  8.82738e-07
7.74000e+00  8.82970e-07
7.72222e+00  8.88805e-07
7.70370e+00  8.94813e-07
7.68519e+00  9.00749e-07
7.68290e+00  9.01478e-07
7.66667e+00  9.06866e-07
7.64815e+00  9.12944e-07
7.62963e+00  9.18947e-07
7.62521e+00  9.20373e-07
7.61111e+00  9.25097e-07
7.59259e+00  9.31238e-07
7.57407e+00  9.37301e-07
7.56680e+00  9.39665e-07
7.55556e+00  9.43464e-07
7.53704e+00  9.49661e-07
7.51852e+00  9.55777e-07
7.50756e+00  9.59361e-07
7.50000e+00  9.61931e-07
7.48148e+00  9.68136e-07
7.46296e+00  9.74181e-07
7.44635e+00  9.79470e-07
7.44444e+00  9.80101e-07
7.42593e+00  9.86127e-07
7.40741e+00  9.92004e-07
7.38889e+00  9.97738e-07
7.38144e+00  1.00000e-06
7.37037e+00  1.00350e-06
7.35185e+00  1.00924e-06
7.33333e+00  1.01484e-06
7.31481e+00  1.02032e-06
7.31263e+00  1.02096e-06
7.29630e+00  1.02592e-06
7.27778e+00  1.03142e-06
7.25926e+00  1.03682e-06
7.24074e+00  1.04210e-06
7.23981e+00  1.04236e-06
7.22222e+00  1.04752e-06
7.20370e+00  1.05286e-06
7.18519e+00  1.05809e-06
7.16667e+00  1.06324e-06
7.16312e+00  1.06421e-06
7.14815e+00  1.06849e-06
7.12963e+00  1.07371e-06
7.11111e+00  1.07885e-06
7.09259e+00  1.08392e-06
7.08301e+00  1.08652e-06
7.07407e+00  1.08905e-06
7.05556e+00  1.09428e-06
7.03704e+00  1.09948e-06
7.01852e+00  1.10466e-06
7.00185e+00  1.10929e-06
7.00000e+00  1.10983e-06
6.98148e+00  1.11521e-06
6.96296e+00  1.12057e-06
6.94444e+00  1.12590e-06
6.92593e+00  1.13121e-06
6.92130e+00  1.13254e-06
6.90741e+00  1.13671e-06
6.88889e+00  1.14225e-06
6.87037e+00  1.14777e-06
6.85185e+00  1.15327e-06
6.84170e+00  1.15628e-06
6.83333e+00  1.15887e-06
6.81481e+00  1.16462e-06
6.79630e+00  1.17035e-06
6.77778e+00  1.17606e-06
6.76333e+00  1.18052e-06
6.75926e+00  1.18183e-06
6.74074e+00  1.18781e-06
6.72222e+00  1.19377e-06
6.70370e+00  1.19973e-06
6.68647e+00  1.20526e-06
6.68519e+00  1.20569e-06
6.66667e+00  1.21193e-06
6.64815e+00  1.21816e-06
6.62963e+00  1.22438e-06
6.61132e+00  1.23052e-06
6.61111e+00  1.23060e-06
6.59259e+00  1.23712e-06
6.57407e+00  1.24364e-06
6.55556e+00  1.25016e-06
6.53802e+00  1.25632e-06
6.53704e+00  1.25668e-06
6.51852e+00  1.26352e-06
6.50000e+00  1.27035e-06
6.48148e+00  1.27718e-06
6.46666e+00  1.28265e-06
6.46296e+00  1.28408e-06
6.44444e+00  1.29125e-06
6.42593e+00  1.29843e-06
6.40741e+00  1.30560e-06
6.39727e+00  1.30954e-06
6.38889e+00  1.31293e-06
6.37037e+00  1.32047e-06
6.35185e+00  1.32801e-06
6.33333e+00  1.33554e-06
6.32981e+00  1.33698e-06
6.31481e+00  1.34339e-06
6.29630e+00  1.35132e-06
6.27778e+00  1.35924e-06
6.26432e+00  1.36501e-06
6.25926e+00  1.36727e-06
6.24074e+00  1.37560e-06
6.22222e+00  1.38393e-06
6.20370e+00  1.39226e-06
6.20070e+00  1.39362e-06
6.18519e+00  1.40095e-06
6.16667e+00  1.40971e-06
6.14815e+00  1.41846e-06
6.13893e+00  1.42283e-06
6.12963e+00  1.42744e-06
6.11111e+00  1.43664e-06
6.09259e+00  1.44584e-06
6.07890e+00  1.45265e-06
6.07407e+00  1.45515e-06
6.05556e+00  1.46482e-06
6.03704e+00  1.47447e-06
6.02047e+00  1.48310e-06
6.01852e+00  1.48416e-06
6.00000e+00  1.49427e-06
5.98148e+00  1.50436e-06
5.96341e+00  1.51419e-06
5.96296e+00  1.51444e-06
5.94444e+00  1.52501e-06
5.92593e+00  1.53555e-06
5.90765e+00  1.54593e-06
5.90741e+00  1.54607e-06
5.88889e+00  1.55710e-06
5.87037e+00  1.56810e-06
5.85311e+00  1.57833e-06
5.85185e+00  1.57911e-06
5.83333e+00  1.59062e-06
5.81481e+00  1.60208e-06
5.79973e+00  1.61141e-06
5.79630e+00  1.61362e-06
5.77778e+00  1.62561e-06
5.75926e+00  1.63755e-06
5.74742e+00  1.64519e-06
5.74074e+00  1.64967e-06
5.72222e+00  1.66215e-06
5.70370e+00  1.67457e-06
5.69612e+00  1.67967e-06
5.68519e+00  1.68732e-06
5.66667e+00  1.70029e-06
5.64815e+00  1.71319e-06
5.64575e+00  1.71488e-06
5.62963e+00  1.72664e-06
5.61111e+00  1.74010e-06
5.59632e+00  1.75083e-06
5.59259e+00  1.75363e-06
5.57407e+00  1.76767e-06
5.55556e+00  1.78163e-06
5.54776e+00  1.78753e-06
5.53704e+00  1.79594e-06
5.51852e+00  1.81049e-06
5.50000e+00  1.82494e-06
5.49993e+00  1.82499e-06
5.48148e+00  1.84009e-06
5.46296e+00  1.85513e-06
5.45298e+00  1.86325e-06
5.44444e+00  1.87046e-06
5.42593e+00  1.88612e-06
5.40741e+00  1.90166e-06
5.40665e+00  1.90230e-06
5.38889e+00  1.91792e-06
5.37037e+00  1.93409e-06
5.36111e+00  1.94217e-06
5.35185e+00  1.95057e-06
5.33333e+00  1.96735e-06
5.31604e+00  1.98288e-06
5.31481e+00  1.98403e-06
5.29630e+00  2.00141e-06
5.27778e+00  2.01862e-06
5.27151e+00  2.02445e-06
5.25926e+00  2.03628e-06
5.24074e+00  2.05409e-06
5.22735e+00  2.06688e-06
5.22222e+00  2.07197e-06
5.20370e+00  2.09038e-06
5.18519e+00  2.10857e-06
5.18353e+00  2.11020e-06
5.16667e+00  2.12749e-06
5.14815e+00  2.14628e-06
5.14010e+00  2.15443e-06
5.12963e+00  2.16544e-06
5.11111e+00  2.18484e-06
5.09690e+00  2.19959e-06
5.09259e+00  2.20423e-06
5.07407e+00  2.22424e-06
5.05556e+00  2.24397e-06
5.05394e+00  2.24570e-06
5.03704e+00  2.26449e-06
5.01852e+00  2.28482e-06
5.01127e+00  2.29277e-06
5.00000e+00  2.30559e-06
4.98148e+00  2.32671e-06
4.96922e+00  2.34083e-06
4.96296e+00  2.34830e-06
4.94444e+00  2.37084e-06
4.92891e+00  2.38989e-06
4.92593e+00  2.39368e-06
4.90741e+00  2.41780e-06
4.89048e+00  2.43999e-06
4.88889e+00  2.44214e-06
4.87037e+00  2.46776e-06
4.85339e+00  2.49113e-06
4.85185e+00  2.49332e-06
4.83333e+00  2.52006e-06
4.81707e+00  2.54335e-06
4.81481e+00  2.54668e-06
4.79630e+00  2.57434e-06
4.78119e+00  2.59666e-06
4.77778e+00  2.60186e-06
4.75926e+00  2.63025e-06
4.74549e+00  2.65108e-06
4.74074e+00  2.65851e-06
4.72222e+00  2.68743e-06
4.70974e+00  2.70665e-06
4.70370e+00  2.71625e-06
4.68519e+00  2.74553e-06
4.67371e+00  2.76339e-06
4.66667e+00  2.77472e-06
4.64815e+00  2.80419e-06
4.63732e+00  2.82131e-06
4.62963e+00  2.83407e-06
4.61111e+00  2.86555e-06
4.60261e+00  2.88044e-06
4.59259e+00  2.89898e-06
4.57407e+00  2.93454e-06
4.57085e+00  2.94082e-06
4.55556e+00  2.97106e-06
4.53704e+00  2.99326e-06
4.52079e+00  3.00246e-06
4.51852e+00  3.00376e-06
4.50000e+00  3.01248e-06
4.48148e+00  3.02679e-06
4.46296e+00  3.05187e-06
4.45529e+00  3.06540e-06
4.44444e+00  3.08506e-06
4.42593e+00  3.11944e-06
4.42046e+00  3.12965e-06
4.40741e+00  3.15494e-06
4.38889e+00  3.19074e-06
4.38658e+00  3.19525e-06
4.37037e+00  3.22811e-06
4.35349e+00  3.26222e-06
4.35185e+00  3.26565e-06
4.33333e+00  3.30496e-06
4.32126e+00  3.33060e-06
4.31481e+00  3.34480e-06
4.29630e+00  3.38590e-06
4.28982e+00  3.40041e-06
4.27778e+00  3.42833e-06
4.25926e+00  3.47137e-06
4.25912e+00  3.47169e-06
4.24074e+00  3.51670e-06
4.22945e+00  3.54446e-06
4.22222e+00  3.56284e-06
4.20370e+00  3.61037e-06
4.20049e+00  3.61875e-06
4.18519e+00  3.65997e-06
4.17242e+00  3.69460e-06
4.16667e+00  3.71071e-06
4.14815e+00  3.76323e-06
4.14509e+00  3.77204e-06
4.12963e+00  3.81805e-06
4.11863e+00  3.85111e-06
4.11111e+00  3.87440e-06
4.09277e+00  3.93183e-06
4.09259e+00  3.93242e-06
4.07407e+00  3.99357e-06
4.06790e+00  4.01424e-06
4.05556e+00  4.05677e-06
4.04365e+00  4.09838e-06
4.03704e+00  4.12213e-06
4.02000e+00  4.18429e-06
4.01852e+00  4.18983e-06
4.00000e+00  4.26078e-06
3.99712e+00  4.27199e-06
3.98148e+00  4.33435e-06
3.97471e+00  4.36154e-06
3.96296e+00  4.40980e-06
3.95252e+00  4.45296e-06
3.94444e+00  4.48706e-06
3.93050e+00  4.54630e-06
3.92593e+00  4.56622e-06
3.90870e+00  4.64159e-06
3.90741e+00  4.64740e-06
3.88889e+00  4.73131e-06
3.88723e+00  4.73888e-06
3.87037e+00  4.81791e-06
3.86607e+00  4.83821e-06
3.85185e+00  4.90690e-06
3.84513e+00  4.93962e-06
3.83333e+00  4.99843e-06
3.82443e+00  5.04316e-06
3.81481e+00  5.09261e-06
3.80397e+00  5.14887e-06
3.79630e+00  5.18959e-06
3.78375e+00  5.25679e-06
3.77778e+00  5.28951e-06
3.76377e+00  5.36698e-06
3.75926e+00  5.39252e-06
3.74405e+00  5.47947e-06
3.74074e+00  5.49878e-06
3.72456e+00  5.59433e-06
3.72222e+00  5.60846e-06
3.70533e+00  5.71159e-06
3.70370e+00  5.72174e-06
3.68635e+00  5.83131e-06
3.68519e+00  5.83878e-06
3.66761e+00  5.95353e-06
3.66667e+00  5.95979e-06
3.64911e+00  6.07832e-06
3.64815e+00  6.08495e-06
3.63086e+00  6.20573e-06
3.62963e+00  6.21447e-06
3.61284e+00  6.33580e-06
3.61111e+00  6.34856e-06
3.59506e+00  6.46861e-06
3.59259e+00  6.48743e-06
3.57752e+00  6.60419e-06
3.57407e+00  6.63131e-06
3.56019e+00  6.74262e-06
3.55556e+00  6.78042e-06
3.54309e+00  6.88395e-06
3.53704e+00  6.93501e-06
3.52620e+00  7.02824e-06
3.51852e+00  7.09531e-06
3.50951e+00  7.17556e-06
3.50000e+00  7.26157e-06
3.49302e+00  7.32597e-06
3.48148e+00  7.43405e-06
3.47673e+00  7.47952e-06
3.46296e+00  7.61299e-06
3.46061e+00  7.63630e-06
3.44469e+00  7.79636e-06
3.44444e+00  7.79885e-06
3.42912e+00  7.95978e-06
3.42593e+00  7.99369e-06
3.41372e+00  8.12662e-06
3.40741e+00  8.19608e-06
3.39847e+00  8.29696e-06
3.38889e+00  8.40631e-06
3.38338e+00  8.47087e-06
3.37037e+00  8.62467e-06
3.36842e+00  8.64842e-06
3.35372e+00  8.82970e-06
3.35185e+00  8.85303e-06
3.33930e+00  9.01478e-06
3.33333e+00  9.09221e-06
3.32499e+00  9.20373e-06
3.31481e+00  9.34075e-06
3.31079e+00  9.39665e-06
3.29670e+00  9.59361e-06
3.29630e+00  9.59934e-06
3.28303e+00  9.79470e-06
3.27778e+00  9.87242e-06
3.26943e+00  1.00000e-05
3.25926e+00  1.01562e-05
3.25590e+00  1.02096e-05
3.24254e+00  1.04236e-05
3.24074e+00  1.04530e-05
3.22952e+00  1.06421e-05
3.22222e+00  1.07654e-05
3.21653e+00  1.08652e-05
3.20370e+00  1.10900e-05
3.20354e+00  1.10929e-05
3.19104e+00  1.13254e-05
3.18519e+00  1.14343e-05
3.17854e+00  1.15628e-05
3.16667e+00  1.17920e-05
3.16601e+00  1.18052e-05
3.15394e+00  1.20526e-05
3.14815e+00  1.21712e-05
3.14187e+00  1.23052e-05
3.12976e+00  1.25632e-05
3.12963e+00  1.25660e-05
3.11816e+00  1.28265e-05
3.11111e+00  1.29858e-05
3.10648e+00  1.30954e-05
3.09490e+00  1.33698e-05
3.09259e+00  1.34251e-05
3.08366e+00  1.36501e-05
3.07407e+00  1.38892e-05
3.07228e+00  1.39362e-05
3.06129e+00  1.42283e-05
3.05556e+00  1.43806e-05
3.05033e+00  1.45265e-05
3.03940e+00  1.48310e-05
3.03704e+00  1.48978e-05
3.02883e+00  1.51419e-05
3.01852e+00  1.54445e-05
3.01804e+00  1.54593e-05
3.00779e+00  1.57833e-05
3.00000e+00  1.60266e-05
2.99738e+00  1.61141e-05
2.98737e+00  1.64519e-05
2.98148e+00  1.66497e-05
2.97745e+00  1.67967e-05
2.96781e+00  1.71488e-05
2.96296e+00  1.73256e-05
2.95836e+00  1.75083e-05
2.94909e+00  1.78753e-05
2.94444e+00  1.80592e-05
2.94002e+00  1.82499e-05
2.93113e+00  1.86325e-05
2.92593e+00  1.88556e-05
2.92235e+00  1.90230e-05
2.91385e+00  1.94217e-05
2.90741e+00  1.97199e-05
2.90526e+00  1.98288e-05
2.89715e+00  2.02445e-05
2.88889e+00  2.06589e-05
2.88871e+00  2.06688e-05
2.88104e+00  2.11020e-05
2.87305e+00  2.15443e-05
2.87037e+00  2.16939e-05
2.86547e+00  2.19959e-05
2.85794e+00  2.24570e-05
2.85185e+00  2.28261e-05
2.85034e+00  2.29277e-05
2.84327e+00  2.34083e-05
2.83591e+00  2.38989e-05
2.83333e+00  2.40727e-05
2.82895e+00  2.43999e-05
2.82207e+00  2.49113e-05
2.81491e+00  2.54335e-05
2.81481e+00  2.54404e-05
2.80848e+00  2.59666e-05
2.80181e+00  2.65108e-05
2.79630e+00  2.69566e-05
2.79508e+00  2.70665e-05
2.78888e+00  2.76339e-05
2.78245e+00  2.82131e-05
2.77778e+00  2.86313e-05
2.77605e+00  2.88044e-05
2.77010e+00  2.94082e-05
2.76392e+00  3.00246e-05
2.75926e+00  3.04869e-05
2.75776e+00  3.06540e-05
2.75207e+00  3.12965e-05
2.74617e+00  3.19525e-05
2.74074e+00  3.25491e-05
2.74015e+00  3.26222e-05
2.73474e+00  3.33060e-05
2.72914e+00  3.40041e-05
2.72333e+00  3.47169e-05
2.72222e+00  3.48555e-05
2.71805e+00  3.54446e-05
2.71276e+00  3.61875e-05
2.70728e+00  3.69460e-05
2.70370e+00  3.74431e-05
2.70194e+00  3.77204e-05
2.69697e+00  3.85111e-05
2.69180e+00  3.93183e-05
2.68650e+00  4.01424e-05
2.68519e+00  4.03502e-05
2.68160e+00  4.09838e-05
2.67672e+00  4.18429e-05
2.67169e+00  4.27199e-05
2.66667e+00  4.35842e-05
2.66651e+00  4.36154e-05
2.66187e+00  4.45296e-05
2.65709e+00  4.54630e-05
2.65215e+00  4.64159e-05
2.64815e+00  4.71832e-05
2.64720e+00  4.73888e-05
2.64268e+00  4.83821e-05
2.63801e+00  4.93962e-05
2.63319e+00  5.04316e-05
2.62963e+00  5.11918e-05
2.62841e+00  5.14887e-05
2.62402e+00  5.25679e-05
2.61949e+00  5.36698e-05
2.61480e+00  5.47947e-05
2.61111e+00  5.56749e-05
2.61013e+00  5.59433e-05
2.60589e+00  5.71159e-05
2.60152e+00  5.83131e-05
2.59699e+00  5.95353e-05
2.59259e+00  6.07118e-05
2.59236e+00  6.07832e-05
2.58830e+00  6.20573e-05
2.58411e+00  6.33580e-05
2.57978e+00  6.46861e-05
2.57531e+00  6.60419e-05
2.57407e+00  6.64210e-05
2.57124e+00  6.74262e-05
2.56726e+00  6.88395e-05
2.56316e+00  7.02824e-05
2.55892e+00  7.17556e-05
2.55556e+00  7.29243e-05
2.55472e+00  7.32597e-05
2.55098e+00  7.47952e-05
2.54713e+00  7.63630e-05
2.54316e+00  7.79636e-05
2.53908e+00  7.95978e-05
2.53704e+00  8.04229e-05
2.53525e+00  8.12662e-05
2.53167e+00  8.29696e-05
2.52800e+00  8.47087e-05
2.52424e+00  8.64842e-05
2.52038e+00  8.82970e-05
2.51852e+00  8.91808e-05
2.51678e+00  9.01478e-05
2.51344e+00  9.20373e-05
2.51001e+00  9.39665e-05
2.50652e+00  9.59361e-05
2.50294e+00  9.79470e-05
2.50000e+00  9.96154e-05
2.49942e+00  1.00000e-04
2.49637e+00  1.02096e-04
2.49326e+00  1.04236e-04
2.49010e+00  1.06421e-04
2.48690e+00  1.08652e-04
2.48368e+00  1.10929e-04
2.48148e+00  1.12526e-04
2.48063e+00  1.13254e-04
2.47796e+00  1.15628e-04
2.47528e+00  1.18052e-04
2.47260e+00  1.20526e-04
2.46993e+00  1.23052e-04
2.46727e+00  1.25632e-04
2.46462e+00  1.28265e-04
2.46296e+00  1.29984e-04
2.46217e+00  1.30954e-04
2.46005e+00  1.33698e-04
2.45795e+00  1.36501e-04
2.45589e+00  1.39362e-04
2.45388e+00  1.42283e-04
2.45191e+00  1.45265e-04
2.45001e+00  1.48310e-04
2.44816e+00  1.51419e-04
2.44639e+00  1.54593e-04
2.44470e+00  1.57833e-04
2.44444e+00  1.58356e-04
2.44332e+00  1.61141e-04
2.44207e+00  1.64519e-04
2.44090e+00  1.67967e-04
2.43981e+00  1.71488e-04
2.43881e+00  1.75083e-04
2.43791e+00  1.78753e-04
2.43711e+00  1.82499e-04
2.43643e+00  1.86325e-04
2.43587e+00  1.90230e-04
2.43544e+00  1.94217e-04
2.43514e+00  1.98288e-04
2.43498e+00  2.02445e-04
2.43494e+00  2.06688e-04
2.43504e+00  2.11020e-04
2.43527e+00  2.15443e-04
2.43562e+00  2.19959e-04
2.43610e+00  2.24570e-04
2.43670e+00  2.29277e-04
2.43742e+00  2.34083e-04
2.43825e+00  2.38989e-04
2.43920e+00  2.43999e-04

# top
2.44270e+00  2.59666e-04
2.44407e+00  2.65108e-04
2.44444e+00  2.66531e-04
2.44574e+00  2.70665e-04
2.44760e+00  2.76339e-04
2.44956e+00  2.82131e-04
2.45161e+00  2.88044e-04
2.45375e+00  2.94082e-04
2.45598e+00  3.00246e-04
2.45829e+00  3.06540e-04
2.46067e+00  3.12965e-04
2.46296e+00  3.19072e-04
2.46316e+00  3.19525e-04
2.46615e+00  3.26222e-04
2.46921e+00  3.33060e-04
2.47233e+00  3.40041e-04
2.47551e+00  3.47169e-04
2.47873e+00  3.54446e-04
2.48148e+00  3.60672e-04
2.48210e+00  3.61875e-04
2.48601e+00  3.69460e-04
2.48998e+00  3.77204e-04
2.49401e+00  3.85111e-04
2.49811e+00  3.93183e-04
2.50000e+00  3.96868e-04
2.50268e+00  4.01424e-04
2.50765e+00  4.09838e-04
2.51270e+00  4.18429e-04
2.51784e+00  4.27199e-04
2.51852e+00  4.28338e-04
2.52383e+00  4.36154e-04
2.53004e+00  4.45296e-04
2.53636e+00  4.54630e-04
2.53704e+00  4.55604e-04
2.54374e+00  4.64159e-04
2.55136e+00  4.73888e-04
2.55556e+00  4.79184e-04
2.55970e+00  4.83821e-04
2.56889e+00  4.93962e-04
2.57407e+00  4.99614e-04
2.57901e+00  5.04316e-04
2.59064e+00  5.14887e-04
2.59259e+00  5.16567e-04
2.60497e+00  5.25679e-04
2.61111e+00  5.29974e-04
2.62226e+00  5.36698e-04
2.62963e+00  5.40914e-04
2.64382e+00  5.47947e-04
2.64815e+00  5.49979e-04
2.66667e+00  5.57504e-04
2.67215e+00  5.59433e-04
2.68519e+00  5.63755e-04
2.70370e+00  5.69063e-04
2.71222e+00  5.71159e-04
2.72222e+00  5.73473e-04
2.74074e+00  5.77129e-04
2.75926e+00  5.80238e-04
2.77778e+00  5.82952e-04
2.77909e+00  5.83131e-04
2.79630e+00  5.85341e-04
2.81481e+00  5.87563e-04
2.83333e+00  5.89619e-04
2.85185e+00  5.91501e-04
2.87037e+00  5.93200e-04
2.88889e+00  5.94706e-04
2.89808e+00  5.95353e-04
2.90741e+00  5.95967e-04
2.92593e+00  5.96990e-04
2.94444e+00  5.97810e-04
2.96296e+00  5.98423e-04
2.98148e+00  5.98822e-04
3.00000e+00  5.99003e-04
3.01852e+00  5.99204e-04
3.03704e+00  5.99640e-04
3.05556e+00  6.00275e-04
3.07407e+00  6.01070e-04
3.09259e+00  6.01989e-04
3.11111e+00  6.02995e-04
3.12963e+00  6.04052e-04
3.14815e+00  6.05122e-04
3.16667e+00  6.06166e-04
3.18519e+00  6.07145e-04
3.19976e+00  6.07832e-04
3.20370e+00  6.08006e-04
3.22222e+00  6.08684e-04
3.24074e+00  6.09187e-04
3.25926e+00  6.09476e-04
3.27778e+00  6.09514e-04
3.29630e+00  6.09263e-04
3.31481e+00  6.08688e-04
3.33189e+00  6.07832e-04
3.33333e+00  6.07755e-04
3.35185e+00  6.06388e-04
3.37037e+00  6.04661e-04
3.38889e+00  6.02587e-04
3.40741e+00  6.00179e-04
3.42593e+00  5.97447e-04
3.43860e+00  5.95353e-04
3.44444e+00  5.94339e-04
3.46296e+00  5.90772e-04
3.48148e+00  5.86899e-04
3.49818e+00  5.83131e-04
3.50000e+00  5.82703e-04
3.51852e+00  5.77968e-04
3.53704e+00  5.72945e-04
3.54318e+00  5.71159e-04
3.55556e+00  5.67432e-04
3.57407e+00  5.61532e-04
3.58026e+00  5.59433e-04
3.59259e+00  5.55132e-04
3.61111e+00  5.48342e-04
3.61212e+00  5.47947e-04
3.62963e+00  5.40939e-04
3.63970e+00  5.36698e-04
3.64815e+00  5.33079e-04
3.66454e+00  5.25679e-04
3.66667e+00  5.24705e-04
3.68519e+00  5.15724e-04
3.68681e+00  5.14887e-04
3.70370e+00  5.06126e-04
3.70699e+00  5.04316e-04
3.72222e+00  4.95915e-04
3.72554e+00  4.93962e-04
3.74074e+00  4.85043e-04
3.74269e+00  4.83821e-04
3.75838e+00  4.73888e-04
3.75926e+00  4.73322e-04
3.77248e+00  4.64159e-04
3.77778e+00  4.60445e-04
3.78545e+00  4.54630e-04
3.79630e+00  4.46331e-04
3.79754e+00  4.45296e-04
3.80817e+00  4.36154e-04
3.81481e+00  4.30359e-04
3.81810e+00  4.27199e-04
3.82694e+00  4.18429e-04
3.83333e+00  4.11925e-04
3.83517e+00  4.09838e-04
3.84224e+00  4.01424e-04
3.84890e+00  3.93183e-04
3.85185e+00  3.89456e-04
3.85495e+00  3.85111e-04
3.86071e+00  3.77204e-04
3.86659e+00  3.69460e-04
3.87037e+00  3.64628e-04
3.87231e+00  3.61875e-04
3.87764e+00  3.54446e-04
3.88308e+00  3.47169e-04
3.88864e+00  3.40041e-04
3.88889e+00  3.39732e-04
3.89361e+00  3.33060e-04
3.89867e+00  3.26222e-04
3.90390e+00  3.19525e-04
3.90741e+00  3.15253e-04
3.90914e+00  3.12965e-04
3.91423e+00  3.06540e-04
3.91958e+00  3.00246e-04
3.92521e+00  2.94082e-04
3.92593e+00  2.93320e-04
3.93057e+00  2.88044e-04
3.93613e+00  2.82131e-04
3.94198e+00  2.76339e-04
3.94444e+00  2.74008e-04
3.94777e+00  2.70665e-04
3.95360e+00  2.65108e-04
3.95974e+00  2.59666e-04
3.96296e+00  2.56951e-04
3.96591e+00  2.54335e-04
3.97209e+00  2.49113e-04
3.97860e+00  2.43999e-04
3.98148e+00  2.41842e-04
3.98513e+00  2.38989e-04
3.99175e+00  2.34083e-04
3.99874e+00  2.29277e-04
4.00000e+00  2.28440e-04
4.00502e+00  2.24570e-04
4.01140e+00  2.19959e-04
4.01812e+00  2.15443e-04
4.01852e+00  2.15185e-04
4.02355e+00  2.11020e-04
4.02915e+00  2.06688e-04
4.03506e+00  2.02445e-04
4.03704e+00  2.01079e-04
4.04028e+00  1.98288e-04
4.04529e+00  1.94217e-04
4.05056e+00  1.90230e-04
4.05556e+00  1.86692e-04
4.05598e+00  1.86325e-04
4.06050e+00  1.82499e-04
4.06525e+00  1.78753e-04
4.07024e+00  1.75083e-04
4.07407e+00  1.72426e-04
4.07518e+00  1.71488e-04
4.07950e+00  1.67967e-04
4.08404e+00  1.64519e-04
4.08880e+00  1.61141e-04
4.09259e+00  1.58609e-04
4.09355e+00  1.57833e-04
4.09770e+00  1.54593e-04
4.10206e+00  1.51419e-04
4.10663e+00  1.48310e-04
4.11111e+00  1.45457e-04
4.11136e+00  1.45265e-04
4.11537e+00  1.42283e-04
4.11958e+00  1.39362e-04
4.12399e+00  1.36501e-04
4.12861e+00  1.33698e-04
4.12963e+00  1.33102e-04
4.13272e+00  1.30954e-04
4.13683e+00  1.28265e-04
4.14116e+00  1.25632e-04
4.14572e+00  1.23052e-04
4.14815e+00  1.21746e-04
4.15011e+00  1.20526e-04
4.15429e+00  1.18052e-04
4.15870e+00  1.15628e-04
4.16338e+00  1.13254e-04
4.16667e+00  1.11679e-04
4.16803e+00  1.10929e-04
4.17235e+00  1.08652e-04
4.17694e+00  1.06421e-04
4.18180e+00  1.04236e-04
4.18519e+00  1.02804e-04
4.18665e+00  1.02096e-04
4.19120e+00  1.00000e-04
4.19604e+00  9.79470e-05
4.20118e+00  9.59361e-05
4.20370e+00  9.50008e-05
4.20617e+00  9.39665e-05
4.21104e+00  9.20373e-05
4.21632e+00  9.01478e-05
4.22214e+00  8.82970e-05
4.22222e+00  8.82729e-05
4.22797e+00  8.64842e-05
4.23454e+00  8.47087e-05
4.24074e+00  8.32349e-05
4.24184e+00  8.29696e-05
4.24940e+00  8.12662e-05
4.25791e+00  7.95978e-05
4.25926e+00  7.93504e-05
4.26678e+00  7.79636e-05
4.27659e+00  7.63630e-05
4.27778e+00  7.61798e-05
4.28677e+00  7.47952e-05
4.29630e+00  7.34787e-05
4.29788e+00  7.32597e-05
4.30938e+00  7.17556e-05
4.31481e+00  7.10944e-05
4.32148e+00  7.02824e-05
4.33333e+00  6.89391e-05
4.33421e+00  6.88395e-05
4.34698e+00  6.74262e-05
4.35185e+00  6.69150e-05
4.36013e+00  6.60419e-05
4.37037e+00  6.50179e-05
4.37375e+00  6.46861e-05
4.38786e+00  6.33580e-05
4.38889e+00  6.32642e-05
4.40271e+00  6.20573e-05
4.40741e+00  6.16629e-05
4.41881e+00  6.07832e-05
4.42593e+00  6.02492e-05
4.43680e+00  5.95353e-05
4.44444e+00  5.90411e-05
4.45819e+00  5.83131e-05
4.46296e+00  5.80612e-05
4.48148e+00  5.73277e-05
4.49013e+00  5.71159e-05
4.50000e+00  5.68666e-05
4.51852e+00  5.65343e-05
4.53704e+00  5.61859e-05
4.54964e+00  5.59433e-05
4.55556e+00  5.58250e-05
4.57407e+00  5.54529e-05
4.59259e+00  5.50944e-05
4.60871e+00  5.47947e-05
4.61111e+00  5.47479e-05
4.62963e+00  5.43158e-05
4.64815e+00  5.37757e-05
4.65105e+00  5.36698e-05
4.66667e+00  5.30647e-05
4.67696e+00  5.25679e-05
4.68519e+00  5.21466e-05
4.69548e+00  5.14887e-05
4.70370e+00  5.09311e-05
4.70963e+00  5.04316e-05
4.72174e+00  4.93962e-05
4.72222e+00  4.93554e-05
4.73441e+00  4.83821e-05
4.74074e+00  4.79137e-05
4.74856e+00  4.73888e-05
4.75926e+00  4.67120e-05
4.76448e+00  4.64159e-05
4.77778e+00  4.56934e-05
4.78255e+00  4.54630e-05
4.79630e+00  4.48192e-05
4.80331e+00  4.45296e-05
4.81481e+00  4.40624e-05
4.82737e+00  4.36154e-05
4.83333e+00  4.34042e-05
4.85185e+00  4.28261e-05
4.85567e+00  4.27199e-05
4.87037e+00  4.23047e-05
4.88844e+00  4.18429e-05
4.88889e+00  4.18313e-05
4.90741e+00  4.13949e-05
4.92593e+00  4.10208e-05
4.92812e+00  4.09838e-05
4.94444e+00  4.07004e-05
4.96296e+00  4.04515e-05
4.98148e+00  4.02802e-05
5.00000e+00  4.01916e-05
5.01852e+00  4.01482e-05
5.02121e+00  4.01424e-05
5.03704e+00  4.01069e-05
5.05556e+00  4.00691e-05
5.07407e+00  4.00350e-05
5.09259e+00  4.00043e-05
5.11111e+00  3.99771e-05
5.12963e+00  3.99533e-05
5.14815e+00  3.99326e-05
5.16667e+00  3.99150e-05
5.18519e+00  3.99005e-05
5.20370e+00  3.98888e-05
5.22222e+00  3.98799e-05
5.24074e+00  3.98738e-05
5.25926e+00  3.98702e-05
5.27778e+00  3.98692e-05
5.29630e+00  3.98705e-05
5.31481e+00  3.98741e-05
5.33333e+00  3.98799e-05
5.35185e+00  3.98878e-05
5.37037e+00  3.98977e-05
5.38889e+00  3.99094e-05
5.40741e+00  3.99229e-05
5.42593e+00  3.99380e-05
5.44444e+00  3.99547e-05
5.46296e+00  3.99728e-05
5.48148e+00  3.99923e-05
5.50000e+00  4.00130e-05
5.51852e+00  4.00348e-05
5.53704e+00  4.00576e-05
5.55556e+00  4.00812e-05
5.57407e+00  4.01057e-05
5.59259e+00  4.01307e-05
5.60105e+00  4.01424e-05
5.61111e+00  4.01558e-05
5.62963e+00  4.01808e-05
5.64815e+00  4.02060e-05
5.66667e+00  4.02314e-05
5.68519e+00  4.02570e-05
5.70370e+00  4.02829e-05
5.72222e+00  4.03099e-05
5.74074e+00  4.03377e-05
5.75926e+00  4.03666e-05
5.77778e+00  4.03964e-05
5.79630e+00  4.04272e-05
5.81481e+00  4.04590e-05
5.83333e+00  4.04918e-05
5.85185e+00  4.05256e-05
5.87037e+00  4.05605e-05
5.88889e+00  4.05964e-05
5.90741e+00  4.06334e-05
5.92593e+00  4.06715e-05
5.94444e+00  4.07107e-05
5.96296e+00  4.07510e-05
5.98148e+00  4.07925e-05
6.00000e+00  4.08351e-05
6.01852e+00  4.08790e-05
6.03704e+00  4.09240e-05
6.05556e+00  4.09703e-05
6.06087e+00  4.09838e-05
6.07407e+00  4.10166e-05
6.09259e+00  4.10638e-05
6.11111e+00  4.11122e-05
6.12963e+00  4.11620e-05
6.14815e+00  4.12132e-05
6.16667e+00  4.12658e-05
6.18519e+00  4.13197e-05
6.20370e+00  4.13752e-05
6.22222e+00  4.14322e-05
6.24074e+00  4.14907e-05
6.25926e+00  4.15508e-05
6.27778e+00  4.16125e-05
6.29630e+00  4.16759e-05
6.31481e+00  4.17410e-05
6.33333e+00  4.18079e-05
6.34281e+00  4.18429e-05
6.35185e+00  4.18756e-05
6.37037e+00  4.19442e-05
6.38889e+00  4.20139e-05
6.40741e+00  4.20822e-05
6.42593e+00  4.21482e-05
6.44444e+00  4.22117e-05
6.46296e+00  4.22726e-05
6.48148e+00  4.23307e-05
6.50000e+00  4.23858e-05
6.51852e+00  4.24379e-05
6.53704e+00  4.24868e-05
6.55556e+00  4.25324e-05
6.57407e+00  4.25744e-05
6.59259e+00  4.26129e-05
6.61111e+00  4.26477e-05
6.62963e+00  4.26786e-05
6.64815e+00  4.27055e-05
6.65988e+00  4.27199e-05
6.66667e+00  4.27280e-05
6.68519e+00  4.27460e-05
6.70370e+00  4.27597e-05
6.72222e+00  4.27693e-05
6.74074e+00  4.27744e-05
6.75926e+00  4.27751e-05
6.77778e+00  4.27713e-05
6.79630e+00  4.27629e-05
6.81481e+00  4.27498e-05
6.83333e+00  4.27319e-05
6.84310e+00  4.27199e-05
6.85185e+00  4.27088e-05
6.87037e+00  4.26802e-05
6.88889e+00  4.26466e-05
6.90741e+00  4.26077e-05
6.92593e+00  4.25637e-05
6.94444e+00  4.25145e-05
6.96296e+00  4.24598e-05
6.98148e+00  4.23979e-05
7.00000e+00  4.23280e-05
7.01852e+00  4.22500e-05
7.03704e+00  4.21640e-05
7.05556e+00  4.20699e-05
7.07407e+00  4.19678e-05
7.09259e+00  4.18577e-05
7.09489e+00  4.18429e-05
7.11111e+00  4.17353e-05
7.12963e+00  4.16042e-05
7.14815e+00  4.14650e-05
7.16667e+00  4.13177e-05
7.18519e+00  4.11627e-05
7.20370e+00  4.10000e-05
7.20544e+00  4.09838e-05
7.22222e+00  4.08234e-05
7.24074e+00  4.06385e-05
7.25926e+00  4.04463e-05
7.27778e+00  4.02470e-05
7.28709e+00  4.01424e-05
7.29630e+00  4.00366e-05
7.31481e+00  3.98150e-05
7.33333e+00  3.95869e-05
7.35185e+00  3.93527e-05
7.35446e+00  3.93183e-05
7.37037e+00  3.91039e-05
7.38889e+00  3.88480e-05
7.40741e+00  3.85869e-05
7.41260e+00  3.85111e-05
7.42593e+00  3.83128e-05
7.44444e+00  3.80309e-05
7.46296e+00  3.77448e-05
7.46449e+00  3.77204e-05
7.48148e+00  3.74436e-05
7.50000e+00  3.71380e-05
7.51154e+00  3.69460e-05
7.51852e+00  3.68282e-05
7.53704e+00  3.65146e-05
7.55556e+00  3.62057e-05
7.55664e+00  3.61875e-05
7.57407e+00  3.58892e-05
7.59259e+00  3.55772e-05
7.60047e+00  3.54446e-05
7.61111e+00  3.52628e-05
7.62963e+00  3.49483e-05
7.64341e+00  3.47169e-05
7.64815e+00  3.46362e-05
7.66667e+00  3.43199e-05
7.68519e+00  3.40098e-05
7.68552e+00  3.40041e-05
7.70370e+00  3.36928e-05
7.72222e+00  3.33820e-05
7.72674e+00  3.33060e-05
7.74074e+00  3.30676e-05
7.75926e+00  3.27567e-05
7.76732e+00  3.26222e-05
7.77778e+00  3.24452e-05
7.79630e+00  3.21348e-05
7.80730e+00  3.19525e-05
7.81481e+00  3.18262e-05
7.83333e+00  3.15169e-05
7.84674e+00  3.12965e-05
7.85185e+00  3.12114e-05
7.87037e+00  3.09036e-05
7.88570e+00  3.06540e-05
7.88889e+00  3.06013e-05
7.90741e+00  3.02956e-05
7.92421e+00  3.00246e-05
7.92593e+00  2.99966e-05
7.94444e+00  2.96934e-05
7.96232e+00  2.94082e-05
7.96296e+00  2.93978e-05
7.98148e+00  2.90975e-05
8.00000e+00  2.88047e-05
8.00002e+00  2.88044e-05
8.01852e+00  2.85064e-05
8.03704e+00  2.82156e-05
8.03719e+00  2.82131e-05
8.05556e+00  2.79193e-05
8.07385e+00  2.76339e-05
8.07407e+00  2.76303e-05
8.09259e+00  2.73359e-05
8.10995e+00  2.70665e-05
8.11111e+00  2.70483e-05
8.12963e+00  2.67560e-05
8.14550e+00  2.65108e-05
8.14815e+00  2.64694e-05
8.16667e+00  2.61792e-05
8.18049e+00  2.59666e-05
8.18519e+00  2.58933e-05
8.20370e+00  2.56053e-05
8.21490e+00  2.54335e-05
8.22222e+00  2.53197e-05
8.24074e+00  2.50339e-05
8.24875e+00  2.49113e-05
8.25926e+00  2.47484e-05
8.27778e+00  2.44649e-05
8.28203e+00  2.43999e-05
8.29630e+00  2.41791e-05
8.31475e+00  2.38989e-05
8.31481e+00  2.38979e-05
8.33333e+00  2.36115e-05
8.34672e+00  2.34083e-05
8.35185e+00  2.33293e-05
8.37037e+00  2.30455e-05
8.37812e+00  2.29277e-05
8.38889e+00  2.27619e-05
8.40741e+00  2.24807e-05
8.40897e+00  2.24570e-05
8.42593e+00  2.21956e-05
8.43910e+00  2.19959e-05
8.44444e+00  2.19148e-05
8.46296e+00  2.16359e-05
8.46911e+00  2.15443e-05
8.48148e+00  2.13600e-05
8.49917e+00  2.11020e-05
8.50000e+00  2.10899e-05
8.51852e+00  2.08198e-05
8.52907e+00  2.06688e-05
8.53704e+00  2.05549e-05
8.55556e+00  2.02936e-05
8.55906e+00  2.02445e-05
8.57407e+00  2.00337e-05
8.58898e+00  1.98288e-05
8.59259e+00  1.97792e-05
8.61111e+00  1.95260e-05
8.61884e+00  1.94217e-05
8.62963e+00  1.92762e-05
8.64815e+00  1.90312e-05
8.64876e+00  1.90230e-05
8.66667e+00  1.87860e-05
8.67850e+00  1.86325e-05
8.68519e+00  1.85458e-05
8.70370e+00  1.83082e-05
8.70828e+00  1.82499e-05
8.72222e+00  1.80723e-05
8.73800e+00  1.78753e-05
8.74074e+00  1.78410e-05
8.75926e+00  1.76106e-05
8.76761e+00  1.75083e-05
8.77778e+00  1.73835e-05
8.79630e+00  1.71604e-05
8.79726e+00  1.71488e-05
8.81481e+00  1.69373e-05
8.82671e+00  1.67967e-05
8.83333e+00  1.67185e-05
8.85185e+00  1.65020e-05
8.85617e+00  1.64519e-05
8.87037e+00  1.62870e-05
8.88555e+00  1.61141e-05
8.88889e+00  1.60761e-05
8.90741e+00  1.58661e-05
8.91480e+00  1.57833e-05
8.92593e+00  1.56587e-05
8.94408e+00  1.54593e-05
8.94444e+00  1.54553e-05
8.96296e+00  1.52515e-05
8.97311e+00  1.51419e-05
8.98148e+00  1.50514e-05
9.00000e+00  1.48541e-05
9.00217e+00  1.48310e-05
9.01852e+00  1.46573e-05
9.03105e+00  1.45265e-05
9.03704e+00  1.44640e-05
9.05556e+00  1.42726e-05
9.05987e+00  1.42283e-05
9.07407e+00  1.40824e-05
9.08858e+00  1.39362e-05
9.09259e+00  1.38957e-05
9.11111e+00  1.37100e-05
9.11715e+00  1.36501e-05
9.12963e+00  1.35262e-05
9.14566e+00  1.33698e-05
9.14815e+00  1.33455e-05
9.16667e+00  1.31654e-05
9.17397e+00  1.30954e-05
9.18519e+00  1.29876e-05
9.20226e+00  1.28265e-05
9.20370e+00  1.28129e-05
9.22222e+00  1.26384e-05
9.23034e+00  1.25632e-05
9.24074e+00  1.24666e-05
9.25846e+00  1.23052e-05
9.25926e+00  1.22979e-05
9.27778e+00  1.21295e-05
9.28638e+00  1.20526e-05
9.29630e+00  1.19639e-05
9.31440e+00  1.18052e-05
9.31481e+00  1.18015e-05
9.33333e+00  1.16394e-05
9.34225e+00  1.15628e-05
9.35185e+00  1.14802e-05
9.37023e+00  1.13254e-05
9.37037e+00  1.13243e-05
9.38889e+00  1.11686e-05
9.39808e+00  1.10929e-05
9.40741e+00  1.10161e-05
9.42593e+00  1.08666e-05
9.42611e+00  1.08652e-05
9.44444e+00  1.07176e-05
9.45404e+00  1.06421e-05
9.46296e+00  1.05718e-05
9.48148e+00  1.04289e-05
9.48217e+00  1.04236e-05
9.50000e+00  1.02867e-05
9.51027e+00  1.02096e-05
9.51852e+00  1.01476e-05
9.53704e+00  1.00113e-05
9.53859e+00  1.00000e-05
9.55556e+00  9.87600e-06
9.56696e+00  9.79470e-06
9.57407e+00  9.74385e-06
9.59259e+00  9.61409e-06
9.59555e+00  9.59361e-06
9.61111e+00  9.48570e-06
9.62429e+00  9.39665e-06
9.62963e+00  9.36049e-06
9.64815e+00  9.23721e-06
9.65327e+00  9.20373e-06
9.66667e+00  9.11582e-06
9.68251e+00  9.01478e-06
9.68519e+00  8.99763e-06
9.70370e+00  8.88071e-06
9.71199e+00  8.82970e-06
9.72222e+00  8.76639e-06
9.74074e+00  8.65502e-06
9.74185e+00  8.64842e-06
9.75926e+00  8.54461e-06
9.77202e+00  8.47087e-06
9.77778e+00  8.43741e-06
9.79630e+00  8.33213e-06
9.80263e+00  8.29696e-06
9.81481e+00  8.22889e-06
9.83333e+00  8.12881e-06
9.83374e+00  8.12662e-06
9.85185e+00  8.02957e-06
9.86534e+00  7.95978e-06
9.87037e+00  7.93359e-06
9.88889e+00  7.83930e-06
9.89757e+00  7.79636e-06
9.90741e+00  7.74738e-06
9.92593e+00  7.65797e-06
9.93052e+00  7.63630e-06
9.94444e+00  7.57015e-06
9.96296e+00  7.48546e-06
9.96429e+00  7.47952e-06
9.98148e+00  7.40179e-06
9.99898e+00  7.32597e-06
1.00000e+01  7.32151e-06
1.00185e+01  7.24136e-06
1.00340e+01  7.17556e-06
1.00370e+01  7.16278e-06
1.00556e+01  7.08386e-06
1.00689e+01  7.02824e-06
1.00741e+01  7.00623e-06
1.00926e+01  6.92870e-06
1.01035e+01  6.88395e-06
1.01111e+01  6.85215e-06
1.01296e+01  6.77612e-06
1.01379e+01  6.74262e-06
1.01481e+01  6.70076e-06
1.01667e+01  6.62636e-06
1.01722e+01  6.60419e-06
1.01852e+01  6.55230e-06
1.02037e+01  6.47963e-06
1.02065e+01  6.46861e-06
1.02222e+01  6.40696e-06
1.02407e+01  6.33611e-06
1.02408e+01  6.33580e-06
1.02593e+01  6.26494e-06
1.02751e+01  6.20573e-06
1.02778e+01  6.19563e-06
1.02963e+01  6.12640e-06
1.03095e+01  6.07832e-06
1.03148e+01  6.05871e-06
1.03333e+01  5.99151e-06
1.03440e+01  5.95353e-06
1.03519e+01  5.92537e-06
1.03704e+01  5.85941e-06
1.03783e+01  5.83131e-06
1.03889e+01  5.79349e-06
1.04074e+01  5.72790e-06
1.04120e+01  5.71159e-06
1.04259e+01  5.66174e-06
1.04444e+01  5.59623e-06
1.04450e+01  5.59433e-06
1.04630e+01  5.52940e-06
1.04770e+01  5.47947e-06
1.04815e+01  5.46302e-06
1.05000e+01  5.39572e-06
1.05079e+01  5.36698e-06
1.05185e+01  5.32791e-06
1.05370e+01  5.25992e-06
1.05379e+01  5.25679e-06
1.05556e+01  5.19013e-06
1.05665e+01  5.14887e-06
1.05741e+01  5.11990e-06
1.05926e+01  5.04873e-06
1.05940e+01  5.04316e-06
1.06111e+01  4.97544e-06
1.06202e+01  4.93962e-06
1.06296e+01  4.90221e-06
1.06461e+01  4.83821e-06
1.06481e+01  4.83046e-06
1.06667e+01  4.76011e-06
1.06723e+01  4.73888e-06
1.06852e+01  4.69138e-06
1.06989e+01  4.64159e-06
1.07037e+01  4.62434e-06
1.07222e+01  4.55870e-06
1.07258e+01  4.54630e-06
1.07407e+01  4.49430e-06
1.07529e+01  4.45296e-06
1.07593e+01  4.43144e-06
1.07778e+01  4.36990e-06
1.07803e+01  4.36154e-06
1.07963e+01  4.30937e-06
1.08080e+01  4.27199e-06
1.08148e+01  4.25023e-06
1.08333e+01  4.19228e-06
1.08359e+01  4.18429e-06
1.08519e+01  4.13521e-06
1.08640e+01  4.09838e-06
1.08704e+01  4.07941e-06
1.08889e+01  4.02462e-06
1.08924e+01  4.01424e-06
1.09074e+01  3.97065e-06
1.09210e+01  3.93183e-06
1.09259e+01  3.91785e-06
1.09444e+01  3.86586e-06
1.09498e+01  3.85111e-06
1.09630e+01  3.81468e-06
1.09787e+01  3.77204e-06
1.09815e+01  3.76457e-06
1.10000e+01  3.71498e-06
1.10077e+01  3.69460e-06
1.10185e+01  3.66604e-06
1.10367e+01  3.61875e-06
1.10370e+01  3.61795e-06
1.10556e+01  3.56988e-06
1.10655e+01  3.54446e-06
1.10741e+01  3.52261e-06
1.10926e+01  3.47600e-06
1.10943e+01  3.47169e-06
1.11111e+01  3.42954e-06
1.11229e+01  3.40041e-06
1.11296e+01  3.38387e-06
1.11481e+01  3.33872e-06
1.11515e+01  3.33060e-06
1.11667e+01  3.29385e-06
1.11800e+01  3.26222e-06
1.11852e+01  3.24973e-06
1.12037e+01  3.20601e-06
1.12083e+01  3.19525e-06
1.12222e+01  3.16266e-06
1.12366e+01  3.12965e-06
1.12407e+01  3.12004e-06
1.12593e+01  3.07774e-06
1.12647e+01  3.06540e-06
1.12778e+01  3.03587e-06
1.12928e+01  3.00246e-06
1.12963e+01  2.99470e-06
1.13148e+01  2.95380e-06
1.13208e+01  2.94082e-06
1.13333e+01  2.91336e-06
1.13487e+01  2.88044e-06
1.13519e+01  2.87359e-06
1.13704e+01  2.83407e-06
1.13764e+01  2.82131e-06
1.13889e+01  2.79501e-06
1.14041e+01  2.76339e-06
1.14074e+01  2.75659e-06
1.14259e+01  2.71843e-06
1.14317e+01  2.70665e-06
1.14444e+01  2.68070e-06
1.14592e+01  2.65108e-06
1.14630e+01  2.64359e-06
1.14815e+01  2.60677e-06
1.14866e+01  2.59666e-06
1.15000e+01  2.57033e-06
1.15140e+01  2.54335e-06
1.15185e+01  2.53448e-06
1.15370e+01  2.49897e-06
1.15412e+01  2.49113e-06
1.15556e+01  2.46377e-06
1.15683e+01  2.43999e-06
1.15741e+01  2.42915e-06
1.15926e+01  2.39493e-06
1.15953e+01  2.38989e-06
1.16111e+01  2.36093e-06
1.16223e+01  2.34083e-06
1.16296e+01  2.32749e-06
1.16481e+01  2.29453e-06
1.16491e+01  2.29277e-06
1.16667e+01  2.26169e-06
1.16759e+01  2.24570e-06
1.16852e+01  2.22939e-06
1.17025e+01  2.19959e-06
1.17037e+01  2.19760e-06
1.17222e+01  2.16595e-06
1.17291e+01  2.15443e-06
1.17407e+01  2.13474e-06
1.17555e+01  2.11020e-06
1.17593e+01  2.10403e-06
1.17778e+01  2.07359e-06
1.17819e+01  2.06688e-06
1.17963e+01  2.04343e-06
1.18082e+01  2.02445e-06
1.18148e+01  2.01376e-06
1.18333e+01  1.98451e-06
1.18344e+01  1.98288e-06
1.18519e+01  1.95537e-06
1.18604e+01  1.94217e-06
1.18704e+01  1.92669e-06
1.18864e+01  1.90230e-06
1.18889e+01  1.89847e-06
1.19074e+01  1.87044e-06
1.19122e+01  1.86325e-06
1.19259e+01  1.84272e-06
1.19380e+01  1.82499e-06
1.19444e+01  1.81544e-06
1.19630e+01  1.78855e-06
1.19637e+01  1.78753e-06
1.19815e+01  1.76174e-06
1.19892e+01  1.75083e-06
1.20000e+01  1.73536e-06
1.20146e+01  1.71488e-06
1.20185e+01  1.70938e-06
1.20370e+01  1.68366e-06
1.20399e+01  1.67967e-06
1.20556e+01  1.65813e-06
1.20651e+01  1.64519e-06
1.20741e+01  1.63299e-06
1.20902e+01  1.61141e-06
1.20926e+01  1.60824e-06
1.21111e+01  1.58365e-06
1.21152e+01  1.57833e-06
1.21296e+01  1.55931e-06
1.21400e+01  1.54593e-06
1.21481e+01  1.53533e-06
1.21647e+01  1.51419e-06
1.21667e+01  1.51172e-06
1.21852e+01  1.48823e-06
1.21893e+01  1.48310e-06
1.22037e+01  1.46499e-06
1.22137e+01  1.45265e-06
1.22222e+01  1.44209e-06
1.22380e+01  1.42283e-06
1.22407e+01  1.41952e-06
1.22593e+01  1.39711e-06
1.22622e+01  1.39362e-06
1.22778e+01  1.37488e-06
1.22862e+01  1.36501e-06
1.22963e+01  1.35295e-06
1.23100e+01  1.33698e-06
1.23148e+01  1.33133e-06
1.23333e+01  1.30997e-06
1.23337e+01  1.30954e-06
1.23519e+01  1.28864e-06
1.23572e+01  1.28265e-06
1.23704e+01  1.26759e-06
1.23805e+01  1.25632e-06
1.23889e+01  1.24682e-06
1.24036e+01  1.23052e-06
1.24074e+01  1.22630e-06
1.24259e+01  1.20601e-06
1.24266e+01  1.20526e-06
1.24444e+01  1.18593e-06
1.24495e+01  1.18052e-06
1.24630e+01  1.16655e-06
1.24729e+01  1.15628e-06
1.24815e+01  1.14729e-06
1.24955e+01  1.13254e-06
1.25000e+01  1.12776e-06
1.25174e+01  1.10929e-06
1.25185e+01  1.10809e-06
1.25370e+01  1.08836e-06
1.25388e+01  1.08652e-06
1.25556e+01  1.06859e-06
1.25597e+01  1.06421e-06
1.25741e+01  1.04880e-06
1.25802e+01  1.04236e-06
1.25926e+01  1.02896e-06
1.26001e+01  1.02096e-06
1.26111e+01  1.00905e-06
1.26196e+01  1.00000e-06
1.26296e+01  9.89035e-07
1.26385e+01  9.79470e-07
1.26481e+01  9.68881e-07
1.26569e+01  9.59361e-07
1.26667e+01  9.48549e-07
1.26748e+01  9.39665e-07
1.26852e+01  9.27993e-07
1.26921e+01  9.20373e-07
1.27037e+01  9.07164e-07
1.27088e+01  9.01478e-07
1.27222e+01  8.86003e-07
1.27249e+01  8.82970e-07
1.27404e+01  8.64842e-07
1.27407e+01  8.64419e-07
1.27552e+01  8.47087e-07
1.27593e+01  8.42128e-07
1.27694e+01  8.29696e-07
1.27778e+01  8.19179e-07
1.27830e+01  8.12662e-07
1.27959e+01  7.95978e-07
1.27963e+01  7.95400e-07
1.28080e+01  7.79636e-07
1.28148e+01  7.70084e-07
1.28195e+01  7.63630e-07
1.28302e+01  7.47952e-07
1.28333e+01  7.43005e-07
1.28401e+01  7.32597e-07
1.28492e+01  7.17556e-07
1.28519e+01  7.12930e-07
1.28576e+01  7.02824e-07
1.28651e+01  6.88395e-07
1.28704e+01  6.77289e-07
1.28718e+01  6.74262e-07
1.28776e+01  6.60419e-07
1.28825e+01  6.46861e-07
1.28865e+01  6.33580e-07
1.28889e+01  6.23513e-07
1.28896e+01  6.20573e-07
1.28916e+01  6.07832e-07
1.28927e+01  5.95353e-07
1.28927e+01  5.83131e-07
1.28917e+01  5.71159e-07
1.28895e+01  5.59433e-07
1.28889e+01  5.57124e-07
1.28862e+01  5.47947e-07
1.28817e+01  5.36698e-07
1.28760e+01  5.25679e-07
1.28704e+01  5.16867e-07
1.28691e+01  5.14887e-07
1.28608e+01  5.04316e-07
