# NA62  (HNLimits id: na62)
# Source: mhostert/Heavy-Neutrino-Limits sheet Umu4
# Flavor: Umu
# Format: blank line separates "bottom" and "top" curves.
# mass_GeV  U2
# bottom
2.00000e+02  2.69182e-08
2.01000e+02  4.79137e-08
2.02000e+02  3.59478e-08
2.03000e+02  3.55925e-08
2.04000e+02  2.32205e-08
2.05000e+02  3.33988e-08
2.06000e+02  3.21189e-08
2.07000e+02  3.69600e-08
2.08000e+02  4.87425e-08
2.09000e+02  3.97163e-08
2.10000e+02  2.94719e-08
2.11000e+02  2.69458e-08
2.12000e+02  2.87414e-08
2.13000e+02  2.27550e-08
2.14000e+02  1.97950e-08
2.15000e+02  1.73044e-08
2.16000e+02  1.88803e-08
2.17000e+02  2.76594e-08
2.18000e+02  3.42903e-08
2.19000e+02  2.63119e-08
2.20000e+02  2.82851e-08
2.21000e+02  2.75027e-08
2.22000e+02  3.42503e-08
2.23000e+02  2.78576e-08
2.24000e+02  2.71402e-08
2.25000e+02  2.44790e-08
2.26000e+02  2.86234e-08
2.27000e+02  2.46708e-08
2.28000e+02  2.02712e-08
2.29000e+02  1.44332e-08
2.30000e+02  1.40898e-08
2.31000e+02  1.33395e-08
2.32000e+02  1.28298e-08
2.33000e+02  8.41669e-09
2.34000e+02  6.76240e-09
2.35000e+02  5.82157e-09
2.36000e+02  6.18007e-09
2.37000e+02  7.41413e-09
2.38000e+02  7.53547e-09
2.39000e+02  1.14791e-08
2.40000e+02  1.81247e-08
2.41000e+02  2.71136e-08
2.42000e+02  3.28486e-08
2.43000e+02  2.67132e-08
2.44000e+02  2.51209e-08
2.45000e+02  2.26248e-08
2.46000e+02  2.08210e-08
2.47000e+02  1.41751e-08
2.48000e+02  8.44385e-09
2.49000e+02  9.23000e-09
2.50000e+02  7.47987e-09
2.51000e+02  8.40947e-09
2.52000e+02  4.85076e-09
2.53000e+02  5.54875e-09
2.54000e+02  7.86387e-09
2.55000e+02  8.22660e-09
2.56000e+02  1.42435e-08
2.57000e+02  2.34990e-08
2.58000e+02  2.85030e-08
2.59000e+02  2.47981e-08
2.60000e+02  2.14030e-08
2.61000e+02  2.06765e-08
2.62000e+02  9.45661e-09
2.63000e+02  1.04115e-08
2.64000e+02  7.95164e-09
2.65000e+02  8.68739e-09
2.66000e+02  7.66788e-09
2.67000e+02  6.59474e-09
2.68000e+02  5.38921e-09
2.69000e+02  7.47377e-09
2.70000e+02  9.28991e-09
2.71000e+02  1.12957e-08
2.72000e+02  1.15106e-08
2.73000e+02  1.47381e-08
2.74000e+02  1.28548e-08
2.75000e+02  8.57730e-09
2.76000e+02  7.52344e-09
2.77000e+02  6.90325e-09
2.78000e+02  7.02470e-09
2.79000e+02  6.74811e-09
2.80000e+02  8.20535e-09
2.81000e+02  8.45345e-09
2.82000e+02  1.01253e-08
2.83000e+02  1.09464e-08
2.84000e+02  1.00741e-08
2.85000e+02  1.40672e-08
2.86000e+02  1.12341e-08
2.87000e+02  8.45255e-09
2.88000e+02  9.96911e-09
2.89000e+02  1.02226e-08
2.90000e+02  7.75608e-09
2.91000e+02  7.14968e-09
2.92000e+02  1.24279e-08
2.93000e+02  1.15865e-08
2.94000e+02  1.76247e-08
2.95000e+02  1.24534e-08
2.96000e+02  6.88737e-09
2.97000e+02  6.60675e-09
2.98000e+02  3.62407e-09
2.99000e+02  1.23800e-08
3.00000e+02  9.05385e-09
3.00500e+02  9.75233e-09
3.01000e+02  1.01662e-08
3.01500e+02  9.00664e-09
3.02000e+02  8.89947e-09
3.02500e+02  8.16712e-09
3.03000e+02  9.10680e-09
3.03500e+02  7.59727e-09
3.04000e+02  7.41293e-09
3.04500e+02  6.30228e-09
3.05000e+02  8.41190e-09
3.05500e+02  8.43583e-09
3.06000e+02  1.03418e-08
3.06500e+02  8.54432e-09
3.07000e+02  7.77973e-09
3.07500e+02  9.76132e-09
3.08000e+02  7.01713e-09
3.08500e+02  5.32418e-09
3.09000e+02  5.17484e-09
3.09500e+02  5.58471e-09
3.10000e+02  5.72406e-09
3.10500e+02  5.84926e-09
3.11000e+02  5.94489e-09
3.11500e+02  7.91202e-09
3.12000e+02  1.08311e-08
3.12500e+02  8.25911e-09
3.13000e+02  6.73857e-09
3.13500e+02  6.15590e-09
3.14000e+02  9.40699e-09
3.14500e+02  1.82553e-08
3.15000e+02  1.56347e-08
3.15500e+02  1.51402e-08
3.16000e+02  1.51808e-08
3.16500e+02  1.50315e-08
3.17000e+02  1.63650e-08
3.17500e+02  1.19129e-08
3.18000e+02  9.56441e-09
3.18500e+02  1.24265e-08
3.19000e+02  1.07426e-08
3.19500e+02  7.07697e-09
3.20000e+02  5.88088e-09
3.20500e+02  4.26497e-09
3.21000e+02  4.97480e-09
3.21500e+02  3.80491e-09
3.22000e+02  3.77148e-09
3.22500e+02  4.80586e-09
3.23000e+02  4.39133e-09
3.23500e+02  5.57265e-09
3.24000e+02  5.17508e-09
3.24500e+02  6.20118e-09
3.25000e+02  8.26109e-09
3.25500e+02  8.64284e-09
3.26000e+02  1.08721e-08
3.26500e+02  9.43550e-09
3.27000e+02  8.57678e-09
3.27500e+02  8.47916e-09
3.28000e+02  6.34276e-09
3.28500e+02  5.47417e-09
3.29000e+02  7.66748e-09
3.29500e+02  1.16499e-08
3.30000e+02  8.89519e-09
3.30500e+02  9.10454e-09
3.31000e+02  1.22890e-08
3.31500e+02  1.04786e-08
3.32000e+02  1.07194e-08
3.32500e+02  1.05210e-08
3.33000e+02  1.02651e-08
3.33500e+02  5.70218e-09
3.34000e+02  6.74709e-09
3.34500e+02  6.37171e-09
3.35000e+02  5.11987e-09
3.35500e+02  4.46373e-09
3.36000e+02  5.54624e-09
3.36500e+02  8.92059e-09
3.37000e+02  6.99419e-09
3.37500e+02  5.23945e-09
3.38000e+02  5.19404e-09
3.38500e+02  7.30654e-09
3.39000e+02  7.65306e-09
3.39500e+02  8.74669e-09
3.40000e+02  1.09458e-08
3.40500e+02  1.16907e-08
3.41000e+02  1.01126e-08
3.41500e+02  1.02239e-08
3.42000e+02  6.68387e-09
3.42500e+02  4.68270e-09
3.43000e+02  4.35847e-09
3.43500e+02  4.72960e-09
3.44000e+02  4.72181e-09
3.44500e+02  7.38325e-09
3.45000e+02  7.78624e-09
3.45500e+02  7.40894e-09
3.46000e+02  4.51519e-09
3.46500e+02  1.07443e-08
3.47000e+02  1.66033e-08
3.47500e+02  1.36022e-08
3.48000e+02  1.33499e-08
3.48500e+02  1.00671e-08
3.49000e+02  3.97753e-09
3.49500e+02  4.31472e-09
3.50000e+02  3.41112e-09
3.50500e+02  3.55975e-09
3.51000e+02  9.55330e-09
3.51500e+02  8.11758e-09
3.52000e+02  1.04106e-08
3.52500e+02  1.59949e-08
3.53000e+02  1.11779e-08
3.53500e+02  1.27393e-08
3.54000e+02  1.19768e-08
3.54500e+02  7.28762e-09
3.55000e+02  6.45661e-09
3.55500e+02  3.18283e-09
3.56000e+02  3.40016e-09
3.56500e+02  4.28806e-09
3.57000e+02  8.04825e-09
3.57500e+02  1.30599e-08
3.58000e+02  1.20205e-08
3.58500e+02  9.87391e-09
3.59000e+02  6.97606e-09
3.59500e+02  6.25980e-09
3.60000e+02  5.84382e-09
3.60500e+02  7.45743e-09
3.61000e+02  7.54791e-09
3.61500e+02  6.86505e-09
3.62000e+02  5.25882e-09
3.62500e+02  1.07746e-08
3.63000e+02  9.64368e-09
3.63500e+02  1.57729e-08
3.64000e+02  1.33750e-08
3.64500e+02  1.19452e-08
3.65000e+02  8.28274e-09
3.65500e+02  6.54189e-09
3.66000e+02  7.64844e-09
3.66500e+02  5.12954e-09
3.67000e+02  4.82589e-09
3.67500e+02  4.83060e-09
3.68000e+02  1.03525e-08
3.68500e+02  1.05940e-08
3.69000e+02  1.30655e-08
3.69500e+02  7.00190e-09
3.70000e+02  6.93286e-09
3.70500e+02  7.36909e-09
3.71000e+02  8.25906e-09
3.71500e+02  1.38362e-08
3.72000e+02  8.78440e-09
3.72500e+02  8.79131e-09
3.73000e+02  6.39609e-09
3.73500e+02  8.37231e-09
3.74000e+02  9.22659e-09
3.74500e+02  9.25093e-09
3.75000e+02  9.89684e-09
3.75500e+02  8.18964e-09
3.76000e+02  5.86656e-09
3.76500e+02  4.68507e-09
3.77000e+02  1.28135e-08
3.77500e+02  1.64979e-08
3.78000e+02  9.23903e-09
3.78500e+02  6.30862e-09
3.79000e+02  1.54278e-08
3.79500e+02  1.83046e-08
3.80000e+02  1.20692e-08
3.80500e+02  1.82528e-08
3.81000e+02  1.84685e-08
3.81500e+02  1.54793e-08
3.82000e+02  1.32968e-08
3.82500e+02  9.23071e-09
3.83000e+02  3.14379e-08
3.83500e+02  6.18358e-08
3.84000e+02  3.93700e-08
