# PSI  (HNLimits id: psi)
# Source: mhostert/Heavy-Neutrino-Limits sheet Umu4
# Flavor: Umu
# Format: blank line separates "bottom" and "top" curves.
# mass_GeV  U2
# bottom
1.00055e+00  1.14873e-02
1.12481e+00  9.82117e-03
1.19419e+00  8.43142e-03
1.25369e+00  7.29823e-03
1.31318e+00  6.34346e-03
1.38260e+00  5.35670e-03
1.46192e+00  4.43570e-03
1.54123e+00  3.70730e-03
1.61063e+00  3.14679e-03
1.67025e+00  2.58164e-03
1.71989e+00  2.22545e-03
1.76955e+00  1.91051e-03
1.82913e+00  1.59346e-03
1.88874e+00  1.30728e-03
1.93844e+00  1.09936e-03
1.97821e+00  9.53560e-04
2.02795e+00  7.83912e-04
2.08759e+00  6.37840e-04
2.13726e+00  5.43074e-04
2.17701e+00  4.73972e-04
2.22669e+00  4.01891e-04
2.27637e+00  3.41476e-04
2.31613e+00  2.96187e-04
2.35591e+00  2.55320e-04
2.39249e+00  2.12070e-04
2.43557e+00  1.81682e-04
2.46544e+00  1.59547e-04
2.50534e+00  1.30352e-04
2.55507e+00  1.08049e-04
2.59489e+00  9.14277e-05
2.63472e+00  7.68860e-05
2.67130e+00  6.35989e-05
2.71122e+00  5.13221e-05
2.75431e+00  4.37870e-05
2.81390e+00  3.64454e-05
2.91231e+00  4.06585e-05
2.99088e+00  4.77582e-05
3.07957e+00  4.96294e-05
3.14903e+00  4.11724e-05
3.19868e+00  3.54187e-05
3.28778e+00  3.05329e-05
3.40590e+00  3.44162e-05
3.52424e+00  3.48480e-05
3.63307e+00  3.00414e-05
3.89944e+00  2.97393e-05
4.01764e+00  3.21670e-05
4.13612e+00  3.07428e-05
4.22486e+00  3.11921e-05
4.28376e+00  3.57425e-05
4.35245e+00  4.22439e-05
4.44091e+00  4.88289e-05
4.54916e+00  5.51295e-05
4.66751e+00  5.58212e-05
4.78590e+00  5.52536e-05
4.90438e+00  5.26985e-05
4.98358e+00  4.63754e-05
5.02345e+00  3.82821e-05
5.06323e+00  3.30000e-05
5.10305e+00  2.79236e-05
5.12638e+00  2.41700e-05
5.16293e+00  2.02420e-05
5.18297e+00  1.75571e-05
5.24244e+00  1.54184e-05
5.33093e+00  1.75954e-05
5.37992e+00  2.04975e-05
5.42892e+00  2.38784e-05
5.49758e+00  2.86322e-05
5.58606e+00  3.28099e-05
5.66463e+00  3.85390e-05
5.75310e+00  4.44364e-05
5.85187e+00  4.19028e-05
5.91140e+00  3.57880e-05
5.95124e+00  3.00959e-05
5.99099e+00  2.62664e-05
6.04067e+00  2.22719e-05
6.12974e+00  1.94387e-05
6.20888e+00  1.75712e-05
6.23229e+00  1.46851e-05
6.25246e+00  1.19484e-05
6.30901e+00  8.84192e-06
6.32701e+00  1.02613e-05
6.37062e+00  1.31930e-05
6.40630e+00  1.65706e-05
6.44191e+00  2.14669e-05
6.48086e+00  2.71581e-05
6.50341e+00  3.36562e-05
6.58173e+00  4.41909e-05
6.70001e+00  4.63421e-05
6.80870e+00  4.25879e-05
6.87811e+00  3.60374e-05
6.91791e+00  3.08734e-05
6.94789e+00  2.58026e-05
6.97784e+00  2.18332e-05
7.03044e+00  1.76916e-05
7.03775e+00  1.56323e-05
7.09602e+00  2.39589e-05
7.15465e+00  3.09429e-05
7.23382e+00  2.74558e-05
7.26374e+00  2.37162e-05
7.35275e+00  2.12618e-05
7.43161e+00  2.18409e-05
7.46157e+00  1.84429e-05
7.47170e+00  1.63299e-05
7.50161e+00  1.40766e-05
7.53150e+00  1.22854e-05
7.56147e+00  1.03526e-05
7.64363e+00  8.51351e-06
7.72599e+00  9.81332e-06
7.74858e+00  1.19871e-05
7.81731e+00  1.38554e-05
7.88600e+00  1.64365e-05
7.92164e+00  2.09663e-05
7.94414e+00  2.66341e-05
7.99308e+00  3.18046e-05
8.08164e+00  3.51895e-05
8.21004e+00  3.25736e-05
8.29912e+00  2.84299e-05
8.37840e+00  2.40572e-05
8.44786e+00  1.98798e-05
8.53510e+00  1.62829e-05
8.54711e+00  1.50804e-05
8.63558e+00  1.73343e-05
8.73464e+00  1.43542e-05
8.84329e+00  1.34607e-05
8.89302e+00  1.11392e-05
8.92961e+00  9.19519e-06
9.01200e+00  8.41532e-06
9.10071e+00  8.71623e-06
9.13983e+00  1.01538e-05
9.15256e+00  1.23773e-05
9.18829e+00  1.51816e-05
9.26700e+00  1.66592e-05
9.35584e+00  1.61862e-05
9.43438e+00  1.93288e-05
9.48334e+00  2.28444e-05
9.50273e+00  2.66666e-05
9.52537e+00  3.17117e-05
9.60071e+00  3.62635e-05
9.68969e+00  3.30514e-05
9.73926e+00  2.94472e-05
9.77907e+00  2.50720e-05
9.77938e+00  2.17461e-05
9.79954e+00  1.78400e-05
9.81971e+00  1.45453e-05
9.84311e+00  1.21813e-05
9.87966e+00  1.02227e-05
9.93497e+00  8.68090e-06
1.00013e+01  1.02448e-05
1.00468e+01  1.33077e-05
1.01320e+01  1.53503e-05
1.01645e+01  1.78083e-05
1.01970e+01  2.13531e-05
1.02651e+01  2.68719e-05
1.03706e+01  2.89199e-05
1.04689e+01  3.41108e-05
1.05876e+01  2.92850e-05
1.06667e+01  2.66909e-05
1.07065e+01  2.32947e-05
1.07118e+01  1.95286e-05
1.07566e+01  1.64057e-05
1.07668e+01  1.41272e-05
1.07686e+01  1.18781e-05
1.07777e+01  8.44435e-06
1.07814e+01  9.79631e-06
1.08776e+01  1.81254e-05
1.10027e+01  2.07584e-05
1.10817e+01  2.00858e-05
1.11348e+01  1.60755e-05
1.11521e+01  1.05981e-05
1.11591e+01  8.76637e-06
1.11742e+01  1.28885e-05
1.12300e+01  1.71029e-05
1.12599e+01  1.47126e-05
1.13686e+01  1.35878e-05
1.14216e+01  1.13236e-05
1.15018e+01  9.81917e-06
1.15077e+01  8.47011e-06
1.15657e+01  1.47465e-05
1.15660e+01  1.30300e-05
1.16015e+01  1.77184e-05
1.16833e+01  2.15551e-05
1.17586e+01  2.48532e-05
1.18018e+01  2.03474e-05
1.18316e+01  1.77582e-05
1.18782e+01  1.42419e-05
1.19903e+01  1.21265e-05
1.20009e+01  8.77214e-06
1.20103e+01  1.06359e-05
1.20667e+01  1.56552e-05
1.20782e+01  1.84334e-05
1.20976e+01  2.14511e-05
1.21465e+01  2.53265e-05
1.22718e+01  2.78335e-05
1.22742e+01  3.25763e-05
1.23832e+01  2.65619e-05
1.24593e+01  2.13909e-05
1.24622e+01  2.54375e-05
1.25152e+01  1.73947e-05
1.25422e+01  1.51276e-05
1.26677e+01  1.48640e-05
1.27453e+01  1.63366e-05
1.28088e+01  1.38409e-05
1.28586e+01  1.10364e-05
1.28953e+01  8.74214e-06
1.29846e+01  8.44400e-06
1.30068e+01  9.93557e-06
1.30196e+01  1.15264e-05
1.30389e+01  1.42843e-05
1.30942e+01  1.86393e-05
1.31828e+01  2.05381e-05
1.32021e+01  2.42230e-05
1.32412e+01  2.92854e-05
1.33100e+01  3.33165e-05
1.33986e+01  3.62216e-05
1.34484e+01  2.86331e-05
1.34981e+01  2.36949e-05
1.35380e+01  1.97951e-05
1.35781e+01  1.47697e-05
1.35876e+01  1.73121e-05
1.37045e+01  1.74417e-05
1.37654e+01  1.55215e-05
1.37943e+01  2.07609e-05
1.38078e+01  1.78592e-05
1.38806e+01  1.48649e-05
1.39820e+01  1.83470e-05
1.40807e+01  1.81227e-05
1.41106e+01  1.54618e-05
1.41440e+01  1.25804e-05
1.41708e+01  9.88328e-06
1.42403e+01  8.22625e-06
1.43587e+01  8.09237e-06
1.44471e+01  9.70360e-06
1.44473e+01  8.53878e-06
1.44600e+01  1.08918e-05
1.44661e+01  1.33868e-05
1.44789e+01  1.58539e-05
1.45442e+01  1.95025e-05
1.46200e+01  2.21983e-05
1.46503e+01  2.41307e-05
1.46921e+01  1.98949e-05
1.47705e+01  2.51182e-05
1.48889e+01  2.53286e-05
1.49280e+01  2.90232e-05
1.50074e+01  2.36154e-05
1.51023e+01  1.86411e-05
1.51070e+01  1.50956e-05
1.52151e+01  1.80716e-05
1.52749e+01  1.41187e-05
1.53247e+01  1.12928e-05
1.53677e+01  9.67062e-06
1.53943e+01  8.64438e-06
1.54332e+01  1.09904e-05
1.54362e+01  1.28821e-05
1.54522e+01  1.55420e-05
1.54534e+01  8.85045e-06
1.54969e+01  1.89125e-05
1.55473e+01  2.14048e-05
1.56092e+01  2.25319e-05
1.56294e+01  1.86378e-05
1.56364e+01  1.52899e-05
1.56832e+01  1.07017e-05
1.57013e+01  1.25646e-05
1.57049e+01  9.07403e-06
1.57746e+01  1.47342e-05
1.58004e+01  1.81097e-05
1.58262e+01  2.26756e-05
1.58780e+01  2.89558e-05
1.59647e+01  1.96697e-05
1.59742e+01  2.31747e-05
1.59750e+01  1.59380e-05
1.60051e+01  1.25988e-05
1.60253e+01  9.95906e-06
1.60750e+01  8.37512e-06
1.61440e+01  8.69237e-06
1.61832e+01  9.55777e-06
1.61890e+01  1.28405e-05
1.62719e+01  1.02106e-05
1.62722e+01  8.85612e-06
1.62863e+01  1.18821e-05
1.63200e+01  1.80425e-05
1.63360e+01  2.14559e-05
1.63586e+01  2.66996e-05
1.64173e+01  3.26013e-05
1.64961e+01  3.42013e-05
1.65853e+01  2.85853e-05
1.67040e+01  2.44906e-05
1.68028e+01  2.26228e-05
1.68441e+01  1.86996e-05
1.69608e+01  2.13340e-05
1.70291e+01  2.99844e-05
1.70616e+01  3.56574e-05
1.71466e+01  4.62429e-05
1.72456e+01  3.90827e-05
1.73346e+01  3.42238e-05
1.74183e+01  3.78269e-05
1.74622e+01  4.64455e-05
1.75156e+01  5.11424e-05
1.75513e+01  4.08730e-05
1.75813e+01  3.32218e-05
1.76300e+01  2.66894e-05
1.76931e+01  3.33965e-05
1.77782e+01  4.01905e-05
1.78870e+01  3.50966e-05
1.80021e+01  3.41007e-05
1.81045e+01  2.83256e-05
1.81934e+01  2.68485e-05
1.82634e+01  1.51334e-05
1.82890e+01  2.32983e-05
1.83511e+01  2.79826e-05
1.83903e+01  3.23299e-05
1.84146e+01  3.83278e-05
1.84981e+01  4.49742e-05
1.85772e+01  4.09058e-05
1.86170e+01  3.49000e-05
1.86784e+01  3.06235e-05
1.87261e+01  2.62842e-05
1.87856e+01  2.27751e-05
1.87938e+01  1.94227e-05
1.88221e+01  1.47658e-05
1.88645e+01  2.25894e-05
1.88648e+01  1.97144e-05
1.88742e+01  2.50952e-05
1.88771e+01  2.94148e-05
1.89029e+01  3.74051e-05
1.89848e+01  4.21177e-05
1.90313e+01  3.54921e-05
1.90613e+01  2.92979e-05
1.90882e+01  2.23154e-05
1.91579e+01  1.99645e-05
1.92696e+01  2.72718e-05
1.93440e+01  1.96522e-05
1.94327e+01  2.27115e-05
1.94493e+01  2.87085e-05
1.94784e+01  3.87221e-05
1.95385e+01  3.41689e-05
