# NA62  (HNLimits id: na62)
# Source: mhostert/Heavy-Neutrino-Limits sheet Ue4
# Flavor: Ue
# Format: blank line separates "bottom" and "top" curves.
# mass_GeV  U2
# bottom
1.44000e+02  2.20202e-09
1.49000e+02  8.16746e-10
1.53800e+02  1.47054e-09
1.58400e+02  2.51995e-09
1.62800e+02  2.53303e-09
1.67000e+02  2.22901e-09
1.71100e+02  2.23763e-09
1.75100e+02  1.10229e-09
1.78900e+02  1.86608e-09
1.82600e+02  1.47194e-09
1.86200e+02  1.68133e-09
1.89700e+02  1.37793e-09
1.93100e+02  1.59934e-09
1.96400e+02  8.61348e-10
1.99600e+02  6.50406e-10
2.02800e+02  4.34763e-10
2.05900e+02  4.88442e-10
2.08900e+02  5.98187e-10
2.11900e+02  1.34270e-09
2.14800e+02  1.62849e-09
2.17600e+02  1.64648e-09
2.20400e+02  1.00427e-09
2.23100e+02  6.89644e-10
2.25800e+02  6.04740e-10
2.28400e+02  5.57603e-10
2.31000e+02  6.66521e-10
2.33500e+02  6.07256e-10
2.36000e+02  8.21787e-10
2.38500e+02  8.34372e-10
2.40900e+02  1.07100e-09
2.43300e+02  8.04486e-10
2.45600e+02  7.27420e-10
2.47900e+02  4.88723e-10
2.50200e+02  5.25481e-10
2.52400e+02  5.01442e-10
2.54600e+02  1.00625e-09
2.56800e+02  6.67085e-10
2.59000e+02  9.03876e-10
2.61100e+02  1.14141e-09
2.63200e+02  1.09109e-09
2.65300e+02  7.43078e-10
2.67300e+02  4.96511e-10
2.69300e+02  4.91887e-10
2.71300e+02  5.75625e-10
2.73300e+02  5.97210e-10
2.75200e+02  1.00093e-09
2.77100e+02  8.38399e-10
2.79000e+02  7.81794e-10
2.80900e+02  8.29846e-10
2.82800e+02  5.50289e-10
2.84600e+02  9.51274e-10
2.86400e+02  5.37579e-10
2.88200e+02  8.25639e-10
2.90000e+02  6.56649e-10
2.91800e+02  7.79103e-10
2.93500e+02  6.98302e-10
2.95200e+02  5.70922e-10
2.96900e+02  7.96653e-10
2.98600e+02  6.20834e-10
3.00300e+02  5.53550e-10
3.02000e+02  7.82739e-10
3.03600e+02  9.39260e-10
3.05200e+02  1.02555e-09
3.06800e+02  6.04831e-10
3.08400e+02  4.81319e-10
3.10000e+02  5.30981e-10
3.11600e+02  9.24362e-10
3.13100e+02  1.03811e-09
3.14600e+02  6.93267e-10
3.16100e+02  5.41730e-10
3.17600e+02  5.25111e-10
3.19100e+02  7.00348e-10
3.20600e+02  8.51864e-10
3.22100e+02  1.29672e-09
3.23500e+02  1.18471e-09
3.24900e+02  9.21145e-10
3.26300e+02  4.75840e-10
3.27700e+02  5.02891e-10
3.29100e+02  4.31363e-10
3.30500e+02  4.71631e-10
3.31900e+02  7.45604e-10
3.33300e+02  1.06157e-09
3.34600e+02  7.64944e-10
3.35900e+02  7.55183e-10
3.37200e+02  7.90994e-10
3.38500e+02  7.27588e-10
3.39800e+02  5.34572e-10
3.41100e+02  3.52092e-10
3.42400e+02  5.66807e-10
3.43700e+02  1.00855e-09
3.44900e+02  1.83328e-09
3.46100e+02  2.15819e-09
3.47300e+02  1.33493e-09
3.48500e+02  4.64637e-10
3.49700e+02  3.47188e-10
3.50900e+02  4.23634e-10
3.52100e+02  5.15497e-10
3.53300e+02  4.70342e-10
3.54500e+02  5.09750e-10
3.55700e+02  1.21838e-09
3.56800e+02  2.12683e-09
3.57900e+02  2.81706e-09
3.59000e+02  2.14899e-09
3.60100e+02  1.44941e-09
3.61200e+02  1.35342e-09
3.62300e+02  9.31890e-10
3.63400e+02  1.01496e-09
3.64500e+02  8.28321e-10
3.65600e+02  7.79192e-10
3.66700e+02  1.03100e-09
3.67700e+02  1.43231e-09
3.68700e+02  1.82338e-09
3.69700e+02  1.79580e-09
3.70700e+02  1.74678e-09
3.71700e+02  1.79015e-09
3.72700e+02  2.02394e-09
3.73700e+02  1.04335e-09
3.74700e+02  9.81346e-10
3.75700e+02  8.23620e-10
3.76700e+02  1.25681e-09
3.77700e+02  1.18922e-09
3.78700e+02  1.94073e-09
3.79600e+02  1.66261e-09
3.80500e+02  2.30755e-09
3.81400e+02  1.78355e-09
3.82300e+02  1.63447e-09
3.83200e+02  9.33489e-10
3.84100e+02  5.97338e-10
3.85000e+02  7.07723e-10
3.85900e+02  9.62083e-10
3.86800e+02  1.47903e-09
3.87700e+02  7.85042e-10
3.88600e+02  9.53333e-10
3.89500e+02  1.41415e-09
3.90400e+02  1.93260e-09
3.91300e+02  2.22773e-09
3.92100e+02  1.15561e-09
3.92900e+02  8.34850e-10
3.93700e+02  7.90957e-10
3.94500e+02  1.63614e-09
3.95300e+02  1.27545e-09
3.96100e+02  1.11964e-09
3.96900e+02  5.46961e-10
3.97700e+02  7.03434e-10
3.98500e+02  1.66168e-09
3.99300e+02  2.26114e-09
4.00100e+02  2.71566e-09
4.00900e+02  1.23127e-09
4.01700e+02  9.86344e-10
4.02500e+02  9.46651e-10
4.03300e+02  1.17508e-09
4.04000e+02  9.84072e-10
4.04700e+02  7.20431e-10
4.05400e+02  1.00796e-09
4.06100e+02  1.61439e-09
4.06800e+02  2.16487e-09
4.07500e+02  2.01834e-09
4.08200e+02  2.81941e-09
4.08900e+02  2.21053e-09
4.09600e+02  2.06659e-09
4.10300e+02  1.33649e-09
4.11000e+02  1.27526e-09
4.11700e+02  8.92581e-10
4.12400e+02  1.12358e-09
4.13100e+02  1.31481e-09
4.13800e+02  2.00781e-09
4.14500e+02  1.69478e-09
4.15200e+02  1.82914e-09
4.15900e+02  2.10711e-09
4.16600e+02  2.01820e-09
4.17200e+02  1.80244e-09
4.17800e+02  1.73603e-09
4.18400e+02  1.85563e-09
4.19000e+02  2.28806e-09
4.19600e+02  2.62848e-09
4.20200e+02  1.76359e-09
4.20800e+02  1.12087e-09
4.21400e+02  1.46663e-09
4.22000e+02  1.36327e-09
4.22600e+02  1.75664e-09
4.23200e+02  1.79566e-09
4.23800e+02  3.33324e-09
4.24400e+02  5.92414e-09
4.25000e+02  3.42459e-09
4.25600e+02  3.23436e-09
4.26200e+02  2.12487e-09
4.26800e+02  3.51010e-09
4.27400e+02  2.51752e-09
4.28000e+02  3.28331e-09
4.28600e+02  1.68887e-09
4.29200e+02  1.95056e-09
4.29800e+02  2.29313e-09
4.30400e+02  3.19559e-09
4.30900e+02  3.06197e-09
4.31400e+02  2.54374e-09
4.31900e+02  3.45952e-09
4.32400e+02  4.19250e-09
4.32900e+02  3.58195e-09
4.33400e+02  4.01206e-09
4.33900e+02  3.69082e-09
4.34400e+02  5.03800e-09
4.34900e+02  3.62042e-09
4.35400e+02  1.83959e-09
4.35900e+02  1.65021e-09
4.36400e+02  1.90363e-09
4.36900e+02  3.47350e-09
4.37400e+02  3.65081e-09
4.37900e+02  2.91274e-09
4.38400e+02  3.92019e-09
4.38900e+02  6.58538e-09
4.39400e+02  6.02404e-09
4.39900e+02  4.49199e-09
4.40400e+02  3.65298e-09
4.40900e+02  5.69779e-09
4.41400e+02  4.50650e-09
4.41900e+02  5.97331e-09
4.42400e+02  5.75908e-09
4.42900e+02  2.80148e-09
4.43400e+02  2.26427e-09
4.43900e+02  4.34751e-09
4.44400e+02  9.04857e-09
4.44900e+02  1.06738e-08
4.45400e+02  1.09878e-08
4.45900e+02  7.79533e-09
4.46400e+02  4.03663e-09
4.46800e+02  3.65879e-09
4.47200e+02  4.22696e-09
4.47600e+02  5.23100e-09
4.48000e+02  9.79259e-09
4.48400e+02  1.04625e-08
4.48800e+02  1.34635e-08
4.49200e+02  9.28340e-09
4.49600e+02  9.53901e-09
4.50000e+02  1.14567e-08
4.50400e+02  1.35807e-08
4.50800e+02  1.24545e-08
4.51200e+02  1.78042e-08
4.51600e+02  1.19264e-08
4.52000e+02  7.10113e-09
4.52400e+02  4.27434e-09
4.52800e+02  3.93664e-09
4.53200e+02  5.75162e-09
4.53600e+02  7.12126e-09
4.54000e+02  1.13120e-08
4.54400e+02  1.06728e-08
4.54800e+02  1.07788e-08
4.55200e+02  8.47579e-09
4.55600e+02  9.90859e-09
4.56000e+02  1.00152e-08
4.56400e+02  8.05519e-09
4.56800e+02  6.55850e-09
4.57200e+02  2.14293e-08
4.57600e+02  3.80579e-08
4.58000e+02  4.03955e-08
4.58400e+02  3.28245e-08
4.58800e+02  3.56483e-08
4.59200e+02  6.26288e-08
4.59600e+02  2.64092e-08
4.60000e+02  7.57191e-08
4.60400e+02  2.58108e-08
4.60800e+02  1.00013e-07
4.61200e+02  8.97816e-08
4.61600e+02  1.42425e-07
4.62000e+02  4.11214e-07
