# ANUBIS HNL |Umu|^2 sensitivity (BC7 benchmark)
# Digitized from arXiv:2505.00947v2, fig:pbc_bc7_gray_final, 2026-06-06
# Method: vector extraction from PDF path operators (PyMuPDF)
# Source file: Figures/5-PhysicsReach/BSM_benchmarks/pbc_bc7_gray_final.pdf
# mass_GeV  u2_min  u2_max
0.1840  5.351e-02  5.351e-02
0.1841  5.237e-02  5.237e-02
0.1862  3.519e-02  3.519e-02
0.1877  2.930e-02  2.930e-02
0.1896  2.314e-02  2.314e-02
0.1913  1.975e-02  1.975e-02
0.1941  1.521e-02  1.521e-02
0.1950  1.432e-02  1.432e-02
0.1987  1.095e-02  1.095e-02
0.2000  1.000e-02  1.000e-02
0.2026  8.617e-03  8.617e-03
0.2064  6.886e-03  6.886e-03
0.2073  6.572e-03  6.572e-03
0.2104  5.643e-03  5.643e-03
0.2145  4.657e-03  4.657e-03
0.2161  4.318e-03  4.318e-03
0.2186  3.899e-03  3.899e-03
0.2228  3.295e-03  3.295e-03
0.2266  2.837e-03  2.837e-03
0.2271  2.790e-03  2.790e-03
0.2315  2.402e-03  2.402e-03
0.2359  2.068e-03  2.068e-03
0.2391  1.863e-03  1.863e-03
0.2405  1.789e-03  1.789e-03
0.2451  1.563e-03  1.563e-03
0.2498  1.366e-03  1.366e-03
0.2500  1.360e-03  1.360e-03
0.2520  1.286e-03  1.286e-03
0.2538  1.224e-03  1.224e-03
0.2540  1.217e-03  1.217e-03
0.2546  1.197e-03  1.197e-03
0.2560  1.157e-03  1.157e-03
0.2580  1.100e-03  1.100e-03
0.2596  1.058e-03  1.058e-03
0.2600  1.047e-03  1.047e-03
0.2620  9.962e-04  9.962e-04
0.2640  9.485e-04  9.485e-04
0.2646  9.357e-04  9.357e-04
0.2660  9.035e-04  9.035e-04
0.2680  8.609e-04  8.609e-04
0.2697  8.275e-04  8.275e-04
0.2700  8.207e-04  8.207e-04
0.2709  8.036e-04  8.036e-04
0.2720  7.839e-04  7.839e-04
0.2740  7.501e-04  7.501e-04
0.2748  7.362e-04  7.362e-04
0.2760  7.179e-04  7.179e-04
0.2780  6.874e-04  6.874e-04
0.2800  6.583e-04  6.583e-04
0.2801  6.563e-04  6.563e-04
0.2820  6.307e-04  6.307e-04
0.2840  6.044e-04  6.044e-04
0.2855  5.852e-04  5.852e-04
0.2860  5.794e-04  5.794e-04
0.2880  5.556e-04  5.556e-04
0.2900  5.329e-04  5.329e-04
0.2904  5.283e-04  5.283e-04
0.2910  5.221e-04  5.221e-04
0.2920  5.123e-04  5.123e-04
0.2940  4.929e-04  4.929e-04
0.2960  4.743e-04  4.743e-04
0.2966  4.685e-04  4.685e-04
0.2980  4.565e-04  4.565e-04
0.3000  4.396e-04  4.396e-04
0.3020  4.233e-04  4.233e-04
0.3024  4.206e-04  4.206e-04
0.3040  4.078e-04  4.078e-04
0.3060  3.929e-04  3.929e-04
0.3080  3.787e-04  3.787e-04
0.3082  3.775e-04  3.775e-04
0.3100  3.650e-04  3.650e-04
0.3120  3.520e-04  3.520e-04
0.3127  3.478e-04  3.478e-04
0.3140  3.399e-04  3.399e-04
0.3141  3.393e-04  3.393e-04
0.3160  3.286e-04  3.286e-04
0.3180  3.177e-04  3.177e-04
0.3200  3.072e-04  3.072e-04
0.3202  3.064e-04  3.064e-04
0.3220  2.972e-04  2.972e-04
0.3240  2.875e-04  2.875e-04
0.3260  2.782e-04  2.782e-04
0.3263  2.767e-04  2.767e-04
0.3280  2.692e-04  2.692e-04
0.3300  2.606e-04  2.606e-04
0.3320  2.523e-04  2.523e-04
0.3326  2.499e-04  2.499e-04
0.3340  2.444e-04  2.444e-04
0.3360  2.367e-04  2.367e-04
0.3380  2.293e-04  2.293e-04
0.3380  2.293e-04  2.293e-04
0.3390  2.258e-04  2.258e-04
0.3400  2.225e-04  2.225e-04
0.3420  2.160e-04  2.160e-04
0.3440  2.098e-04  2.098e-04
0.3456  2.050e-04  2.050e-04
0.3460  2.037e-04  2.037e-04
0.3480  1.978e-04  1.978e-04
0.3500  1.922e-04  1.922e-04
0.3520  1.867e-04  1.867e-04
0.3522  1.862e-04  1.862e-04
0.3540  1.814e-04  1.814e-04
0.3560  1.763e-04  1.763e-04
0.3580  1.714e-04  1.714e-04
0.3590  1.691e-04  1.691e-04
0.3600  1.667e-04  1.667e-04
0.3620  1.620e-04  1.620e-04
0.3640  1.576e-04  1.576e-04
0.3659  1.535e-04  1.535e-04
0.3660  1.533e-04  1.533e-04
0.3669  1.513e-04  1.513e-04
0.3680  1.492e-04  1.492e-04
0.3700  1.454e-04  1.454e-04
0.3720  1.417e-04  1.417e-04
0.3729  1.400e-04  1.400e-04
0.3740  1.381e-04  1.381e-04
0.3760  1.346e-04  1.346e-04
0.3780  1.312e-04  1.312e-04
0.3800  1.279e-04  1.279e-04
0.3801  1.277e-04  1.277e-04
0.3820  1.247e-04  1.247e-04
0.3840  1.216e-04  1.216e-04
0.3860  1.187e-04  1.187e-04
0.3875  1.165e-04  1.165e-04
0.3880  1.157e-04  1.157e-04
0.3900  1.129e-04  1.129e-04
0.3920  1.102e-04  1.102e-04
0.3940  1.075e-04  1.075e-04
0.3949  1.063e-04  1.063e-04
0.3960  1.049e-04  1.049e-04
0.3980  1.024e-04  1.024e-04
0.4000  1.000e-04  1.000e-04
0.4020  9.775e-05  9.775e-05
0.4025  9.717e-05  9.717e-05
0.4040  9.556e-05  9.556e-05
0.4060  9.343e-05  9.343e-05
0.4080  9.136e-05  9.136e-05
0.4100  8.934e-05  8.934e-05
0.4103  8.907e-05  8.907e-05
0.4120  8.738e-05  8.738e-05
0.4140  8.547e-05  8.547e-05
0.4160  8.361e-05  8.361e-05
0.4180  8.180e-05  8.180e-05
0.4182  8.164e-05  8.164e-05
0.4200  8.003e-05  8.003e-05
0.4220  7.831e-05  7.831e-05
0.4240  7.664e-05  7.664e-05
0.4260  7.501e-05  7.501e-05
0.4262  7.484e-05  7.484e-05
0.4280  7.343e-05  7.343e-05
0.4300  7.188e-05  7.188e-05
0.4320  7.037e-05  7.037e-05
0.4340  6.890e-05  6.890e-05
0.4344  6.859e-05  6.859e-05
0.4360  6.747e-05  6.747e-05
0.4379  6.617e-05  6.617e-05
0.4380  6.608e-05  6.608e-05
0.4400  6.479e-05  6.479e-05
0.4420  6.352e-05  6.352e-05
0.4428  6.302e-05  6.302e-05
0.4440  6.228e-05  6.228e-05
0.4460  6.108e-05  6.108e-05
0.4480  5.990e-05  5.990e-05
0.4500  5.875e-05  5.875e-05
0.4513  5.800e-05  5.800e-05
0.4600  5.338e-05  5.338e-05
0.4689  4.913e-05  4.913e-05
0.4779  4.522e-05  4.522e-05
0.4813  4.385e-05  4.385e-05
0.4871  4.172e-05  4.172e-05
0.4965  3.854e-05  3.854e-05
0.5061  3.560e-05  3.560e-05
0.5158  3.289e-05  3.289e-05
0.5257  3.038e-05  3.038e-05
0.5313  2.909e-05  2.909e-05
0.5359  2.811e-05  2.811e-05
0.5462  2.606e-05  2.606e-05
0.5567  2.416e-05  2.416e-05
0.5674  2.239e-05  2.239e-05
0.5784  2.076e-05  2.076e-05
0.5888  1.933e-05  1.933e-05
0.5895  1.925e-05  1.925e-05
0.6008  1.790e-05  1.790e-05
0.6124  1.665e-05  1.665e-05
0.6242  1.548e-05  1.548e-05
0.6362  1.439e-05  1.439e-05
0.6485  1.339e-05  1.339e-05
0.6554  1.286e-05  1.286e-05
0.6610  1.246e-05  1.246e-05
0.6737  1.162e-05  1.162e-05
0.6867  1.084e-05  1.084e-05
0.6999  1.011e-05  1.011e-05
0.7134  9.426e-06  9.426e-06
0.7271  8.790e-06  8.790e-06
0.7325  8.554e-06  8.554e-06
0.7411  8.205e-06  8.205e-06
0.7554  7.664e-06  7.664e-06
0.7700  7.159e-06  7.159e-06
0.7848  6.687e-06  6.687e-06
0.7999  6.246e-06  6.246e-06
0.8153  5.834e-06  5.834e-06
0.8225  5.654e-06  5.654e-06
0.8310  5.453e-06  5.453e-06
0.8470  5.101e-06  5.101e-06
0.8633  4.771e-06  4.771e-06
0.8799  4.463e-06  4.463e-06
0.8969  4.174e-06  4.174e-06
0.9142  3.904e-06  3.904e-06
0.9276  3.709e-06  3.709e-06
0.9318  3.653e-06  3.653e-06
0.9424  3.513e-06  7.023e-02
0.9497  3.421e-06  6.706e-02
0.9680  3.204e-06  5.982e-02
0.9862  3.006e-06  5.351e-02
0.9867  3.001e-06  5.336e-02
1.0056  2.810e-06  4.757e-02
1.0250  2.632e-06  4.241e-02
1.0448  2.465e-06  3.781e-02
1.0511  2.415e-06  3.646e-02
1.0573  2.367e-06  3.519e-02
1.0649  2.311e-06  3.370e-02
1.0854  2.167e-06  3.002e-02
1.1063  2.031e-06  2.675e-02
1.1276  1.905e-06  2.383e-02
1.1331  1.874e-06  2.314e-02
1.1493  1.786e-06  2.122e-02
1.1715  1.675e-06  1.889e-02
1.1940  1.570e-06  1.682e-02
1.1964  1.560e-06  1.662e-02
1.2139  1.486e-06  1.521e-02
1.2170  1.474e-06  1.498e-02
1.2405  1.383e-06  1.332e-02
1.2643  1.299e-06  1.186e-02
1.2887  1.219e-06  1.055e-02
1.3000  1.184e-06  1.000e-02
1.3135  1.144e-06  9.383e-03
1.3388  1.074e-06  8.344e-03
1.3646  1.008e-06  7.419e-03
1.3680  1.000e-06  7.307e-03
1.3909  9.473e-07  6.597e-03
1.3917  9.454e-07  6.572e-03
1.4177  8.901e-07  5.863e-03
1.4450  8.364e-07  5.210e-03
1.4728  7.860e-07  4.629e-03
1.4894  7.577e-07  4.318e-03
1.5011  7.385e-07  4.113e-03
1.5301  6.940e-07  3.652e-03
1.5595  6.521e-07  3.243e-03
1.5714  6.362e-07  3.094e-03
1.5896  6.131e-07  2.880e-03
1.5934  6.083e-07  2.837e-03
1.6000  6.003e-07  2.765e-03
1.6020  5.979e-07  2.743e-03
1.6040  5.955e-07  2.722e-03
1.6060  5.932e-07  2.701e-03
1.6080  5.908e-07  2.680e-03
1.6100  5.884e-07  2.659e-03
1.6120  5.861e-07  2.638e-03
1.6140  5.838e-07  2.618e-03
1.6160  5.815e-07  2.598e-03
1.6180  5.792e-07  2.578e-03
1.6200  5.769e-07  2.558e-03
1.6202  5.767e-07  2.556e-03
1.6220  5.746e-07  2.538e-03
1.6240  5.723e-07  2.519e-03
1.6260  5.701e-07  2.499e-03
1.6280  5.678e-07  2.480e-03
1.6300  5.656e-07  2.461e-03
1.6320  5.633e-07  2.442e-03
1.6340  5.611e-07  2.424e-03
1.6360  5.589e-07  2.405e-03
1.6380  5.567e-07  2.387e-03
1.6400  5.546e-07  2.369e-03
1.6420  5.524e-07  2.351e-03
1.6440  5.502e-07  2.333e-03
1.6460  5.481e-07  2.315e-03
1.6480  5.460e-07  2.298e-03
1.6500  5.438e-07  2.280e-03
1.6514  5.424e-07  2.268e-03
1.6520  5.417e-07  2.263e-03
1.6540  5.396e-07  2.246e-03
1.6560  5.375e-07  2.229e-03
1.6580  5.355e-07  2.212e-03
1.6600  5.334e-07  2.196e-03
1.6620  5.313e-07  2.179e-03
1.6640  5.293e-07  2.163e-03
1.6660  5.272e-07  2.147e-03
1.6680  5.252e-07  2.131e-03
1.6700  5.232e-07  2.115e-03
1.6720  5.212e-07  2.099e-03
1.6740  5.192e-07  2.083e-03
1.6760  5.172e-07  2.068e-03
1.6780  5.152e-07  2.052e-03
1.6800  5.133e-07  2.037e-03
1.6820  5.113e-07  2.022e-03
1.6832  5.101e-07  2.013e-03
1.6840  5.094e-07  2.007e-03
1.6860  5.074e-07  1.992e-03
1.6880  5.055e-07  1.977e-03
1.6900  5.036e-07  1.963e-03
1.6920  5.017e-07  1.948e-03
1.6940  4.998e-07  1.934e-03
1.6960  4.979e-07  1.920e-03
1.6980  4.960e-07  1.906e-03
1.7000  4.941e-07  1.892e-03
1.7020  4.923e-07  1.878e-03
1.7040  4.904e-07  1.864e-03
1.7041  4.903e-07  1.863e-03
1.7060  4.886e-07  1.850e-03
1.7080  4.867e-07  1.837e-03
1.7100  4.849e-07  1.823e-03
1.7120  4.831e-07  1.810e-03
1.7140  4.813e-07  1.796e-03
1.7156  4.798e-07  1.786e-03
1.7160  4.795e-07  1.783e-03
1.7180  4.777e-07  1.770e-03
1.7200  4.759e-07  1.757e-03
1.7220  4.741e-07  1.745e-03
1.7240  4.724e-07  1.732e-03
1.7260  4.706e-07  1.719e-03
1.7280  4.689e-07  1.707e-03
1.7300  4.671e-07  1.694e-03
1.7320  4.654e-07  1.682e-03
1.7340  4.637e-07  1.670e-03
1.7360  4.619e-07  1.658e-03
1.7380  4.602e-07  1.646e-03
1.7400  4.585e-07  1.634e-03
1.7420  4.569e-07  1.622e-03
1.7440  4.552e-07  1.611e-03
1.7460  4.535e-07  1.599e-03
1.7480  4.518e-07  1.588e-03
1.7487  4.513e-07  1.584e-03
1.7500  4.502e-07  1.576e-03
1.7520  4.485e-07  1.565e-03
1.7540  4.469e-07  1.554e-03
1.7560  4.453e-07  1.543e-03
1.7580  4.436e-07  1.532e-03
1.7600  4.420e-07  1.521e-03
1.7620  4.404e-07  1.510e-03
1.7640  4.388e-07  1.499e-03
1.7660  4.372e-07  1.488e-03
1.7680  4.356e-07  1.478e-03
1.7700  4.340e-07  1.467e-03
1.7720  4.325e-07  1.457e-03
1.7740  4.309e-07  1.447e-03
1.7760  4.294e-07  1.436e-03
1.7780  4.278e-07  1.426e-03
1.7800  4.263e-07  1.416e-03
1.7820  4.247e-07  1.406e-03
1.7823  4.245e-07  1.405e-03
1.7840  4.232e-07  1.396e-03
1.7860  4.217e-07  1.386e-03
1.7880  4.202e-07  1.377e-03
1.7900  4.187e-07  1.367e-03
1.7920  4.172e-07  1.358e-03
1.7940  4.157e-07  1.348e-03
1.7960  4.142e-07  1.339e-03
1.7980  4.127e-07  1.329e-03
1.8000  4.112e-07  1.320e-03
1.8020  4.098e-07  1.311e-03
1.8040  4.083e-07  1.302e-03
1.8060  4.069e-07  1.293e-03
1.8080  4.054e-07  1.284e-03
1.8100  4.040e-07  1.275e-03
1.8120  4.025e-07  1.266e-03
1.8132  4.017e-07  1.260e-03
1.8140  4.011e-07  1.257e-03
1.8160  3.997e-07  1.248e-03
1.8167  3.993e-07  1.246e-03
1.8180  3.983e-07  1.240e-03
1.8200  3.970e-07  1.231e-03
1.8218  3.957e-07  1.224e-03
1.8220  3.956e-07  1.223e-03
1.8240  3.942e-07  1.214e-03
1.8260  3.929e-07  1.206e-03
1.8280  3.915e-07  1.198e-03
1.8300  3.901e-07  1.189e-03
1.8320  3.888e-07  1.181e-03
1.8340  3.875e-07  1.173e-03
1.8360  3.861e-07  1.165e-03
1.8380  3.848e-07  1.157e-03
1.8400  3.835e-07  1.149e-03
1.8420  3.822e-07  1.141e-03
1.8440  3.808e-07  1.133e-03
1.8460  3.795e-07  1.126e-03
1.8480  3.782e-07  1.118e-03
1.8500  3.769e-07  1.110e-03
1.8516  3.759e-07  1.104e-03
1.8520  3.757e-07  1.103e-03
1.8540  3.744e-07  1.095e-03
1.8560  3.731e-07  1.088e-03
1.8580  3.718e-07  1.080e-03
1.8600  3.706e-07  1.073e-03
1.8620  3.693e-07  1.066e-03
1.8640  3.681e-07  1.059e-03
1.8660  3.668e-07  1.051e-03
1.8680  3.656e-07  1.044e-03
1.8700  3.643e-07  1.037e-03
1.8720  3.631e-07  1.030e-03
1.8740  3.619e-07  1.023e-03
1.8760  3.607e-07  1.016e-03
1.8780  3.594e-07  1.010e-03
1.8800  3.582e-07  1.003e-03
1.8820  3.570e-07  9.960e-04
1.8840  3.558e-07  9.894e-04
1.8860  3.546e-07  9.827e-04
1.8873  3.539e-07  9.785e-04
1.8880  3.535e-07  9.762e-04
1.8900  3.523e-07  9.696e-04
1.8920  3.511e-07  9.632e-04
1.8940  3.499e-07  9.568e-04
1.8960  3.488e-07  9.504e-04
1.8980  3.476e-07  9.441e-04
1.9000  3.464e-07  9.378e-04
1.9020  3.453e-07  9.316e-04
1.9040  3.441e-07  9.254e-04
1.9060  3.430e-07  9.193e-04
1.9080  3.419e-07  9.132e-04
1.9100  3.407e-07  9.071e-04
1.9120  3.396e-07  9.012e-04
1.9140  3.385e-07  8.952e-04
1.9160  3.374e-07  8.893e-04
1.9180  3.363e-07  8.835e-04
1.9200  3.351e-07  8.777e-04
1.9220  3.340e-07  8.719e-04
1.9237  3.331e-07  8.672e-04
1.9240  3.329e-07  8.662e-04
1.9260  3.319e-07  8.605e-04
1.9280  3.308e-07  8.549e-04
1.9300  3.297e-07  8.493e-04
1.9320  3.286e-07  8.437e-04
1.9340  3.275e-07  8.382e-04
1.9360  3.265e-07  8.327e-04
1.9380  3.254e-07  8.273e-04
1.9400  3.243e-07  8.219e-04
1.9420  3.233e-07  8.166e-04
1.9440  3.222e-07  8.113e-04
1.9460  3.212e-07  8.060e-04
1.9469  3.207e-07  8.036e-04
1.9480  3.201e-07  8.008e-04
1.9500  3.191e-07  7.956e-04
1.9520  3.181e-07  7.904e-04
1.9540  3.170e-07  7.853e-04
1.9560  3.160e-07  7.802e-04
1.9580  3.150e-07  7.752e-04
1.9600  3.140e-07  7.702e-04
1.9607  3.136e-07  7.684e-04
1.9620  3.130e-07  7.652e-04
1.9640  3.120e-07  7.603e-04
1.9660  3.110e-07  7.554e-04
1.9680  3.100e-07  7.505e-04
1.9700  3.090e-07  7.457e-04
1.9720  3.080e-07  7.409e-04
1.9740  3.070e-07  7.361e-04
1.9760  3.060e-07  7.314e-04
1.9780  3.050e-07  7.267e-04
1.9800  3.040e-07  7.221e-04
1.9820  3.031e-07  7.175e-04
1.9840  3.021e-07  7.129e-04
1.9860  3.011e-07  7.083e-04
1.9880  3.002e-07  7.038e-04
1.9900  2.992e-07  6.993e-04
1.9920  2.983e-07  6.949e-04
1.9940  2.973e-07  6.905e-04
1.9960  2.964e-07  6.861e-04
1.9980  2.955e-07  6.817e-04
1.9985  2.952e-07  6.807e-04
2.0000  2.945e-07  6.774e-04
2.0370  2.779e-07  6.031e-04
2.0762  2.617e-07  5.343e-04
2.0798  2.602e-07  5.283e-04
2.1019  2.517e-07  4.940e-04
2.1162  2.464e-07  4.732e-04
2.1569  2.322e-07  4.190e-04
2.1985  2.188e-07  3.711e-04
2.2210  2.119e-07  3.478e-04
2.2408  2.061e-07  3.286e-04
2.2840  1.942e-07  2.909e-04
2.3279  1.830e-07  2.575e-04
2.3707  1.729e-07  2.293e-04
2.3728  1.724e-07  2.280e-04
2.4185  1.624e-07  2.017e-04
2.4477  1.565e-07  1.868e-04
2.4651  1.531e-07  1.785e-04
2.5125  1.444e-07  1.580e-04
2.5295  1.414e-07  1.513e-04
2.5609  1.361e-07  1.398e-04
2.6103  1.284e-07  1.237e-04
2.6605  1.211e-07  1.094e-04
2.6979  1.160e-07  1.000e-04
2.7118  1.142e-07  9.676e-05
2.7640  1.076e-07  8.557e-05
2.8172  1.015e-07  7.567e-05
2.8633  9.655e-08  6.815e-05
2.8715  9.572e-08  6.691e-05
2.8764  9.522e-08  6.617e-05
2.9268  9.033e-08  5.915e-05
2.9831  8.523e-08  5.229e-05
3.0406  8.043e-08  4.622e-05
3.0655  7.846e-08  4.385e-05
3.0992  7.589e-08  4.085e-05
3.1588  7.161e-08  3.610e-05
3.2197  6.757e-08  3.190e-05
3.2657  6.472e-08  2.909e-05
3.2817  6.376e-08  2.818e-05
3.3449  6.017e-08  2.489e-05
3.3570  5.951e-08  2.431e-05
3.4093  5.679e-08  2.199e-05
3.4750  5.360e-08  1.942e-05
3.4776  5.348e-08  1.933e-05
3.5419  5.059e-08  1.715e-05
3.6101  4.774e-08  1.514e-05
3.6796  4.506e-08  1.337e-05
3.7017  4.425e-08  1.286e-05
3.7505  4.253e-08  1.179e-05
3.8227  4.014e-08  1.040e-05
3.8892  3.810e-08  9.284e-06
3.8964  3.789e-08  9.171e-06
3.9377  3.670e-08  8.554e-06
3.9714  3.577e-08  8.063e-06
4.0479  3.377e-08  7.063e-06
4.1258  3.188e-08  6.187e-06
4.1797  3.065e-08  5.654e-06
4.2053  3.009e-08  5.405e-06
4.2863  2.841e-08  4.696e-06
4.3689  2.682e-08  4.080e-06
4.4257  2.579e-08  3.709e-06
4.4418  2.551e-08  3.605e-06
4.4530  2.532e-08  3.534e-06
4.5388  2.390e-08  3.043e-06
4.6262  2.257e-08  2.621e-06
4.6747  2.187e-08  2.415e-06
4.7153  2.131e-08  2.247e-06
4.8000  2.020e-08  1.936e-06
4.8050  2.014e-08  1.919e-06
4.8061  2.012e-08  1.916e-06
4.8100  2.007e-08  1.903e-06
4.8150  2.001e-08  1.886e-06
4.8200  1.995e-08  1.870e-06
4.8250  1.989e-08  1.854e-06
4.8300  1.983e-08  1.838e-06
4.8350  1.976e-08  1.822e-06
4.8400  1.970e-08  1.806e-06
4.8450  1.964e-08  1.791e-06
4.8500  1.958e-08  1.775e-06
4.8550  1.952e-08  1.760e-06
4.8600  1.946e-08  1.745e-06
4.8650  1.940e-08  1.730e-06
4.8700  1.934e-08  1.715e-06
4.8750  1.928e-08  1.701e-06
4.8800  1.922e-08  1.686e-06
4.8850  1.916e-08  1.672e-06
4.8900  1.910e-08  1.658e-06
4.8950  1.904e-08  1.644e-06
4.8986  1.900e-08  1.633e-06
4.9000  1.899e-08  1.630e-06
4.9050  1.893e-08  1.616e-06
4.9100  1.887e-08  1.602e-06
4.9150  1.881e-08  1.589e-06
4.9200  1.876e-08  1.575e-06
4.9250  1.870e-08  1.562e-06
4.9257  1.869e-08  1.560e-06
4.9300  1.864e-08  1.548e-06
4.9350  1.858e-08  1.534e-06
4.9400  1.853e-08  1.520e-06
4.9450  1.847e-08  1.507e-06
4.9500  1.842e-08  1.493e-06
4.9550  1.836e-08  1.480e-06
4.9600  1.830e-08  1.466e-06
4.9650  1.825e-08  1.453e-06
4.9700  1.819e-08  1.440e-06
4.9750  1.814e-08  1.427e-06
4.9800  1.808e-08  1.415e-06
4.9850  1.803e-08  1.402e-06
4.9900  1.797e-08  1.390e-06
4.9930  1.794e-08  1.382e-06
4.9950  1.792e-08  1.377e-06
5.0000  1.787e-08  1.365e-06
5.0012  1.785e-08  1.362e-06
5.0050  1.781e-08  1.353e-06
5.0100  1.776e-08  1.341e-06
5.0150  1.771e-08  1.329e-06
5.0200  1.765e-08  1.317e-06
5.0250  1.760e-08  1.306e-06
5.0300  1.755e-08  1.294e-06
5.0350  1.750e-08  1.283e-06
5.0400  1.745e-08  1.271e-06
5.0450  1.739e-08  1.260e-06
5.0500  1.734e-08  1.249e-06
5.0550  1.729e-08  1.238e-06
5.0600  1.724e-08  1.227e-06
5.0650  1.719e-08  1.217e-06
5.0700  1.714e-08  1.206e-06
5.0750  1.709e-08  1.195e-06
5.0800  1.704e-08  1.185e-06
5.0850  1.699e-08  1.175e-06
5.0892  1.695e-08  1.166e-06
5.0900  1.694e-08  1.164e-06
5.0950  1.689e-08  1.154e-06
5.1000  1.684e-08  1.144e-06
5.1050  1.679e-08  1.134e-06
5.1100  1.674e-08  1.124e-06
5.1150  1.669e-08  1.115e-06
5.1200  1.664e-08  1.105e-06
5.1250  1.659e-08  1.095e-06
5.1300  1.655e-08  1.086e-06
5.1350  1.650e-08  1.076e-06
5.1400  1.645e-08  1.067e-06
5.1450  1.640e-08  1.058e-06
5.1500  1.635e-08  1.049e-06
5.1550  1.631e-08  1.040e-06
5.1600  1.626e-08  1.031e-06
5.1650  1.621e-08  1.022e-06
5.1700  1.617e-08  1.013e-06
5.1750  1.612e-08  1.004e-06
5.1776  1.610e-08  1.000e-06
5.1800  1.607e-08  9.956e-07
5.1850  1.603e-08  9.864e-07
5.1872  1.601e-08  9.825e-07
5.1900  1.598e-08  9.774e-07
5.1950  1.593e-08  9.685e-07
5.2000  1.589e-08  9.596e-07
5.2050  1.584e-08  9.509e-07
5.2100  1.580e-08  9.422e-07
5.2150  1.575e-08  9.336e-07
5.2200  1.571e-08  9.252e-07
5.2250  1.566e-08  9.167e-07
5.2300  1.562e-08  9.084e-07
5.2350  1.557e-08  9.002e-07
5.2400  1.553e-08  8.920e-07
5.2450  1.548e-08  8.839e-07
5.2500  1.544e-08  8.760e-07
5.2550  1.540e-08  8.680e-07
5.2600  1.535e-08  8.602e-07
5.2650  1.531e-08  8.524e-07
5.2700  1.527e-08  8.448e-07
5.2750  1.522e-08  8.372e-07
5.2800  1.518e-08  8.296e-07
5.2850  1.514e-08  8.222e-07
5.2871  1.512e-08  8.191e-07
5.2900  1.509e-08  8.148e-07
5.2950  1.505e-08  8.075e-07
5.3000  1.501e-08  8.002e-07
5.3050  1.497e-08  7.931e-07
5.3100  1.492e-08  7.860e-07
5.3150  1.488e-08  7.790e-07
5.3200  1.484e-08  7.720e-07
5.3250  1.480e-08  7.651e-07
5.3300  1.476e-08  7.583e-07
5.3350  1.472e-08  7.516e-07
5.3400  1.467e-08  7.449e-07
5.3450  1.463e-08  7.383e-07
5.3500  1.459e-08  7.317e-07
5.3550  1.455e-08  7.252e-07
5.3600  1.451e-08  7.188e-07
5.3650  1.447e-08  7.124e-07
5.3700  1.443e-08  7.061e-07
5.3750  1.439e-08  6.999e-07
5.3800  1.435e-08  6.937e-07
5.3850  1.431e-08  6.876e-07
5.3889  1.428e-08  6.829e-07
5.3900  1.427e-08  6.815e-07
5.3950  1.423e-08  6.755e-07
5.4000  1.419e-08  6.696e-07
5.4290  1.397e-08  6.362e-07
5.4927  1.349e-08  5.647e-07
5.5512  1.307e-08  5.068e-07
5.5985  1.274e-08  4.647e-07
5.6788  1.221e-08  4.017e-07
5.7063  1.204e-08  3.809e-07
5.8162  1.138e-08  3.089e-07
5.9256  1.076e-08  2.517e-07
5.9282  1.075e-08  2.504e-07
6.0424  1.016e-08  1.997e-07
6.0743  1.000e-08  1.876e-07
6.1588  9.602e-09  1.593e-07
6.1681  9.559e-09  1.565e-07
6.2774  9.078e-09  1.249e-07
6.3983  8.583e-09  9.783e-08
6.4048  8.557e-09  9.655e-08
6.5215  8.114e-09  7.527e-08
6.5526  8.002e-09  7.049e-08
6.6334  7.722e-09  5.951e-08
6.6471  7.676e-09  5.781e-08
6.7751  7.263e-09  4.417e-08
6.8465  7.046e-09  3.810e-08
6.9056  6.872e-09  3.369e-08
6.9683  6.694e-09  2.960e-08
7.0386  6.507e-09  2.563e-08
7.0410  6.501e-09  2.551e-08
7.1741  6.165e-09  1.940e-08
7.2149  6.067e-09  1.785e-08
7.3054  5.856e-09  1.481e-08
7.3123  5.841e-09  1.460e-08
7.3666  5.726e-09  1.307e-08
7.4531  5.548e-09  1.090e-08
7.4944  5.466e-09  1.000e-08
7.5503  5.357e-09  8.851e-09
7.5967  5.279e-09  8.006e-09
7.5969  5.279e-09  8.002e-09
7.6732  5.154e-09  6.694e-09
7.6929  5.123e-09  6.344e-09
7.7223  5.123e-09  5.856e-09
7.7374  5.123e-09  5.501e-09
7.7430  5.327e-09  5.374e-09
