# "Currently excluded" gray region from BC7 fig
# Extracted from arXiv:2505.00947v2 / Figures/5-PhysicsReach/BSM_benchmarks/pbc_bc7_gray_final.pdf
# Date: 2026-06-06
# Format: subpaths separated by blank line; each row is "mass_GeV  U2"
# Source experiments per caption: NuTeV, BEBC, T2K, NA62, E949,
# MicroBooNE, CMS, ATLAS, CHARM-II, DELPHI, KOTO, LHCb, BelleII, plus
# reinterpretations of PS191, CHARM, LSND.
# mass_GeV  U2
# subpath 0: 206 vertices
1.00000e-01  1.00000e+00
1.00000e-01  1.00000e+00
1.00000e-01  2.88690e-06
1.12562e-01  2.00634e-06
1.31475e-01  1.06991e-06
1.39489e-01  8.48693e-07
1.39489e-01  7.19131e-07
1.49090e-01  5.51873e-07
1.50196e-01  2.18261e-07
1.61726e-01  1.41932e-07
1.82042e-01  6.62814e-08
1.84755e-01  4.30896e-08
1.88900e-01  1.94578e-08
1.91715e-01  1.30757e-08
1.93138e-01  1.49291e-08
1.96016e-01  1.22386e-08
1.98937e-01  1.26518e-08
2.01901e-01  1.18415e-08
2.06431e-01  1.76244e-08
2.07964e-01  2.37479e-08
2.15798e-01  1.70537e-08
2.19014e-01  1.44513e-08
2.22277e-01  9.71124e-09
2.27264e-01  3.84099e-09
2.32363e-01  5.90936e-09
2.37576e-01  6.10907e-09
2.39340e-01  1.26630e-08
2.44710e-01  1.18524e-08
2.50200e-01  6.97648e-09
2.53928e-01  5.00936e-09
2.53928e-01  2.41677e-09
2.57712e-01  1.85421e-09
2.61553e-01  7.21302e-09
2.67421e-01  5.17940e-09
2.77495e-01  6.75249e-09
2.81630e-01  1.33186e-09
2.83721e-01  1.16659e-09
2.87948e-01  1.47120e-09
2.85827e-01  3.59869e-09
2.92239e-01  3.36832e-09
2.94409e-01  2.76120e-09
2.98796e-01  2.95057e-09
3.33852e-01  1.47224e-09
3.59480e-01  9.26176e-10
3.73022e-01  8.11366e-10
3.81391e-01  7.85009e-10
3.81391e-01  1.04034e-08
3.84222e-01  2.63069e-08
3.87074e-01  1.79729e-07
3.89948e-01  4.39666e-07
3.89948e-01  7.22686e-07
4.04638e-01  9.11477e-07
4.86818e-01  6.13013e-07
5.85688e-01  4.12280e-07
7.42078e-01  2.77347e-07
9.54240e-01  1.47967e-07
1.26390e+00  8.16129e-08
1.45459e+00  6.69453e-08
1.61328e+00  6.47959e-08
1.77609e+00  8.73462e-08
1.77609e+00  1.75147e-07
1.78927e+00  8.04060e-07
1.75001e+00  1.01382e-06
1.76300e+00  1.81040e-05
1.99920e+00  1.17757e-05
2.33512e+00  7.16942e-06
2.47745e+00  6.07665e-06
2.83022e+00  5.15227e-06
2.91520e+00  5.15301e-06
3.18575e+00  3.95492e-06
3.66640e+00  2.57264e-06
4.18847e+00  1.78807e-06
4.78489e+00  1.24276e-06
5.75667e+00  8.08580e-07
7.56859e+00  4.45964e-07
8.84030e+00  3.65841e-07
1.01741e+01  3.20650e-07
1.12008e+01  3.31604e-07
1.24228e+01  4.04731e-07
1.34757e+01  4.93931e-07
1.41917e+01  6.02706e-07
1.50567e+01  9.58667e-07
1.51685e+01  1.29175e-06
1.50567e+01  1.79907e-06
1.46178e+01  3.15930e-06
1.39833e+01  5.92762e-06
1.50567e+01  4.86076e-06
1.70740e+01  4.26002e-06
1.90772e+01  3.38005e-06
2.13154e+01  2.86558e-06
2.62198e+01  2.51240e-06
3.13125e+01  2.59925e-06
3.52460e+01  2.68833e-06
3.99681e+01  2.78057e-06
4.40017e+01  3.17605e-06
4.98968e+01  3.62829e-06
6.00306e+01  6.81505e-06
6.65795e+01  3.02808e-05
7.22225e+01  1.10278e-04
7.49432e+01  2.00243e-04
7.54996e+01  7.05238e-04
8.06961e+01  2.48449e-03
8.01014e+01  1.21862e-02
8.56147e+01  1.21901e-02
8.56147e+01  1.51193e-03
1.00000e+02  1.19988e-03
1.00000e+02  1.00000e+00
1.00000e-01  1.00000e+00
1.00000e+02  1.00000e+00
8.56147e+01  1.00000e+00
8.01014e+01  1.00000e+00
8.06961e+01  1.00000e+00
7.54996e+01  1.00000e+00
7.49432e+01  1.00000e+00
7.22225e+01  1.00000e+00
6.65795e+01  1.00000e+00
6.00306e+01  1.00000e+00
4.98968e+01  1.00000e+00
4.40017e+01  1.00000e+00
3.99681e+01  1.00000e+00
3.52460e+01  1.00000e+00
3.13125e+01  1.00000e+00
2.62198e+01  1.00000e+00
2.13154e+01  1.00000e+00
1.90772e+01  1.00000e+00
1.70740e+01  1.00000e+00
1.50567e+01  1.00000e+00
1.39833e+01  1.00000e+00
1.46178e+01  1.00000e+00
1.50567e+01  1.00000e+00
1.51685e+01  1.00000e+00
1.50567e+01  1.00000e+00
1.41917e+01  1.00000e+00
1.34757e+01  1.00000e+00
1.24228e+01  1.00000e+00
1.12008e+01  1.00000e+00
1.01741e+01  1.00000e+00
8.84030e+00  1.00000e+00
7.56859e+00  1.00000e+00
5.75667e+00  1.00000e+00
4.78489e+00  1.00000e+00
4.18847e+00  1.00000e+00
3.66640e+00  1.00000e+00
3.18575e+00  1.00000e+00
2.91520e+00  1.00000e+00
2.83022e+00  1.00000e+00
2.47745e+00  1.00000e+00
2.33512e+00  1.00000e+00
1.99920e+00  1.00000e+00
1.76300e+00  1.00000e+00
1.75001e+00  1.00000e+00
1.78927e+00  1.00000e+00
1.77609e+00  1.00000e+00
1.61328e+00  1.00000e+00
1.45459e+00  1.00000e+00
1.26390e+00  1.00000e+00
9.54240e-01  1.00000e+00
7.42078e-01  1.00000e+00
5.85688e-01  1.00000e+00
4.86818e-01  1.00000e+00
4.04638e-01  1.00000e+00
3.89948e-01  1.00000e+00
3.87074e-01  1.00000e+00
3.84222e-01  1.00000e+00
3.81391e-01  1.00000e+00
3.73022e-01  1.00000e+00
3.59480e-01  1.00000e+00
3.33852e-01  1.00000e+00
2.98796e-01  1.00000e+00
2.94409e-01  1.00000e+00
2.92239e-01  1.00000e+00
2.85827e-01  1.00000e+00
2.87948e-01  1.00000e+00
2.83721e-01  1.00000e+00
2.81630e-01  1.00000e+00
2.77495e-01  1.00000e+00
2.67421e-01  1.00000e+00
2.61553e-01  1.00000e+00
2.57712e-01  1.00000e+00
2.53928e-01  1.00000e+00
2.50200e-01  1.00000e+00
2.44710e-01  1.00000e+00
2.39340e-01  1.00000e+00
2.37576e-01  1.00000e+00
2.32363e-01  1.00000e+00
2.27264e-01  1.00000e+00
2.22277e-01  1.00000e+00
2.19014e-01  1.00000e+00
2.15798e-01  1.00000e+00
2.07964e-01  1.00000e+00
2.06431e-01  1.00000e+00
2.01901e-01  1.00000e+00
1.98937e-01  1.00000e+00
1.96016e-01  1.00000e+00
1.93138e-01  1.00000e+00
1.91715e-01  1.00000e+00
1.88900e-01  1.00000e+00
1.84755e-01  1.00000e+00
1.82042e-01  1.00000e+00
1.61726e-01  1.00000e+00
1.50196e-01  1.00000e+00
1.49090e-01  1.00000e+00
1.39489e-01  1.00000e+00
1.31475e-01  1.00000e+00
1.12562e-01  1.00000e+00
1.00000e-01  1.00000e+00
