# FASER2 HNL |Umu|^2 sensitivity (BC7 benchmark)
# Digitized from arXiv:2505.00947v2, fig:pbc_bc7_gray_final, 2026-06-06
# Method: vector extraction from PDF path operators (PyMuPDF)
# Source file: Figures/5-PhysicsReach/BSM_benchmarks/pbc_bc7_gray_final.pdf
# FASER2 and FLArE contours overlap closely; vector paths give two
# independent extractions and reveal whether/where they differ.
# mass_GeV  u2_min  u2_max
0.1000  4.739e-05  4.739e-05
0.1019  4.395e-05  4.395e-05
0.1039  4.077e-05  4.077e-05
0.1045  3.981e-05  3.981e-05
0.1059  3.794e-05  3.794e-05
0.1079  3.535e-05  3.535e-05
0.1100  3.294e-05  3.294e-05
0.1121  3.070e-05  3.070e-05
0.1122  3.063e-05  3.063e-05
0.1143  2.859e-05  2.859e-05
0.1165  2.664e-05  2.664e-05
0.1183  2.512e-05  2.512e-05
0.1187  2.483e-05  2.483e-05
0.1210  2.324e-05  2.324e-05
0.1234  2.175e-05  2.175e-05
0.1257  2.036e-05  2.036e-05
0.1259  2.026e-05  2.026e-05
0.1281  1.703e-05  1.703e-05
0.1291  1.585e-05  1.585e-05
0.1306  1.415e-05  1.415e-05
0.1331  1.176e-05  1.176e-05
0.1354  1.000e-05  1.000e-05
0.1357  9.784e-06  9.784e-06
0.1383  8.081e-06  8.081e-06
0.1410  6.680e-06  6.680e-06
0.1413  6.547e-06  6.547e-06
0.1417  6.309e-06  6.309e-06
0.1437  5.384e-06  5.384e-06
0.1464  4.339e-06  4.339e-06
0.1476  3.981e-06  3.981e-06
0.1493  3.480e-06  3.480e-06
0.1522  2.779e-06  2.779e-06
0.1535  2.512e-06  2.512e-06
0.1551  2.216e-06  2.216e-06
0.1581  1.765e-06  1.765e-06
0.1585  1.708e-06  1.708e-06
0.1603  1.585e-06  1.585e-06
0.1611  1.537e-06  1.537e-06
0.1642  1.365e-06  1.365e-06
0.1674  1.213e-06  1.213e-06
0.1706  1.077e-06  1.077e-06
0.1727  1.000e-06  1.000e-06
0.1739  9.577e-07  9.577e-07
0.1772  8.523e-07  8.523e-07
0.1778  8.349e-07  8.349e-07
0.1806  7.711e-07  7.711e-07
0.1841  7.000e-07  7.000e-07
0.1877  6.354e-07  6.354e-07
0.1879  6.310e-07  6.310e-07
0.1913  5.783e-07  5.783e-07
0.1950  5.264e-07  5.264e-07
0.1987  4.792e-07  4.792e-07
0.1995  4.698e-07  4.698e-07
0.2026  4.388e-07  4.388e-07
0.2064  4.025e-07  4.025e-07
0.2069  3.981e-07  3.981e-07
0.2104  3.704e-07  3.704e-07
0.2145  3.411e-07  3.411e-07
0.2186  3.141e-07  3.141e-07
0.2228  2.892e-07  2.892e-07
0.2239  2.834e-07  2.834e-07
0.2271  2.649e-07  2.649e-07
0.2297  2.512e-07  2.512e-07
0.2315  2.425e-07  2.425e-07
0.2359  2.226e-07  2.226e-07
0.2405  2.043e-07  2.043e-07
0.2451  1.875e-07  1.875e-07
0.2498  1.721e-07  1.721e-07
0.2500  1.716e-07  1.716e-07
0.2512  1.679e-07  1.679e-07
0.2520  1.654e-07  1.654e-07
0.2540  1.592e-07  1.592e-07
0.2542  1.585e-07  1.585e-07
0.2546  1.574e-07  1.574e-07
0.2560  1.536e-07  1.536e-07
0.2580  1.482e-07  1.482e-07
0.2596  1.442e-07  1.442e-07
0.2600  1.431e-07  1.431e-07
0.2620  1.382e-07  1.382e-07
0.2640  1.334e-07  1.334e-07
0.2646  1.322e-07  1.322e-07
0.2660  1.289e-07  1.289e-07
0.2680  1.246e-07  1.246e-07
0.2697  1.211e-07  1.211e-07
0.2700  1.204e-07  1.204e-07
0.2720  1.164e-07  1.164e-07
0.2740  1.126e-07  1.126e-07
0.2748  1.110e-07  1.110e-07
0.2760  1.089e-07  1.089e-07
0.2780  1.054e-07  1.054e-07
0.2800  1.020e-07  1.020e-07
0.2801  1.017e-07  1.017e-07
0.2812  1.000e-07  1.000e-07
0.2818  9.904e-08  9.904e-08
0.2820  9.885e-08  9.885e-08
0.2840  9.663e-08  9.663e-08
0.2855  9.497e-08  9.497e-08
0.2860  9.447e-08  9.447e-08
0.2880  9.237e-08  9.237e-08
0.2900  9.033e-08  9.033e-08
0.2910  8.931e-08  8.931e-08
0.2920  8.835e-08  8.835e-08
0.2940  8.643e-08  8.643e-08
0.2960  8.456e-08  8.456e-08
0.2966  8.398e-08  8.398e-08
0.2980  8.275e-08  8.275e-08
0.3000  8.098e-08  8.098e-08
0.3020  7.927e-08  7.927e-08
0.3024  7.897e-08  7.897e-08
0.3040  7.760e-08  7.760e-08
0.3060  7.598e-08  7.598e-08
0.3080  7.440e-08  7.440e-08
0.3082  7.427e-08  7.427e-08
0.3100  7.286e-08  7.286e-08
0.3120  7.137e-08  7.137e-08
0.3140  6.992e-08  6.992e-08
0.3141  6.984e-08  6.984e-08
0.3160  6.850e-08  6.850e-08
0.3162  6.834e-08  6.834e-08
0.3180  6.766e-08  6.766e-08
0.3200  6.690e-08  6.690e-08
0.3202  6.684e-08  6.684e-08
0.3220  6.615e-08  6.615e-08
0.3240  6.542e-08  6.542e-08
0.3260  6.469e-08  6.469e-08
0.3263  6.458e-08  6.458e-08
0.3280  6.398e-08  6.398e-08
0.3300  6.329e-08  6.329e-08
0.3306  6.310e-08  6.310e-08
0.3320  6.266e-08  6.266e-08
0.3326  6.248e-08  6.248e-08
0.3340  6.206e-08  6.206e-08
0.3360  6.148e-08  6.148e-08
0.3380  6.090e-08  6.090e-08
0.3390  6.061e-08  6.061e-08
0.3400  6.033e-08  6.033e-08
0.3420  5.977e-08  5.977e-08
0.3440  5.922e-08  5.922e-08
0.3456  5.880e-08  5.880e-08
0.3460  5.867e-08  5.867e-08
0.3480  5.814e-08  5.814e-08
0.3500  5.761e-08  5.761e-08
0.3520  5.709e-08  5.709e-08
0.3522  5.704e-08  5.704e-08
0.3540  5.658e-08  5.658e-08
0.3548  5.637e-08  5.637e-08
0.3560  5.886e-08  5.886e-08
0.3579  6.310e-08  6.310e-08
0.3580  6.331e-08  6.331e-08
0.3590  6.585e-08  6.585e-08
0.3600  6.860e-08  6.860e-08
0.3620  7.429e-08  7.429e-08
0.3640  8.042e-08  8.042e-08
0.3659  8.667e-08  8.667e-08
0.3660  8.701e-08  8.701e-08
0.3680  9.411e-08  9.411e-08
0.3696  1.000e-07  1.000e-07
0.3700  1.018e-07  1.018e-07
0.3720  1.103e-07  1.103e-07
0.3729  1.145e-07  1.145e-07
0.3740  1.194e-07  1.194e-07
0.3760  1.293e-07  1.293e-07
0.3780  1.399e-07  1.399e-07
0.3800  1.513e-07  1.513e-07
0.3801  1.520e-07  1.520e-07
0.3812  1.585e-07  1.585e-07
0.3820  1.637e-07  1.637e-07
0.3840  1.773e-07  1.773e-07
0.3860  1.920e-07  1.920e-07
0.3875  2.033e-07  2.033e-07
0.3880  2.078e-07  2.078e-07
0.3900  2.248e-07  2.248e-07
0.3920  2.431e-07  2.431e-07
0.3928  2.512e-07  2.512e-07
0.3940  2.638e-07  2.638e-07
0.3949  2.742e-07  2.742e-07
0.3960  2.870e-07  2.870e-07
0.3980  3.121e-07  3.121e-07
0.3981  3.135e-07  3.135e-07
0.4000  3.101e-07  3.101e-07
0.4020  3.066e-07  3.066e-07
0.4025  3.057e-07  3.057e-07
0.4040  3.032e-07  3.032e-07
0.4060  2.998e-07  2.998e-07
0.4080  2.965e-07  2.965e-07
0.4100  2.932e-07  2.932e-07
0.4103  2.927e-07  2.927e-07
0.4120  2.899e-07  2.899e-07
0.4140  2.867e-07  2.867e-07
0.4160  2.836e-07  2.836e-07
0.4180  2.805e-07  2.805e-07
0.4182  2.803e-07  2.803e-07
0.4200  2.775e-07  2.775e-07
0.4220  2.745e-07  2.745e-07
0.4240  2.716e-07  2.716e-07
0.4260  2.687e-07  2.687e-07
0.4262  2.684e-07  2.684e-07
0.4280  2.658e-07  2.658e-07
0.4300  2.630e-07  2.630e-07
0.4320  2.602e-07  2.602e-07
0.4340  2.575e-07  2.575e-07
0.4344  2.569e-07  2.569e-07
0.4360  2.548e-07  2.548e-07
0.4380  2.522e-07  2.522e-07
0.4388  2.512e-07  2.512e-07
0.4400  2.497e-07  2.497e-07
0.4420  2.474e-07  2.474e-07
0.4428  2.465e-07  2.465e-07
0.4440  2.452e-07  2.452e-07
0.4460  2.429e-07  2.429e-07
0.4467  2.422e-07  2.422e-07
0.4480  2.406e-07  2.406e-07
0.4500  2.382e-07  2.382e-07
0.4513  2.366e-07  2.366e-07
0.4600  2.268e-07  2.268e-07
0.4689  2.173e-07  2.173e-07
0.4779  2.083e-07  2.083e-07
0.4871  1.996e-07  1.996e-07
0.4965  1.913e-07  1.913e-07
0.5012  1.873e-07  1.873e-07
0.5061  1.844e-07  1.844e-07
0.5158  1.787e-07  1.787e-07
0.5257  1.732e-07  1.732e-07
0.5359  1.679e-07  1.679e-07
0.5462  1.628e-07  1.628e-07
0.5552  1.585e-07  1.585e-07
0.5567  1.579e-07  1.579e-07
0.5623  1.556e-07  1.556e-07
0.5674  1.530e-07  1.530e-07
0.5784  1.475e-07  1.475e-07
0.5895  1.423e-07  1.423e-07
0.6008  1.372e-07  1.372e-07
0.6124  1.324e-07  1.324e-07
0.6242  1.277e-07  1.277e-07
0.6310  1.251e-07  1.251e-07
0.6362  1.230e-07  1.230e-07
0.6485  1.184e-07  1.184e-07
0.6610  1.140e-07  1.140e-07
0.6737  1.097e-07  1.097e-07
0.6867  1.055e-07  1.055e-07
0.6999  1.016e-07  1.016e-07
0.7054  1.000e-07  1.000e-07
0.7079  9.935e-08  9.935e-08
0.7134  9.791e-08  9.791e-08
0.7271  9.443e-08  9.443e-08
0.7411  9.107e-08  9.107e-08
0.7554  8.784e-08  8.784e-08
0.7700  8.471e-08  8.471e-08
0.7848  8.170e-08  8.170e-08
0.7943  7.985e-08  7.985e-08
0.7999  7.835e-08  7.835e-08
0.8153  7.441e-08  7.441e-08
0.8310  7.066e-08  7.066e-08
0.8470  6.710e-08  6.710e-08
0.8633  6.372e-08  6.372e-08
0.8665  6.310e-08  6.310e-08
0.8799  6.075e-08  6.075e-08
0.8913  5.887e-08  5.887e-08
0.8969  5.768e-08  5.768e-08
0.9142  5.421e-08  5.421e-08
0.9318  5.095e-08  5.095e-08
0.9497  4.789e-08  4.789e-08
0.9680  4.501e-08  4.501e-08
0.9867  4.230e-08  4.230e-08
1.0000  4.049e-08  4.049e-08
1.0048  3.981e-08  3.981e-08
1.0056  3.970e-08  3.970e-08
1.0134  3.871e-08  3.871e-08
1.0250  3.729e-08  6.456e-02
1.0282  3.691e-08  6.310e-02
1.0448  3.503e-08  5.692e-02
1.0649  3.290e-08  5.033e-02
1.0854  3.091e-08  4.451e-02
1.1043  2.920e-08  3.981e-02
1.1063  2.903e-08  3.939e-02
1.1220  2.772e-08  3.622e-02
1.1276  2.738e-08  3.498e-02
1.1493  2.612e-08  3.059e-02
1.1678  2.512e-08  2.735e-02
1.1715  2.494e-08  2.675e-02
1.1820  2.446e-08  2.512e-02
1.1940  2.391e-08  2.366e-02
1.2170  2.292e-08  2.114e-02
1.2405  2.197e-08  1.888e-02
1.2589  2.127e-08  1.730e-02
1.2643  2.108e-08  1.676e-02
1.2739  2.075e-08  1.585e-02
1.2887  2.026e-08  1.465e-02
1.3135  1.948e-08  1.287e-02
1.3388  1.873e-08  1.130e-02
1.3630  1.805e-08  1.000e-02
1.3646  1.800e-08  9.930e-03
1.3909  1.731e-08  8.847e-03
1.4125  1.676e-08  8.056e-03
1.4177  1.673e-08  7.843e-03
1.4450  1.656e-08  6.810e-03
1.4600  1.647e-08  6.310e-03
1.4728  1.640e-08  5.968e-03
1.5011  1.623e-08  5.288e-03
1.5301  1.607e-08  4.684e-03
1.5595  1.591e-08  4.150e-03
1.5698  1.586e-08  3.981e-03
1.5710  1.585e-08  3.962e-03
1.5849  1.579e-08  3.758e-03
1.5872  1.585e-08  3.713e-03
1.5896  1.593e-08  3.666e-03
1.6000  1.628e-08  3.470e-03
1.6020  1.635e-08  3.434e-03
1.6040  1.642e-08  3.398e-03
1.6060  1.649e-08  3.363e-03
1.6080  1.656e-08  3.328e-03
1.6100  1.663e-08  3.293e-03
1.6120  1.670e-08  3.259e-03
1.6140  1.677e-08  3.225e-03
1.6160  1.684e-08  3.192e-03
1.6180  1.690e-08  3.159e-03
1.6200  1.698e-08  3.126e-03
1.6202  1.698e-08  3.123e-03
1.6220  1.705e-08  3.094e-03
1.6240  1.712e-08  3.062e-03
1.6260  1.719e-08  3.031e-03
1.6280  1.726e-08  3.000e-03
1.6300  1.733e-08  2.969e-03
1.6320  1.740e-08  2.939e-03
1.6340  1.747e-08  2.908e-03
1.6360  1.754e-08  2.879e-03
1.6380  1.762e-08  2.849e-03
1.6400  1.769e-08  2.820e-03
1.6420  1.776e-08  2.792e-03
1.6440  1.783e-08  2.763e-03
1.6460  1.791e-08  2.735e-03
1.6480  1.798e-08  2.707e-03
1.6500  1.805e-08  2.680e-03
1.6514  1.810e-08  2.661e-03
1.6520  1.813e-08  2.653e-03
1.6540  1.820e-08  2.626e-03
1.6560  1.827e-08  2.600e-03
1.6580  1.835e-08  2.573e-03
1.6600  1.842e-08  2.547e-03
1.6620  1.850e-08  2.522e-03
1.6628  1.853e-08  2.512e-03
1.6640  1.857e-08  2.499e-03
1.6660  1.865e-08  2.478e-03
1.6680  1.872e-08  2.457e-03
1.6700  1.880e-08  2.437e-03
1.6720  1.887e-08  2.416e-03
1.6740  1.895e-08  2.396e-03
1.6760  1.902e-08  2.376e-03
1.6780  1.910e-08  2.356e-03
1.6800  1.918e-08  2.337e-03
1.6820  1.925e-08  2.317e-03
1.6832  1.930e-08  2.306e-03
1.6840  1.933e-08  2.298e-03
1.6860  1.941e-08  2.279e-03
1.6880  1.948e-08  2.260e-03
1.6900  1.956e-08  2.241e-03
1.6920  1.964e-08  2.223e-03
1.6940  1.972e-08  2.204e-03
1.6960  1.980e-08  2.186e-03
1.6980  1.987e-08  2.168e-03
1.7000  1.995e-08  2.150e-03
1.7020  2.003e-08  2.133e-03
1.7040  2.011e-08  2.115e-03
1.7060  2.019e-08  2.098e-03
1.7080  2.027e-08  2.080e-03
1.7100  2.035e-08  2.063e-03
1.7120  2.043e-08  2.047e-03
1.7140  2.051e-08  2.030e-03
1.7156  2.057e-08  2.017e-03
1.7160  2.059e-08  2.013e-03
1.7180  2.067e-08  1.997e-03
1.7200  2.075e-08  1.981e-03
1.7220  2.083e-08  1.965e-03
1.7240  2.091e-08  1.949e-03
1.7260  2.099e-08  1.933e-03
1.7280  2.108e-08  1.917e-03
1.7300  2.116e-08  1.902e-03
1.7320  2.124e-08  1.886e-03
1.7340  2.132e-08  1.871e-03
1.7360  2.141e-08  1.856e-03
1.7380  2.149e-08  1.841e-03
1.7400  2.157e-08  1.826e-03
1.7420  2.165e-08  1.811e-03
1.7440  2.174e-08  1.797e-03
1.7460  2.182e-08  1.783e-03
1.7480  2.191e-08  1.768e-03
1.7487  2.193e-08  1.764e-03
1.7500  2.199e-08  1.754e-03
1.7520  2.207e-08  1.740e-03
1.7540  2.216e-08  1.726e-03
1.7560  2.224e-08  1.712e-03
1.7580  2.233e-08  1.699e-03
1.7600  2.241e-08  1.685e-03
1.7620  2.250e-08  1.672e-03
1.7640  2.259e-08  1.659e-03
1.7660  2.267e-08  1.646e-03
1.7680  2.276e-08  1.632e-03
1.7700  2.284e-08  1.620e-03
1.7720  2.293e-08  1.607e-03
1.7740  2.302e-08  1.594e-03
1.7755  2.308e-08  1.585e-03
1.7760  2.310e-08  1.582e-03
1.7780  2.319e-08  1.569e-03
1.7783  2.320e-08  1.568e-03
1.7800  2.348e-08  1.547e-03
1.7820  2.382e-08  1.523e-03
1.7823  2.387e-08  1.519e-03
1.7840  2.415e-08  1.499e-03
1.7860  2.449e-08  1.476e-03
1.7880  2.483e-08  1.453e-03
1.7896  2.512e-08  1.435e-03
1.7900  2.519e-08  1.431e-03
1.7920  2.559e-08  1.409e-03
1.7940  2.599e-08  1.387e-03
1.7960  2.640e-08  1.366e-03
1.7980  2.681e-08  1.345e-03
1.8000  2.723e-08  1.325e-03
1.8020  2.766e-08  1.304e-03
1.8040  2.809e-08  1.284e-03
1.8060  2.853e-08  1.265e-03
1.8080  2.898e-08  1.246e-03
1.8100  2.943e-08  1.227e-03
1.8120  2.989e-08  1.208e-03
1.8140  3.036e-08  1.190e-03
1.8160  3.083e-08  1.172e-03
1.8167  3.099e-08  1.166e-03
1.8180  3.131e-08  1.154e-03
1.8200  3.180e-08  1.136e-03
1.8220  3.229e-08  1.119e-03
1.8240  3.279e-08  1.102e-03
1.8260  3.330e-08  1.086e-03
1.8280  3.381e-08  1.069e-03
1.8300  3.434e-08  1.053e-03
1.8320  3.487e-08  1.037e-03
1.8340  3.540e-08  1.022e-03
1.8360  3.595e-08  1.007e-03
1.8369  3.618e-08  1.000e-03
1.8380  3.650e-08  9.906e-04
1.8400  3.706e-08  9.743e-04
1.8420  3.763e-08  9.583e-04
1.8440  3.821e-08  9.425e-04
1.8460  3.879e-08  9.271e-04
1.8480  3.939e-08  9.119e-04
1.8494  3.981e-08  9.013e-04
1.8500  4.000e-08  8.969e-04
1.8516  4.052e-08  8.849e-04
1.8520  4.064e-08  8.823e-04
1.8540  4.129e-08  8.679e-04
1.8560  4.195e-08  8.537e-04
1.8580  4.261e-08  8.398e-04
1.8600  4.329e-08  8.261e-04
1.8620  4.398e-08  8.127e-04
1.8640  4.468e-08  7.995e-04
1.8660  4.539e-08  7.865e-04
1.8680  4.611e-08  7.738e-04
1.8700  4.684e-08  7.612e-04
1.8720  4.758e-08  7.489e-04
1.8740  4.834e-08  7.368e-04
1.8760  4.910e-08  7.249e-04
1.8780  4.988e-08  7.132e-04
1.8800  5.066e-08  7.017e-04
1.8820  5.146e-08  6.904e-04
1.8840  5.227e-08  6.793e-04
1.8860  5.309e-08  6.684e-04
1.8873  5.363e-08  6.614e-04
1.8880  5.392e-08  6.577e-04
1.8900  5.477e-08  6.472e-04
1.8920  5.563e-08  6.368e-04
1.8931  5.612e-08  6.310e-04
1.8940  5.650e-08  6.264e-04
1.8960  5.738e-08  6.159e-04
1.8980  5.828e-08  6.056e-04
1.9000  5.918e-08  5.954e-04
1.9020  6.011e-08  5.854e-04
1.9040  6.104e-08  5.757e-04
1.9060  6.199e-08  5.660e-04
1.9080  6.295e-08  5.566e-04
1.9083  6.310e-08  5.552e-04
1.9100  6.398e-08  5.473e-04
1.9120  6.503e-08  5.382e-04
1.9140  6.609e-08  5.293e-04
1.9160  6.717e-08  5.205e-04
1.9180  6.827e-08  5.118e-04
1.9200  6.938e-08  5.033e-04
1.9220  7.051e-08  4.950e-04
1.9237  7.146e-08  4.882e-04
1.9240  7.166e-08  4.868e-04
1.9260  7.282e-08  4.788e-04
1.9280  7.401e-08  4.709e-04
1.9300  7.521e-08  4.631e-04
1.9320  7.643e-08  4.555e-04
1.9340  7.766e-08  4.480e-04
1.9360  7.892e-08  4.406e-04
1.9380  8.020e-08  4.333e-04
1.9400  8.149e-08  4.262e-04
1.9420  8.280e-08  4.192e-04
1.9440  8.414e-08  4.124e-04
1.9460  8.549e-08  4.056e-04
1.9480  8.687e-08  3.990e-04
1.9483  8.705e-08  3.981e-04
1.9500  8.826e-08  3.925e-04
1.9520  8.968e-08  3.860e-04
1.9540  9.111e-08  3.797e-04
1.9560  9.257e-08  3.735e-04
1.9580  9.405e-08  3.674e-04
1.9600  9.555e-08  3.614e-04
1.9607  9.609e-08  3.594e-04
1.9620  9.708e-08  3.555e-04
1.9640  9.863e-08  3.498e-04
1.9657  1.000e-07  3.448e-04
1.9660  1.002e-07  3.441e-04
1.9680  1.020e-07  3.385e-04
1.9700  1.038e-07  3.330e-04
1.9720  1.056e-07  3.276e-04
1.9740  1.075e-07  3.223e-04
1.9760  1.094e-07  3.171e-04
1.9780  1.113e-07  3.119e-04
1.9800  1.133e-07  3.069e-04
1.9820  1.153e-07  3.020e-04
1.9840  1.173e-07  2.971e-04
1.9860  1.194e-07  2.923e-04
1.9880  1.215e-07  2.876e-04
1.9900  1.236e-07  2.830e-04
1.9920  1.257e-07  2.784e-04
1.9940  1.279e-07  2.740e-04
1.9953  1.294e-07  2.712e-04
1.9960  1.294e-07  2.704e-04
1.9980  1.294e-07  2.682e-04
1.9985  1.295e-07  2.677e-04
2.0000  1.295e-07  2.660e-04
2.0140  1.300e-07  2.512e-04
2.0370  1.307e-07  2.293e-04
2.0762  1.320e-07  1.967e-04
2.1162  1.333e-07  1.687e-04
2.1326  1.339e-07  1.585e-04
2.1569  1.347e-07  1.456e-04
2.1985  1.360e-07  1.262e-04
2.2387  1.373e-07  1.101e-04
2.2408  1.375e-07  1.093e-04
2.2642  1.404e-07  1.000e-04
2.2840  1.429e-07  9.279e-05
2.3279  1.485e-07  7.877e-05
2.3728  1.543e-07  6.686e-05
2.3888  1.564e-07  6.310e-05
2.4049  1.585e-07  5.972e-05
2.4185  1.610e-07  5.703e-05
2.4651  1.697e-07  4.878e-05
2.5119  1.787e-07  4.181e-05
2.5125  1.790e-07  4.171e-05
2.5255  1.838e-07  3.981e-05
2.5609  1.975e-07  3.466e-05
2.6103  2.179e-07  2.868e-05
2.6453  2.334e-07  2.512e-05
2.6605  2.404e-07  2.363e-05
2.6832  2.512e-07  2.159e-05
2.7118  2.705e-07  1.929e-05
2.7623  3.079e-07  1.585e-05
2.7640  3.093e-07  1.573e-05
2.8172  3.536e-07  1.257e-05
2.8184  3.546e-07  1.251e-05
2.8607  3.981e-07  1.049e-05
2.8715  4.154e-07  1.003e-05
2.8723  4.166e-07  1.000e-05
2.9268  5.148e-07  7.601e-06
2.9644  5.943e-07  6.310e-06
2.9802  6.310e-07  5.681e-06
2.9831  6.429e-07  5.570e-06
3.0344  8.841e-07  3.981e-06
3.0406  9.187e-07  3.718e-06
3.0544  1.000e-06  3.197e-06
3.0766  1.395e-06  2.512e-06
3.0851  1.585e-06  1.585e-06
