# SHiP HNL |Umu|^2 sensitivity (BC7 benchmark)
# Digitized from arXiv:2505.00947v2, fig:pbc_bc7_gray_final, 2026-06-06
# Method: vector extraction from PDF path operators (PyMuPDF)
# Source file: Figures/5-PhysicsReach/BSM_benchmarks/pbc_bc7_gray_final.pdf
# Where the SHiP contour upper crossing exceeds the plotted ceiling
# (U²>1e-2), the upper edge is clipped to sentinel value 1.0e-1.
# mass_GeV  u2_min  u2_max
0.0916  1.155e-06  9.761e-04
0.0930  1.109e-06  9.761e-04
0.1000  8.962e-07  9.759e-04
0.1019  8.471e-07  9.759e-04
0.1039  8.010e-07  9.759e-04
0.1059  7.572e-07  9.758e-04
0.1079  7.159e-07  9.758e-04
0.1100  6.768e-07  9.758e-04
0.1121  6.398e-07  9.757e-04
0.1143  6.048e-07  9.757e-04
0.1165  5.718e-07  9.757e-04
0.1187  5.407e-07  9.756e-04
0.1210  5.111e-07  9.756e-04
0.1234  4.832e-07  9.755e-04
0.1257  4.569e-07  9.755e-04
0.1274  4.396e-07  9.755e-04
0.1281  4.316e-07  9.755e-04
0.1306  4.071e-07  9.754e-04
0.1310  4.030e-07  9.754e-04
0.1331  3.318e-07  9.754e-04
0.1333  3.252e-07  9.754e-04
0.1357  2.611e-07  9.754e-04
0.1383  2.051e-07  9.753e-04
0.1410  1.613e-07  9.753e-04
0.1437  1.269e-07  9.753e-04
0.1464  9.970e-08  9.752e-04
0.1493  7.837e-08  9.752e-04
0.1508  6.895e-08  9.752e-04
0.1522  6.423e-08  9.751e-04
0.1551  5.522e-08  9.751e-04
0.1581  4.749e-08  9.751e-04
0.1606  4.193e-08  9.750e-04
0.1611  4.110e-08  9.750e-04
0.1642  3.674e-08  9.750e-04
0.1674  3.284e-08  9.750e-04
0.1697  3.028e-08  9.749e-04
0.1706  2.952e-08  9.749e-04
0.1739  2.694e-08  9.749e-04
0.1767  2.492e-08  9.749e-04
0.1772  2.461e-08  9.749e-04
0.1806  2.258e-08  9.748e-04
0.1815  2.211e-08  9.748e-04
0.1841  2.095e-08  9.748e-04
0.1877  1.952e-08  9.747e-04
0.1913  1.819e-08  9.747e-04
0.1950  1.694e-08  9.747e-04
0.1987  1.578e-08  9.746e-04
0.2026  1.470e-08  9.746e-04
0.2064  1.369e-08  9.746e-04
0.2075  1.343e-08  9.745e-04
0.2104  1.282e-08  9.745e-04
0.2145  1.202e-08  9.745e-04
0.2186  1.127e-08  9.744e-04
0.2228  1.057e-08  9.744e-04
0.2271  9.912e-09  9.744e-04
0.2297  9.542e-09  9.744e-04
0.2315  9.216e-09  9.743e-04
0.2359  8.467e-09  9.743e-04
0.2405  7.779e-09  9.743e-04
0.2451  7.147e-09  9.742e-04
0.2498  6.567e-09  9.742e-04
0.2500  6.548e-09  9.742e-04
0.2520  6.320e-09  9.742e-04
0.2540  6.102e-09  9.742e-04
0.2546  6.033e-09  9.742e-04
0.2560  5.893e-09  9.741e-04
0.2580  5.693e-09  9.741e-04
0.2596  5.543e-09  9.741e-04
0.2600  5.501e-09  9.741e-04
0.2620  5.317e-09  9.741e-04
0.2640  5.140e-09  9.741e-04
0.2646  5.092e-09  9.741e-04
0.2660  4.971e-09  9.741e-04
0.2680  4.808e-09  9.741e-04
0.2687  4.757e-09  9.741e-04
0.2697  4.694e-09  9.740e-04
0.2700  4.672e-09  9.740e-04
0.2720  4.550e-09  9.740e-04
0.2740  4.432e-09  9.740e-04
0.2748  4.383e-09  9.740e-04
0.2760  4.318e-09  9.740e-04
0.2780  4.207e-09  9.740e-04
0.2800  4.100e-09  9.740e-04
0.2801  4.093e-09  9.740e-04
0.2820  3.997e-09  9.740e-04
0.2840  3.897e-09  9.739e-04
0.2855  3.822e-09  9.739e-04
0.2860  3.800e-09  9.739e-04
0.2877  3.721e-09  9.739e-04
0.2880  3.709e-09  9.739e-04
0.2900  3.633e-09  9.739e-04
0.2910  3.595e-09  9.739e-04
0.2920  3.560e-09  9.739e-04
0.2940  3.489e-09  9.739e-04
0.2960  3.419e-09  9.739e-04
0.2966  3.398e-09  9.739e-04
0.2980  3.352e-09  9.739e-04
0.3000  3.286e-09  9.738e-04
0.3020  3.222e-09  9.738e-04
0.3024  3.211e-09  9.738e-04
0.3040  3.160e-09  9.738e-04
0.3060  3.099e-09  9.738e-04
0.3080  3.040e-09  9.738e-04
0.3082  3.035e-09  9.738e-04
0.3100  2.982e-09  9.738e-04
0.3102  2.976e-09  9.738e-04
0.3120  2.934e-09  9.738e-04
0.3140  2.889e-09  9.738e-04
0.3141  2.886e-09  9.738e-04
0.3160  2.844e-09  9.737e-04
0.3180  2.800e-09  9.737e-04
0.3200  2.757e-09  9.737e-04
0.3202  2.754e-09  9.737e-04
0.3220  2.716e-09  9.737e-04
0.3240  2.675e-09  9.737e-04
0.3260  2.635e-09  9.737e-04
0.3263  2.628e-09  9.737e-04
0.3280  2.595e-09  9.737e-04
0.3300  2.557e-09  9.737e-04
0.3320  2.519e-09  9.737e-04
0.3326  2.508e-09  9.736e-04
0.3340  2.482e-09  9.736e-04
0.3360  2.446e-09  9.736e-04
0.3380  2.411e-09  9.736e-04
0.3390  2.393e-09  9.736e-04
0.3400  2.376e-09  9.736e-04
0.3420  2.342e-09  9.736e-04
0.3427  2.331e-09  9.736e-04
0.3440  2.312e-09  9.736e-04
0.3456  2.291e-09  9.736e-04
0.3460  2.285e-09  9.736e-04
0.3480  2.257e-09  9.736e-04
0.3500  2.230e-09  9.735e-04
0.3520  2.204e-09  9.735e-04
0.3522  2.201e-09  9.735e-04
0.3540  2.178e-09  9.735e-04
0.3560  2.153e-09  9.735e-04
0.3580  2.128e-09  9.735e-04
0.3590  2.116e-09  9.735e-04
0.3600  2.103e-09  9.735e-04
0.3620  2.079e-09  9.735e-04
0.3640  2.055e-09  9.735e-04
0.3659  2.033e-09  9.735e-04
0.3660  2.032e-09  9.735e-04
0.3680  2.009e-09  9.735e-04
0.3700  1.986e-09  9.734e-04
0.3720  1.964e-09  9.734e-04
0.3729  1.954e-09  9.734e-04
0.3740  1.942e-09  9.734e-04
0.3760  1.921e-09  9.734e-04
0.3780  1.900e-09  9.734e-04
0.3800  1.879e-09  9.734e-04
0.3801  1.877e-09  9.734e-04
0.3809  1.870e-09  9.734e-04
0.3820  1.859e-09  9.734e-04
0.3840  1.840e-09  9.734e-04
0.3860  1.821e-09  9.734e-04
0.3875  1.807e-09  9.734e-04
0.3880  1.802e-09  9.734e-04
0.3900  1.784e-09  9.733e-04
0.3920  1.766e-09  9.733e-04
0.3940  1.748e-09  9.733e-04
0.3949  1.740e-09  9.733e-04
0.3960  1.730e-09  9.733e-04
0.3980  1.713e-09  9.733e-04
0.4000  1.696e-09  9.733e-04
0.4020  1.679e-09  9.733e-04
0.4025  1.675e-09  9.733e-04
0.4040  1.663e-09  9.733e-04
0.4060  1.647e-09  9.733e-04
0.4080  1.630e-09  9.733e-04
0.4100  1.615e-09  9.732e-04
0.4103  1.613e-09  9.732e-04
0.4120  1.599e-09  9.732e-04
0.4140  1.584e-09  9.732e-04
0.4160  1.569e-09  9.732e-04
0.4180  1.554e-09  9.732e-04
0.4182  1.553e-09  9.732e-04
0.4200  1.539e-09  9.732e-04
0.4220  1.525e-09  9.732e-04
0.4240  1.510e-09  9.732e-04
0.4260  1.496e-09  9.732e-04
0.4262  1.495e-09  9.732e-04
0.4280  1.482e-09  9.732e-04
0.4300  1.469e-09  9.732e-04
0.4320  1.455e-09  9.731e-04
0.4340  1.442e-09  9.731e-04
0.4344  1.439e-09  9.731e-04
0.4360  1.429e-09  9.731e-04
0.4380  1.416e-09  9.731e-04
0.4400  1.403e-09  9.731e-04
0.4420  1.390e-09  9.731e-04
0.4428  1.385e-09  9.731e-04
0.4440  1.378e-09  9.731e-04
0.4460  1.366e-09  9.731e-04
0.4480  1.354e-09  9.731e-04
0.4500  1.342e-09  9.731e-04
0.4513  1.334e-09  9.731e-04
0.4518  1.331e-09  9.731e-04
0.4600  1.289e-09  9.730e-04
0.4689  1.246e-09  9.730e-04
0.4779  1.205e-09  9.730e-04
0.4871  1.165e-09  9.729e-04
0.4965  1.126e-09  9.729e-04
0.5061  1.089e-09  9.728e-04
0.5158  1.053e-09  9.728e-04
0.5257  1.018e-09  9.728e-04
0.5359  9.841e-10  9.727e-04
0.5462  9.514e-10  9.727e-04
0.5567  9.198e-10  9.727e-04
0.5674  8.893e-10  9.726e-04
0.5784  8.598e-10  9.726e-04
0.5836  8.461e-10  9.726e-04
0.5895  8.307e-10  9.726e-04
0.6008  8.022e-10  9.725e-04
0.6124  7.747e-10  9.725e-04
0.6242  7.482e-10  9.724e-04
0.6362  7.225e-10  9.724e-04
0.6485  6.978e-10  9.724e-04
0.6596  6.763e-10  9.723e-04
0.6610  6.736e-10  9.723e-04
0.6737  6.487e-10  9.723e-04
0.6867  6.246e-10  9.723e-04
0.6999  6.015e-10  9.722e-04
0.7134  5.792e-10  9.722e-04
0.7215  5.664e-10  9.722e-04
0.7271  5.568e-10  9.722e-04
0.7411  5.341e-10  9.721e-04
0.7554  5.123e-10  9.721e-04
0.7665  4.963e-10  9.721e-04
0.7700  4.908e-10  9.720e-04
0.7848  4.682e-10  9.720e-04
0.7999  4.467e-10  9.720e-04
0.8153  4.262e-10  9.719e-04
0.8292  4.088e-10  9.719e-04
0.8310  4.064e-10  9.719e-04
0.8470  3.857e-10  9.719e-04
0.8633  3.661e-10  9.718e-04
0.8756  3.523e-10  9.718e-04
0.8799  3.469e-10  9.718e-04
0.8969  3.273e-10  9.718e-04
0.9142  3.087e-10  9.717e-04
0.9318  2.912e-10  9.717e-04
0.9497  2.747e-10  9.716e-04
0.9680  2.591e-10  9.716e-04
0.9867  2.444e-10  9.716e-04
1.0002  2.344e-10  9.715e-04
1.0056  2.305e-10  9.715e-04
1.0250  2.173e-10  9.715e-04
1.0448  2.049e-10  9.715e-04
1.0649  1.932e-10  9.714e-04
1.0854  1.821e-10  9.714e-04
1.0985  1.755e-10  9.714e-04
1.1063  1.720e-10  9.714e-04
1.1276  1.628e-10  9.713e-04
1.1493  1.540e-10  9.713e-04
1.1715  1.458e-10  9.712e-04
1.1848  1.411e-10  9.712e-04
1.1940  1.381e-10  9.712e-04
1.2170  1.310e-10  9.712e-04
1.2405  1.243e-10  9.711e-04
1.2546  1.204e-10  9.711e-04
1.2643  1.182e-10  9.711e-04
1.2887  1.128e-10  9.711e-04
1.3135  1.077e-10  9.710e-04
1.3211  1.062e-10  9.710e-04
1.3388  1.033e-10  9.710e-04
1.3646  9.925e-11  9.710e-04
1.3844  9.630e-11  9.709e-04
1.3909  9.554e-11  9.709e-04
1.4177  9.250e-11  9.709e-04
1.4450  8.956e-11  9.708e-04
1.4476  8.928e-11  9.708e-04
1.4728  8.729e-11  9.708e-04
1.5011  8.514e-11  9.708e-04
1.5037  8.496e-11  9.708e-04
1.5301  8.403e-11  9.707e-04
1.5461  8.347e-11  9.707e-04
1.5595  8.340e-11  9.707e-04
1.5840  8.328e-11  9.707e-04
1.5896  8.342e-11  9.707e-04
1.6000  8.369e-11  9.707e-04
1.6020  8.374e-11  9.706e-04
1.6040  8.379e-11  9.706e-04
1.6060  8.384e-11  9.706e-04
1.6080  8.389e-11  9.706e-04
1.6100  8.394e-11  9.706e-04
1.6120  8.399e-11  9.706e-04
1.6140  8.404e-11  9.706e-04
1.6160  8.409e-11  9.706e-04
1.6180  8.414e-11  9.706e-04
1.6200  8.419e-11  9.706e-04
1.6202  8.420e-11  9.706e-04
1.6220  8.424e-11  9.706e-04
1.6228  8.426e-11  9.706e-04
1.6240  8.434e-11  9.706e-04
1.6260  8.446e-11  9.706e-04
1.6280  8.459e-11  9.706e-04
1.6300  8.471e-11  9.706e-04
1.6320  8.484e-11  9.706e-04
1.6340  8.497e-11  9.706e-04
1.6360  8.509e-11  9.706e-04
1.6380  8.522e-11  9.706e-04
1.6400  8.534e-11  9.706e-04
1.6420  8.547e-11  9.706e-04
1.6440  8.559e-11  9.706e-04
1.6460  8.572e-11  9.706e-04
1.6480  8.584e-11  9.706e-04
1.6500  8.597e-11  9.706e-04
1.6514  8.606e-11  9.706e-04
1.6520  8.609e-11  9.706e-04
1.6540  8.622e-11  9.706e-04
1.6560  8.635e-11  9.706e-04
1.6576  8.645e-11  9.706e-04
1.6580  8.648e-11  9.706e-04
1.6600  8.669e-11  9.706e-04
1.6620  8.689e-11  9.706e-04
1.6640  8.709e-11  9.706e-04
1.6660  8.730e-11  9.706e-04
1.6680  8.750e-11  9.706e-04
1.6700  8.771e-11  9.706e-04
1.6720  8.791e-11  9.706e-04
1.6740  8.812e-11  9.706e-04
1.6760  8.832e-11  9.706e-04
1.6780  8.853e-11  9.706e-04
1.6800  8.873e-11  9.706e-04
1.6820  8.894e-11  9.706e-04
1.6827  8.901e-11  9.706e-04
1.6832  8.908e-11  9.706e-04
1.6840  8.920e-11  9.706e-04
1.6860  8.951e-11  9.706e-04
1.6880  8.981e-11  9.705e-04
1.6900  9.012e-11  9.705e-04
1.6920  9.042e-11  9.705e-04
1.6940  9.073e-11  9.705e-04
1.6960  9.104e-11  9.705e-04
1.6980  9.135e-11  9.705e-04
1.7000  9.166e-11  9.705e-04
1.7020  9.196e-11  9.705e-04
1.7040  9.227e-11  9.705e-04
1.7060  9.259e-11  9.705e-04
1.7080  9.290e-11  9.705e-04
1.7100  9.321e-11  9.705e-04
1.7120  9.352e-11  9.705e-04
1.7140  9.384e-11  9.705e-04
1.7148  9.396e-11  9.705e-04
1.7156  9.415e-11  9.705e-04
1.7160  9.423e-11  9.705e-04
1.7180  9.469e-11  9.705e-04
1.7200  9.515e-11  9.705e-04
1.7220  9.560e-11  9.705e-04
1.7240  9.606e-11  9.705e-04
1.7260  9.653e-11  9.705e-04
1.7280  9.699e-11  9.705e-04
1.7300  9.745e-11  9.705e-04
1.7320  9.792e-11  9.705e-04
1.7340  9.839e-11  9.705e-04
1.7360  9.886e-11  9.705e-04
1.7372  9.913e-11  9.705e-04
1.7380  9.944e-11  9.705e-04
1.7400  1.002e-10  9.705e-04
1.7420  1.009e-10  9.705e-04
1.7440  1.017e-10  9.705e-04
1.7460  1.024e-10  9.705e-04
1.7480  1.032e-10  9.705e-04
1.7487  1.035e-10  9.705e-04
1.7500  1.040e-10  9.705e-04
1.7520  1.047e-10  9.705e-04
1.7540  1.055e-10  9.705e-04
1.7560  1.063e-10  9.705e-04
1.7580  1.071e-10  9.705e-04
1.7600  1.079e-10  9.705e-04
1.7620  1.087e-10  9.705e-04
1.7640  1.095e-10  9.705e-04
1.7660  1.103e-10  9.705e-04
1.7680  1.111e-10  9.705e-04
1.7700  1.119e-10  9.705e-04
1.7720  1.127e-10  9.705e-04
1.7740  1.136e-10  9.705e-04
1.7760  1.144e-10  9.705e-04
1.7780  1.152e-10  9.704e-04
1.7800  1.161e-10  9.704e-04
1.7820  1.169e-10  9.704e-04
1.7823  1.170e-10  9.704e-04
1.7824  1.171e-10  9.704e-04
1.7840  1.180e-10  9.704e-04
1.7860  1.192e-10  9.704e-04
1.7880  1.203e-10  9.704e-04
1.7900  1.215e-10  9.704e-04
1.7920  1.227e-10  9.704e-04
1.7940  1.239e-10  9.704e-04
1.7960  1.251e-10  9.704e-04
1.7980  1.264e-10  9.704e-04
1.8000  1.276e-10  9.704e-04
1.8020  1.289e-10  9.704e-04
1.8031  1.296e-10  9.704e-04
1.8040  1.304e-10  9.704e-04
1.8060  1.322e-10  9.704e-04
1.8080  1.341e-10  9.704e-04
1.8100  1.360e-10  9.704e-04
1.8120  1.379e-10  9.704e-04
1.8140  1.398e-10  9.704e-04
1.8160  1.418e-10  9.704e-04
1.8167  1.424e-10  9.704e-04
1.8180  1.438e-10  9.704e-04
1.8200  1.458e-10  9.704e-04
1.8220  1.479e-10  9.704e-04
1.8240  1.499e-10  9.704e-04
1.8260  1.520e-10  9.704e-04
1.8280  1.541e-10  9.704e-04
1.8289  1.551e-10  9.704e-04
1.8300  5.656e-10  9.704e-04
1.8316  3.699e-09  9.704e-04
1.8320  5.113e-09  9.704e-04
1.8322  6.212e-09  9.704e-04
1.8340  6.205e-09  9.704e-04
1.8360  6.195e-09  9.704e-04
1.8380  6.185e-09  9.704e-04
1.8400  6.176e-09  9.704e-04
1.8420  6.166e-09  9.704e-04
1.8440  6.157e-09  9.704e-04
1.8460  6.148e-09  9.704e-04
1.8480  6.138e-09  9.704e-04
1.8500  6.129e-09  9.704e-04
1.8516  6.121e-09  9.704e-04
1.8520  6.119e-09  9.704e-04
1.8540  6.110e-09  9.704e-04
1.8560  6.101e-09  9.704e-04
1.8580  6.091e-09  9.704e-04
1.8600  6.082e-09  9.704e-04
1.8620  6.073e-09  9.704e-04
1.8640  6.064e-09  9.704e-04
1.8660  6.055e-09  9.704e-04
1.8680  6.045e-09  9.704e-04
1.8700  6.036e-09  9.704e-04
1.8720  6.027e-09  9.704e-04
1.8740  6.018e-09  9.703e-04
1.8760  6.009e-09  9.703e-04
1.8780  6.000e-09  9.703e-04
1.8800  5.991e-09  9.703e-04
1.8820  5.982e-09  9.703e-04
1.8830  5.977e-09  9.703e-04
1.8840  5.973e-09  9.703e-04
1.8860  5.965e-09  9.703e-04
1.8873  5.960e-09  9.703e-04
1.8880  5.957e-09  9.703e-04
1.8900  5.948e-09  9.703e-04
1.8920  5.940e-09  9.703e-04
1.8940  5.932e-09  9.703e-04
1.8960  5.924e-09  9.703e-04
1.8980  5.916e-09  9.703e-04
1.9000  5.908e-09  9.703e-04
1.9020  5.900e-09  9.703e-04
1.9040  5.891e-09  9.703e-04
1.9060  5.883e-09  9.703e-04
1.9080  5.875e-09  9.703e-04
1.9100  5.867e-09  9.703e-04
1.9107  5.865e-09  9.703e-04
1.9120  5.859e-09  9.657e-04
1.9140  5.851e-09  9.588e-04
1.9160  5.843e-09  9.520e-04
1.9180  5.835e-09  9.452e-04
1.9200  5.828e-09  9.385e-04
1.9220  5.820e-09  9.318e-04
1.9237  5.813e-09  9.264e-04
1.9240  5.812e-09  9.252e-04
1.9260  5.804e-09  9.187e-04
1.9280  5.796e-09  9.121e-04
1.9300  5.788e-09  9.057e-04
1.9320  5.780e-09  8.993e-04
1.9340  5.773e-09  8.929e-04
1.9360  5.765e-09  8.866e-04
1.9380  5.757e-09  8.804e-04
1.9400  5.749e-09  8.742e-04
1.9420  5.742e-09  8.681e-04
1.9440  5.734e-09  8.620e-04
1.9460  5.726e-09  8.559e-04
1.9480  5.719e-09  8.499e-04
1.9500  5.711e-09  8.440e-04
1.9520  5.703e-09  8.381e-04
1.9540  5.696e-09  8.322e-04
1.9560  5.688e-09  8.264e-04
1.9580  5.681e-09  8.206e-04
1.9600  5.673e-09  8.149e-04
1.9607  5.670e-09  8.129e-04
1.9620  5.665e-09  8.092e-04
1.9640  5.658e-09  8.036e-04
1.9660  5.650e-09  7.980e-04
1.9680  5.643e-09  7.925e-04
1.9700  5.635e-09  7.870e-04
1.9720  5.628e-09  7.815e-04
1.9740  5.621e-09  7.761e-04
1.9760  5.613e-09  7.708e-04
1.9780  5.606e-09  7.655e-04
1.9800  5.598e-09  7.602e-04
1.9820  5.591e-09  7.549e-04
1.9840  5.584e-09  7.497e-04
1.9860  5.576e-09  7.446e-04
1.9880  5.569e-09  7.395e-04
1.9900  5.562e-09  7.344e-04
1.9919  5.555e-09  7.295e-04
1.9920  5.554e-09  7.294e-04
1.9929  5.551e-09  7.270e-04
1.9940  5.549e-09  7.243e-04
1.9960  5.544e-09  7.193e-04
1.9980  5.539e-09  7.143e-04
1.9985  5.538e-09  7.132e-04
2.0000  5.535e-09  7.094e-04
2.0370  5.450e-09  6.248e-04
2.0762  5.363e-09  5.474e-04
2.0921  5.328e-09  5.191e-04
2.1162  5.297e-09  4.796e-04
2.1569  5.246e-09  4.202e-04
2.1930  5.201e-09  3.746e-04
2.1985  5.199e-09  3.682e-04
2.2408  5.183e-09  3.226e-04
2.2712  5.171e-09  2.938e-04
2.2840  5.177e-09  2.826e-04
2.3213  5.195e-09  2.526e-04
2.3279  5.198e-09  2.474e-04
2.3591  5.213e-09  2.248e-04
2.3728  5.233e-09  2.157e-04
2.4185  5.299e-09  1.880e-04
2.4393  5.330e-09  1.768e-04
2.4651  5.395e-09  1.639e-04
2.4716  5.411e-09  1.608e-04
2.5084  5.504e-09  1.447e-04
2.5125  5.521e-09  1.431e-04
2.5571  5.700e-09  1.262e-04
2.5609  5.716e-09  1.249e-04
2.5782  5.786e-09  1.191e-04
2.6103  5.962e-09  1.092e-04
2.6203  6.018e-09  1.062e-04
2.6574  6.226e-09  9.598e-05
2.6605  6.248e-09  9.519e-05
2.7118  6.623e-09  8.295e-05
2.7215  6.697e-09  8.083e-05
2.7640  7.098e-09  7.229e-05
2.7951  7.405e-09  6.667e-05
2.8172  7.707e-09  6.300e-05
2.8456  8.111e-09  5.860e-05
2.8715  8.540e-09  5.490e-05
2.9268  9.520e-09  4.784e-05
2.9831  1.061e-08  4.169e-05
3.0066  1.110e-08  3.940e-05
3.0406  1.181e-08  3.633e-05
3.0702  1.246e-08  3.388e-05
3.0992  1.294e-08  3.166e-05
3.1147  1.320e-08  3.054e-05
3.1567  1.364e-08  2.773e-05
3.1588  1.365e-08  2.759e-05
3.2017  1.385e-08  2.504e-05
3.2197  1.384e-08  2.405e-05
3.2662  1.384e-08  2.168e-05
3.2817  1.376e-08  2.095e-05
3.2866  1.374e-08  2.073e-05
3.3449  1.347e-08  1.849e-05
3.4063  1.320e-08  1.642e-05
3.4093  1.318e-08  1.633e-05
3.4750  1.275e-08  1.442e-05
3.4775  1.273e-08  1.435e-05
3.5419  1.233e-08  1.248e-05
3.5867  1.206e-08  1.134e-05
3.6101  1.193e-08  1.079e-05
3.6796  1.155e-08  9.335e-06
3.7505  1.118e-08  8.074e-06
3.7801  1.103e-08  7.605e-06
3.8227  1.086e-08  6.983e-06
3.8964  1.059e-08  6.039e-06
3.9438  1.042e-08  5.508e-06
3.9625  1.035e-08  5.307e-06
3.9714  1.033e-08  5.214e-06
4.0446  1.017e-08  4.516e-06
4.0479  1.017e-08  4.488e-06
4.1193  1.010e-08  3.911e-06
4.1258  1.009e-08  3.861e-06
4.1695  1.005e-08  3.543e-06
4.2053  1.006e-08  3.303e-06
4.2863  1.007e-08  2.826e-06
4.2885  1.007e-08  2.814e-06
4.3428  1.016e-08  2.539e-06
4.3689  1.021e-08  2.409e-06
4.3960  1.025e-08  2.281e-06
4.4530  1.043e-08  2.036e-06
4.4792  1.052e-08  1.933e-06
4.5388  1.087e-08  1.721e-06
4.5438  1.090e-08  1.705e-06
4.5511  1.094e-08  1.678e-06
4.6262  1.162e-08  1.427e-06
4.6416  1.176e-08  1.380e-06
4.7019  1.250e-08  1.215e-06
4.7153  1.273e-08  1.181e-06
4.7362  1.310e-08  1.130e-06
4.7918  1.411e-08  9.857e-07
4.8000  1.432e-08  9.662e-07
4.8050  1.445e-08  9.545e-07
4.8061  1.448e-08  9.519e-07
4.8100  1.458e-08  9.429e-07
4.8150  1.472e-08  9.314e-07
4.8200  1.485e-08  9.202e-07
4.8250  1.499e-08  9.090e-07
4.8300  1.513e-08  8.981e-07
4.8350  1.526e-08  8.872e-07
4.8370  1.532e-08  8.829e-07
4.8400  1.540e-08  8.753e-07
4.8450  1.555e-08  8.627e-07
4.8500  1.569e-08  8.504e-07
4.8550  1.583e-08  8.382e-07
4.8600  1.597e-08  8.262e-07
4.8606  1.599e-08  8.248e-07
4.8650  1.617e-08  8.144e-07
4.8700  1.637e-08  8.028e-07
4.8750  1.657e-08  7.913e-07
4.8800  1.677e-08  7.801e-07
4.8850  1.698e-08  7.690e-07
4.8900  1.719e-08  7.580e-07
4.8950  1.740e-08  7.473e-07
4.8986  1.755e-08  7.395e-07
4.9000  1.761e-08  7.367e-07
4.9050  1.783e-08  7.262e-07
4.9100  1.804e-08  7.159e-07
4.9150  1.826e-08  7.058e-07
4.9188  1.844e-08  6.982e-07
4.9200  1.849e-08  6.953e-07
4.9250  1.871e-08  6.830e-07
4.9283  1.886e-08  6.751e-07
4.9300  1.897e-08  6.710e-07
4.9350  1.930e-08  6.593e-07
4.9400  1.964e-08  6.477e-07
4.9450  1.998e-08  6.364e-07
4.9500  2.032e-08  6.253e-07
4.9550  2.067e-08  6.143e-07
4.9600  2.103e-08  6.036e-07
4.9650  2.139e-08  5.931e-07
4.9700  2.176e-08  5.827e-07
4.9750  2.214e-08  5.726e-07
4.9800  2.252e-08  5.627e-07
4.9832  2.276e-08  5.564e-07
4.9850  2.290e-08  5.517e-07
4.9900  2.330e-08  5.390e-07
4.9904  2.333e-08  5.380e-07
4.9930  2.364e-08  5.315e-07
4.9950  2.389e-08  5.266e-07
5.0000  2.451e-08  5.145e-07
5.0050  2.514e-08  5.027e-07
5.0100  2.580e-08  4.911e-07
5.0150  2.646e-08  4.799e-07
5.0200  2.715e-08  4.689e-07
5.0250  2.785e-08  4.582e-07
5.0300  2.857e-08  4.477e-07
5.0350  2.931e-08  4.375e-07
5.0376  2.971e-08  4.322e-07
5.0400  3.007e-08  4.253e-07
5.0450  3.084e-08  4.110e-07
5.0460  3.099e-08  4.083e-07
5.0500  3.202e-08  3.973e-07
5.0550  3.334e-08  3.840e-07
5.0600  3.472e-08  3.712e-07
5.0650  3.615e-08  3.588e-07
5.0700  3.763e-08  3.468e-07
5.0750  3.918e-08  3.352e-07
5.0800  4.079e-08  3.241e-07
5.0804  4.093e-08  3.232e-07
5.0834  4.193e-08  3.117e-07
5.0850  4.286e-08  3.059e-07
5.0892  4.540e-08  2.910e-07
5.0900  4.594e-08  2.880e-07
5.0950  4.924e-08  2.713e-07
5.1000  5.277e-08  2.555e-07
5.1050  5.655e-08  2.407e-07
5.1100  6.060e-08  2.267e-07
5.1117  6.207e-08  2.221e-07
5.1120  6.228e-08  2.204e-07
5.1150  7.447e-08  2.002e-07
5.1200  1.000e-07  1.709e-07
5.1250  1.343e-07  1.459e-07
