# DarkQuest phase I fermiophilic-ALP (BC10) sensitivity, revised phenomenology
# Extracted from arXiv:2501.04525 (Ovchynnikov-Zaporozhchenko, PRD 112 015001),
# parameter-space-ALP-fermion.pdf (solid = revised phenomenology).
# Date: 2026-07-11
# Source y axis is y^2 = (2 v_h/f_GKOZ)^2; converted to 1/f (BNT) = y/v_h,
# v_h = 246 GeV. The visible figure frame covers m_a in [0.6, 2.0] GeV;
# path data beneath the PDF clip (m_a < 0.6 or > 2.0) is kept as drawn but
# was not visually published -- treat it accordingly.
# Format: chains separated by blank line; each row "mass_GeV  invf_GeV^-1"
# chain: 2243 vertices
9.400033e-01  9.780933e-08
9.400033e-01  7.891242e-08
9.395087e-01  8.048146e-08
9.389909e-01  8.223148e-08
9.388216e-01  8.273878e-08
9.386921e-01  8.319779e-08
9.381345e-01  8.505685e-08
9.375535e-01  8.712689e-08
9.374473e-01  8.744250e-08
9.373709e-01  8.772676e-08
9.367602e-01  8.988120e-08
9.361129e-01  9.231370e-08
9.360598e-01  9.249080e-08
9.355552e-01  9.436479e-08
9.353992e-01  9.499096e-08
9.353859e-01  9.502623e-08
9.347518e-01  9.751354e-08
9.347120e-01  9.765529e-08
9.346722e-01  9.780933e-08
9.340249e-01  1.003943e-07
9.334407e-01  1.027964e-07
9.333378e-01  1.031943e-07
9.332482e-01  1.036321e-07
9.326639e-01  1.060886e-07
9.321328e-01  1.083787e-07
9.319767e-01  1.090474e-07
9.318075e-01  1.098016e-07
9.312896e-01  1.121059e-07
9.308216e-01  1.142502e-07
9.306158e-01  1.152467e-07
9.303801e-01  1.163383e-07
9.299153e-01  1.183804e-07
9.295270e-01  1.195274e-07
9.290722e-01  1.208499e-07
9.282921e-01  1.232641e-07
9.282423e-01  1.233823e-07
9.282158e-01  1.234586e-07
9.281394e-01  1.237106e-07
9.274124e-01  1.259717e-07
9.269178e-01  1.275190e-07
9.265693e-01  1.286154e-07
9.259585e-01  1.306023e-07
9.257394e-01  1.312984e-07
9.256232e-01  1.316967e-07
9.251950e-01  1.331044e-07
9.249095e-01  1.340540e-07
9.247933e-01  1.344274e-07
9.243253e-01  1.360281e-07
9.240797e-01  1.368673e-07
9.236382e-01  1.383773e-07
9.232498e-01  1.397225e-07
9.230307e-01  1.405019e-07
9.224199e-01  1.426548e-07
9.222506e-01  1.432247e-07
9.217328e-01  1.451050e-07
9.215900e-01  1.456487e-07
9.213178e-01  1.466016e-07
9.207602e-01  1.486870e-07
9.204349e-01  1.498727e-07
9.199170e-01  1.517512e-07
9.195021e-01  1.528715e-07
9.191535e-01  1.538527e-07
9.189975e-01  1.542622e-07
9.186191e-01  1.553291e-07
9.180747e-01  1.568342e-07
9.178689e-01  1.574413e-07
9.173610e-01  1.588539e-07
9.171552e-01  1.594490e-07
9.165710e-01  1.611135e-07
9.162357e-01  1.620925e-07
9.154058e-01  1.645762e-07
9.153262e-01  1.647950e-07
9.152863e-01  1.648918e-07
9.152232e-01  1.650703e-07
9.144066e-01  1.675426e-07
9.140183e-01  1.687379e-07
9.137825e-01  1.694120e-07
9.134871e-01  1.703150e-07
9.130955e-01  1.715512e-07
9.127336e-01  1.726736e-07
9.125776e-01  1.731546e-07
9.121892e-01  1.743737e-07
9.120863e-01  1.746704e-07
9.116581e-01  1.760416e-07
9.114490e-01  1.767066e-07
9.109577e-01  1.782700e-07
9.107486e-01  1.789822e-07
9.101776e-01  1.808282e-07
9.098290e-01  1.818539e-07
9.089859e-01  1.840876e-07
9.088962e-01  1.842869e-07
9.088564e-01  1.843951e-07
9.087270e-01  1.847545e-07
9.078838e-01  1.870008e-07
9.076249e-01  1.877014e-07
9.071203e-01  1.890872e-07
9.069245e-01  1.896140e-07
9.067153e-01  1.901833e-07
9.063535e-01  1.911733e-07
9.059651e-01  1.922874e-07
9.052515e-01  1.942466e-07
9.050822e-01  1.947155e-07
9.047203e-01  1.957533e-07
9.044481e-01  1.965111e-07
9.040332e-01  1.976990e-07
9.038108e-01  1.983232e-07
9.033958e-01  1.995221e-07
9.030738e-01  2.004678e-07
9.025560e-01  2.019979e-07
9.021145e-01  2.032943e-07
9.015436e-01  2.049662e-07
9.012846e-01  2.057342e-07
9.011552e-01  2.061352e-07
9.007270e-01  2.074070e-07
9.001959e-01  2.090158e-07
9.000265e-01  2.095462e-07
8.997278e-01  2.102338e-07
8.991834e-01  2.114785e-07
8.987552e-01  2.124481e-07
8.983137e-01  2.135079e-07
8.981710e-01  2.138381e-07
8.980680e-01  2.140497e-07
8.974971e-01  2.153969e-07
8.971486e-01  2.162307e-07
8.964216e-01  2.179618e-07
8.962390e-01  2.183799e-07
8.961361e-01  2.186433e-07
8.956681e-01  2.197543e-07
8.951237e-01  2.210895e-07
8.949942e-01  2.213767e-07
8.947751e-01  2.219179e-07
8.941013e-01  2.235564e-07
8.937361e-01  2.244495e-07
8.931286e-01  2.259459e-07
8.930888e-01  2.260507e-07
8.924780e-01  2.275578e-07
8.920764e-01  2.285799e-07
8.914954e-01  2.300470e-07
8.912332e-01  2.307092e-07
8.910672e-01  2.311303e-07
8.904033e-01  2.328367e-07
8.900680e-01  2.337091e-07
8.898589e-01  2.341646e-07
8.890291e-01  2.360393e-07
8.887303e-01  2.367188e-07
8.882921e-01  2.377232e-07
8.879933e-01  2.383854e-07
8.874855e-01  2.395671e-07
8.869677e-01  2.407548e-07
8.867220e-01  2.413359e-07
8.862406e-01  2.424498e-07
8.859452e-01  2.431853e-07
8.851518e-01  2.450111e-07
8.850091e-01  2.453672e-07
8.849062e-01  2.456024e-07
8.844514e-01  2.466980e-07
8.843884e-01  2.468505e-07
8.838838e-01  2.480435e-07
8.835850e-01  2.487345e-07
8.828581e-01  2.505089e-07
8.825328e-01  2.513000e-07
8.820282e-01  2.525145e-07
8.818323e-01  2.530067e-07
8.812880e-01  2.543553e-07
8.808099e-01  2.555214e-07
8.804714e-01  2.563599e-07
8.800564e-01  2.574080e-07
8.797842e-01  2.580372e-07
8.789411e-01  2.599423e-07
8.788249e-01  2.602236e-07
8.787486e-01  2.603765e-07
8.783070e-01  2.613844e-07
8.777096e-01  2.627776e-07
8.775934e-01  2.630376e-07
8.774241e-01  2.633874e-07
8.766739e-01  2.651681e-07
8.763618e-01  2.658738e-07
8.759203e-01  2.669030e-07
8.756349e-01  2.675803e-07
8.751303e-01  2.687489e-07
8.745992e-01  2.700145e-07
8.744033e-01  2.704739e-07
8.739121e-01  2.716803e-07
8.735602e-01  2.725045e-07
8.726805e-01  2.746182e-07
8.725378e-01  2.749834e-07
8.720697e-01  2.761161e-07
8.717311e-01  2.769537e-07
8.714988e-01  2.774849e-07
8.714589e-01  2.776222e-07
8.713958e-01  2.777509e-07
8.704730e-01  2.800092e-07
8.702407e-01  2.806157e-07
8.699054e-01  2.814321e-07
8.694373e-01  2.824516e-07
8.690224e-01  2.834135e-07
8.684382e-01  2.847129e-07
8.683884e-01  2.848185e-07
8.678041e-01  2.861243e-07
8.673494e-01  2.871609e-07
8.669743e-01  2.880320e-07
8.665859e-01  2.889058e-07
8.663137e-01  2.895673e-07
8.655204e-01  2.913537e-07
8.653776e-01  2.917051e-07
8.652614e-01  2.919577e-07
8.646407e-01  2.934413e-07
8.641593e-01  2.945408e-07
8.640697e-01  2.947867e-07
8.631867e-01  2.968255e-07
8.629543e-01  2.973948e-07
8.626158e-01  2.981863e-07
8.621511e-01  2.993036e-07
8.617361e-01  3.002858e-07
8.611651e-01  3.016624e-07
8.611253e-01  3.017743e-07
8.605278e-01  3.031954e-07
8.600896e-01  3.042938e-07
8.597112e-01  3.051791e-07
8.593228e-01  3.061428e-07
8.590506e-01  3.068058e-07
8.582606e-01  3.087750e-07
8.581178e-01  3.091091e-07
8.580249e-01  3.093768e-07
8.575203e-01  3.106127e-07
8.574174e-01  3.109105e-07
8.569892e-01  3.119211e-07
8.569228e-01  3.121140e-07
8.568199e-01  3.123359e-07
8.559635e-01  3.145350e-07
8.557179e-01  3.151383e-07
8.553826e-01  3.160161e-07
8.549411e-01  3.171609e-07
8.545261e-01  3.182017e-07
8.539419e-01  3.197001e-07
8.539021e-01  3.197791e-07
8.533212e-01  3.212850e-07
8.528796e-01  3.224489e-07
8.521262e-01  3.244082e-07
8.518539e-01  3.251108e-07
8.510772e-01  3.271974e-07
8.509344e-01  3.275515e-07
8.508315e-01  3.278351e-07
8.502606e-01  3.293789e-07
8.497394e-01  3.306539e-07
8.496498e-01  3.308890e-07
8.487801e-01  3.330128e-07
8.485477e-01  3.335794e-07
8.482490e-01  3.343431e-07
8.477444e-01  3.355647e-07
8.473693e-01  3.365306e-07
8.468482e-01  3.377916e-07
8.467054e-01  3.381258e-07
8.461743e-01  3.394766e-07
8.456830e-01  3.407064e-07
8.454473e-01  3.413177e-07
8.449958e-01  3.424801e-07
8.446573e-01  3.433068e-07
8.440498e-01  3.448381e-07
8.438009e-01  3.454675e-07
8.436216e-01  3.459269e-07
8.426623e-01  3.484378e-07
8.426224e-01  3.485240e-07
8.425959e-01  3.485671e-07
8.424398e-01  3.489875e-07
8.415701e-01  3.512274e-07
8.414406e-01  3.515641e-07
8.412614e-01  3.520316e-07
8.405477e-01  3.539080e-07
8.402622e-01  3.546745e-07
8.398738e-01  3.556625e-07
8.395220e-01  3.566091e-07
8.390805e-01  3.577793e-07
8.384996e-01  3.593308e-07
8.384863e-01  3.593752e-07
8.379153e-01  3.609447e-07
8.374871e-01  3.620733e-07
8.367336e-01  3.640932e-07
8.364614e-01  3.648479e-07
8.357245e-01  3.668720e-07
8.355685e-01  3.673145e-07
8.354523e-01  3.676325e-07
8.346722e-01  3.697635e-07
8.344266e-01  3.704383e-07
8.343867e-01  3.705299e-07
8.343502e-01  3.706559e-07
8.334141e-01  3.732655e-07
8.329626e-01  3.745251e-07
8.324050e-01  3.761144e-07
8.320531e-01  3.770688e-07
8.315884e-01  3.783880e-07
8.313925e-01  3.789849e-07
8.308879e-01  3.804049e-07
8.308083e-01  3.806401e-07
8.303801e-01  3.818774e-07
8.302141e-01  3.823379e-07
8.297328e-01  3.837231e-07
8.293710e-01  3.847919e-07
8.288498e-01  3.862814e-07
8.285643e-01  3.871300e-07
8.283585e-01  3.877287e-07
8.274755e-01  3.903138e-07
8.273992e-01  3.905551e-07
8.273461e-01  3.906880e-07
8.269842e-01  3.917762e-07
8.268282e-01  3.922487e-07
8.263369e-01  3.936697e-07
8.262440e-01  3.939618e-07
8.261145e-01  3.943394e-07
8.253377e-01  3.966865e-07
8.250921e-01  3.974474e-07
8.247535e-01  3.984067e-07
8.243253e-01  3.996647e-07
8.239369e-01  4.008647e-07
8.233925e-01  4.024661e-07
8.233261e-01  4.026652e-07
8.227818e-01  4.043238e-07
8.223170e-01  4.056883e-07
8.220448e-01  4.065292e-07
8.216299e-01  4.078002e-07
8.213178e-01  4.086835e-07
8.206938e-01  4.106206e-07
8.204747e-01  4.112683e-07
8.203054e-01  4.117644e-07
8.193461e-01  4.147532e-07
8.193195e-01  4.148044e-07
8.193062e-01  4.148558e-07
8.192299e-01  4.150994e-07
8.183104e-01  4.179187e-07
8.181809e-01  4.183193e-07
8.179983e-01  4.189273e-07
8.173112e-01  4.210562e-07
8.170257e-01  4.219290e-07
8.166506e-01  4.231436e-07
8.163120e-01  4.242174e-07
8.158838e-01  4.255568e-07
8.153129e-01  4.273625e-07
8.152996e-01  4.274154e-07
8.147419e-01  4.292157e-07
8.143170e-01  4.305710e-07
8.139651e-01  4.317169e-07
8.136033e-01  4.328661e-07
8.133311e-01  4.337499e-07
8.126307e-01  4.360619e-07
8.124614e-01  4.365879e-07
8.123319e-01  4.370063e-07
8.114755e-01  4.398112e-07
8.113461e-01  4.402464e-07
8.113195e-01  4.403416e-07
8.112929e-01  4.403961e-07
8.103469e-01  4.435515e-07
8.101776e-01  4.440865e-07
8.099585e-01  4.448420e-07
8.093610e-01  4.468816e-07
8.090523e-01  4.479048e-07
8.086374e-01  4.493190e-07
8.083751e-01  4.501809e-07
8.079104e-01  4.517698e-07
8.073793e-01  4.535746e-07
8.072996e-01  4.538411e-07
8.063933e-01  4.569235e-07
8.059784e-01  4.584086e-07
8.056531e-01  4.595151e-07
8.054075e-01  4.603538e-07
8.046539e-01  4.629792e-07
8.045245e-01  4.634230e-07
8.044348e-01  4.637526e-07
8.038008e-01  4.660084e-07
8.033958e-01  4.674075e-07
8.033328e-01  4.676388e-07
8.024631e-01  4.706985e-07
8.022706e-01  4.714409e-07
8.020083e-01  4.723452e-07
8.014905e-01  4.742322e-07
8.011419e-01  4.754356e-07
8.006871e-01  4.770990e-07
8.005045e-01  4.777335e-07
8.000265e-01  4.795235e-07
7.995319e-01  4.814987e-07
7.993660e-01  4.822582e-07
7.988979e-01  4.841849e-07
7.985726e-01  4.855336e-07
7.980149e-01  4.879406e-07
7.977826e-01  4.888764e-07
7.976133e-01  4.895871e-07
7.966672e-01  4.936288e-07
7.966407e-01  4.937508e-07
7.957079e-01  4.977499e-07
7.955519e-01  4.984119e-07
7.953328e-01  4.993834e-07
7.947485e-01  5.019210e-07
7.944365e-01  5.033191e-07
7.939950e-01  5.052674e-07
7.938025e-01  5.061114e-07
7.928431e-01  5.102894e-07
7.926606e-01  5.111576e-07
7.922058e-01  5.131362e-07
7.918971e-01  5.145655e-07
7.913261e-01  5.171804e-07
7.911038e-01  5.181725e-07
7.909477e-01  5.188616e-07
7.900017e-01  5.231448e-07
7.899884e-01  5.232095e-07
7.890423e-01  5.275124e-07
7.888863e-01  5.282793e-07
7.886539e-01  5.293089e-07
7.880963e-01  5.319329e-07
7.877843e-01  5.334146e-07
7.873328e-01  5.355455e-07
7.871502e-01  5.363738e-07
7.866689e-01  5.385833e-07
7.862041e-01  5.408017e-07
7.860083e-01  5.417887e-07
7.855668e-01  5.438859e-07
7.852714e-01  5.453167e-07
7.846871e-01  5.481556e-07
7.844780e-01  5.491561e-07
7.843220e-01  5.498864e-07
7.839204e-01  5.518102e-07
7.834158e-01  5.542888e-07
7.833627e-01  5.545458e-07
7.824431e-01  5.590546e-07
7.822739e-01  5.598672e-07
7.820415e-01  5.610105e-07
7.814971e-01  5.637393e-07
7.811851e-01  5.653096e-07
7.807303e-01  5.675505e-07
7.805643e-01  5.683755e-07
7.800830e-01  5.708578e-07
7.796282e-01  5.731384e-07
7.794224e-01  5.741668e-07
7.789942e-01  5.763893e-07
7.786954e-01  5.779234e-07
7.781112e-01  5.809320e-07
7.779054e-01  5.819923e-07
7.777494e-01  5.826942e-07
7.768797e-01  5.872866e-07
7.768166e-01  5.876317e-07
7.768033e-01  5.876317e-07
7.758938e-01  5.924827e-07
7.757278e-01  5.933439e-07
7.754921e-01  5.945555e-07
7.749610e-01  5.973737e-07
7.746357e-01  5.990933e-07
7.741843e-01  6.014866e-07
7.740282e-01  6.023609e-07
7.735469e-01  6.049169e-07
7.730954e-01  6.073335e-07
7.728863e-01  6.084233e-07
7.724714e-01  6.107217e-07
7.721726e-01  6.123284e-07
7.715884e-01  6.155161e-07
7.713826e-01  6.166395e-07
7.712398e-01  6.174596e-07
7.708514e-01  6.196198e-07
7.703834e-01  6.222490e-07
7.703204e-01  6.225568e-07
7.702938e-01  6.226916e-07
7.694108e-01  6.284338e-07
7.692282e-01  6.297365e-07
7.685179e-01  6.346996e-07
7.681394e-01  6.372944e-07
7.676216e-01  6.410873e-07
7.675817e-01  6.413847e-07
7.670639e-01  6.450426e-07
7.667386e-01  6.474595e-07
7.662208e-01  6.511520e-07
7.660016e-01  6.528044e-07
7.658456e-01  6.538948e-07
7.651187e-01  6.592928e-07
7.649494e-01  6.604145e-07
7.649262e-01  6.606389e-07
7.648730e-01  6.609659e-07
7.640697e-01  6.669786e-07
7.638473e-01  6.685058e-07
7.635253e-01  6.710105e-07
7.631735e-01  6.735246e-07
7.627851e-01  6.765498e-07
7.622938e-01  6.802401e-07
7.621743e-01  6.810604e-07
7.617095e-01  6.845214e-07
7.613975e-01  6.869162e-07
7.608398e-01  6.911543e-07
7.605145e-01  6.936795e-07
7.601128e-01  6.967738e-07
7.598805e-01  6.984554e-07
7.596348e-01  7.004876e-07
7.595818e-01  7.008341e-07
7.595054e-01  7.014192e-07
7.587386e-01  7.072969e-07
7.585195e-01  7.090918e-07
7.581676e-01  7.116607e-07
7.578589e-01  7.141505e-07
7.574573e-01  7.173581e-07
7.569759e-01  7.210035e-07
7.568465e-01  7.220292e-07
7.563917e-01  7.255415e-07
7.560830e-01  7.279899e-07
7.555253e-01  7.323906e-07
7.553295e-01  7.339087e-07
7.552000e-01  7.348849e-07
7.545527e-01  7.400360e-07
7.543170e-01  7.418221e-07
7.542672e-01  7.421891e-07
7.542008e-01  7.427398e-07
7.534373e-01  7.488481e-07
7.532149e-01  7.505629e-07
7.528929e-01  7.531190e-07
7.525411e-01  7.558472e-07
7.521660e-01  7.589607e-07
7.516614e-01  7.629118e-07
7.515950e-01  7.633598e-07
7.511037e-01  7.672390e-07
7.507784e-01  7.698519e-07
7.502971e-01  7.735727e-07
7.500515e-01  7.755357e-07
7.498954e-01  7.773114e-07
7.495336e-01  7.821072e-07
7.493776e-01  7.840919e-07
7.490921e-01  7.879058e-07
7.490025e-01  7.889536e-07
7.488465e-01  7.910534e-07
7.482755e-01  7.984224e-07
7.479502e-01  8.026781e-07
7.474722e-01  8.091043e-07
7.473560e-01  8.107563e-07
7.469012e-01  8.165656e-07
7.466689e-01  8.198277e-07
7.458755e-01  8.302827e-07
7.458523e-01  8.304879e-07
7.458390e-01  8.307960e-07
7.448133e-01  8.443345e-07
7.444116e-01  8.496488e-07
7.442290e-01  8.521207e-07
7.437776e-01  8.580937e-07
7.434125e-01  8.628809e-07
7.429710e-01  8.687411e-07
7.427253e-01  8.718884e-07
7.425959e-01  8.736688e-07
7.420913e-01  8.802550e-07
7.417660e-01  8.844001e-07
7.416896e-01  8.855762e-07
7.415469e-01  8.873846e-07
7.409494e-01  8.951526e-07
7.406506e-01  8.989233e-07
7.401461e-01  9.054761e-07
7.401195e-01  9.057000e-07
7.396149e-01  9.122740e-07
7.392896e-01  9.163432e-07
7.387585e-01  9.231372e-07
7.385759e-01  9.253653e-07
7.379917e-01  9.326585e-07
7.376299e-01  9.371661e-07
7.375402e-01  9.381804e-07
7.373975e-01  9.398928e-07
7.367867e-01  9.474175e-07
7.365013e-01  9.507322e-07
7.360597e-01  9.560361e-07
7.359436e-01  9.575146e-07
7.354788e-01  9.629755e-07
7.350871e-01  9.672708e-07
7.347519e-01  9.712551e-07
7.344398e-01  9.746834e-07
7.342440e-01  9.770359e-07
7.334672e-01  9.855584e-07
7.334141e-01  9.861372e-07
7.333909e-01  9.863811e-07
7.332216e-01  9.881815e-07
7.328963e-01  9.916387e-07
7.325212e-01  9.956003e-07
7.323917e-01  9.969244e-07
7.321958e-01  9.989601e-07
7.316515e-01  1.004409e-06
7.313660e-01  1.007331e-06
7.307718e-01  1.012951e-06
7.303436e-01  1.017092e-06
7.298888e-01  1.021155e-06
7.297328e-01  1.022640e-06
7.293178e-01  1.026344e-06
7.290058e-01  1.028949e-06
7.285278e-01  1.033059e-06
7.282921e-01  1.034945e-06
7.281129e-01  1.036449e-06
7.273461e-01  1.042328e-06
7.272697e-01  1.042844e-06
7.272033e-01  1.043360e-06
7.267120e-01  1.047010e-06
7.262573e-01  1.050186e-06
7.261942e-01  1.050543e-06
7.253776e-01  1.055882e-06
7.252348e-01  1.056796e-06
7.250523e-01  1.057940e-06
7.244415e-01  1.060624e-06
7.242224e-01  1.061641e-06
7.239502e-01  1.062790e-06
7.234954e-01  1.064598e-06
7.231967e-01  1.065882e-06
7.228747e-01  1.067036e-06
7.225494e-01  1.068323e-06
7.221875e-01  1.069611e-06
7.217959e-01  1.071034e-06
7.215900e-01  1.071696e-06
7.211751e-01  1.073121e-06
7.207203e-01  1.074548e-06
7.206307e-01  1.074914e-06
7.201626e-01  1.076343e-06
7.196979e-01  1.077675e-06
7.196581e-01  1.077775e-06
7.191535e-01  1.079075e-06
7.186058e-01  1.080643e-06
7.181544e-01  1.081713e-06
7.177261e-01  1.082616e-06
7.175569e-01  1.083017e-06
7.171419e-01  1.083921e-06
7.167535e-01  1.084692e-06
7.165212e-01  1.085095e-06
7.161427e-01  1.085900e-06
7.157809e-01  1.086403e-06
7.154954e-01  1.086941e-06
7.151336e-01  1.087445e-06
7.147950e-01  1.087848e-06
7.144697e-01  1.088386e-06
7.141345e-01  1.088790e-06
7.138091e-01  1.089160e-06
7.134473e-01  1.089429e-06
7.128232e-01  1.089968e-06
7.124349e-01  1.090339e-06
7.118374e-01  1.090609e-06
7.114224e-01  1.090878e-06
7.111369e-01  1.090878e-06
7.108548e-01  1.091013e-06
7.104266e-01  1.091148e-06
7.094274e-01  1.091148e-06
7.091419e-01  1.091013e-06
7.088564e-01  1.091013e-06
7.084415e-01  1.090743e-06
7.081560e-01  1.090609e-06
7.078573e-01  1.090474e-06
7.074556e-01  1.090238e-06
7.071568e-01  1.090103e-06
7.068581e-01  1.089834e-06
7.064830e-01  1.089564e-06
7.061710e-01  1.089160e-06
7.058490e-01  1.088891e-06
7.054971e-01  1.088521e-06
7.051751e-01  1.088117e-06
7.048365e-01  1.087714e-06
7.045377e-01  1.087344e-06
7.038373e-01  1.086269e-06
7.032033e-01  1.085363e-06
7.028282e-01  1.084692e-06
7.026058e-01  1.084324e-06
7.022174e-01  1.083653e-06
7.018025e-01  1.082883e-06
7.016465e-01  1.082482e-06
7.012315e-01  1.081713e-06
7.007900e-01  1.080777e-06
7.007004e-01  1.080510e-06
7.002456e-01  1.079608e-06
6.997809e-01  1.077675e-06
6.997676e-01  1.077541e-06
6.997544e-01  1.077541e-06
6.992730e-01  1.074416e-06
6.988714e-01  1.071829e-06
6.986656e-01  1.070537e-06
6.982871e-01  1.068059e-06
6.979917e-01  1.066014e-06
6.975768e-01  1.063316e-06
6.973145e-01  1.061510e-06
6.971087e-01  1.060100e-06
6.964747e-01  1.055751e-06
6.963319e-01  1.054740e-06
6.962257e-01  1.053990e-06
6.953693e-01  1.048014e-06
6.953461e-01  1.047755e-06
6.952398e-01  1.047010e-06
6.944763e-01  1.041459e-06
6.943867e-01  1.040719e-06
6.942672e-01  1.039818e-06
6.936066e-01  1.034945e-06
6.934141e-01  1.033443e-06
6.931652e-01  1.031464e-06
6.927502e-01  1.028218e-06
6.924415e-01  1.025869e-06
6.920498e-01  1.022766e-06
6.918838e-01  1.021408e-06
6.914689e-01  1.018098e-06
6.910274e-01  1.014392e-06
6.905095e-01  1.010137e-06
6.901842e-01  1.007331e-06
6.898091e-01  1.004161e-06
6.895369e-01  1.001867e-06
6.893278e-01  1.000165e-06
6.886672e-01  9.944009e-07
6.885643e-01  9.934487e-07
6.884979e-01  9.927120e-07
6.879801e-01  9.881815e-07
6.875386e-01  9.841278e-07
6.868249e-01  9.774890e-07
6.866456e-01  9.757383e-07
6.863834e-01  9.733889e-07
6.859950e-01  9.696356e-07
6.856863e-01  9.665835e-07
6.852448e-01  9.623804e-07
6.851651e-01  9.616965e-07
6.849959e-01  9.600631e-07
6.847137e-01  9.572779e-07
6.840764e-01  9.508497e-07
6.837510e-01  9.476225e-07
6.835320e-01  9.453407e-07
6.829112e-01  9.388765e-07
6.828050e-01  9.377456e-07
6.827286e-01  9.369344e-07
6.823137e-01  9.326585e-07
6.819253e-01  9.283732e-07
6.818456e-01  9.275988e-07
6.817295e-01  9.264814e-07
6.811220e-01  9.198050e-07
6.808863e-01  9.173633e-07
6.805510e-01  9.136001e-07
6.803154e-01  9.110623e-07
6.799403e-01  9.066803e-07
6.795253e-01  9.022076e-07
6.789809e-01  8.960107e-07
6.787485e-01  8.931905e-07
6.781378e-01  8.863156e-07
6.780349e-01  8.850291e-07
6.779552e-01  8.841814e-07
6.776199e-01  8.802550e-07
6.771784e-01  8.750469e-07
6.770755e-01  8.738847e-07
6.769328e-01  8.719961e-07
6.764017e-01  8.657925e-07
6.761295e-01  8.625609e-07
6.757012e-01  8.572718e-07
6.756349e-01  8.564509e-07
6.755187e-01  8.552077e-07
6.751801e-01  8.509890e-07
6.748714e-01  8.470792e-07
6.744564e-01  8.420933e-07
6.742340e-01  8.393648e-07
6.741046e-01  8.376285e-07
6.735469e-01  8.307960e-07
6.733411e-01  8.281811e-07
6.732880e-01  8.274902e-07
6.732116e-01  8.264934e-07
6.725875e-01  8.186377e-07
6.723552e-01  8.155818e-07
6.719402e-01  8.104809e-07
6.718373e-01  8.091043e-07
6.714091e-01  8.035469e-07
6.710971e-01  7.994842e-07
6.706689e-01  7.940174e-07
6.704631e-01  7.913225e-07
6.703436e-01  7.899052e-07
6.698390e-01  7.840919e-07
6.695668e-01  7.822038e-07
6.695270e-01  7.819379e-07
6.694772e-01  7.814548e-07
6.687502e-01  7.762791e-07
6.683751e-01  7.735727e-07
6.679336e-01  7.704946e-07
6.672730e-01  7.657701e-07
6.671303e-01  7.646586e-07
6.667154e-01  7.618042e-07
6.663137e-01  7.588668e-07
6.657793e-01  7.551234e-07
6.655071e-01  7.531190e-07
6.648465e-01  7.485010e-07
6.646905e-01  7.473222e-07
6.639668e-01  7.420973e-07
6.639137e-01  7.418221e-07
6.638871e-01  7.415700e-07
6.636813e-01  7.400360e-07
6.630838e-01  7.358622e-07
6.628647e-01  7.343399e-07
6.622805e-01  7.301982e-07
6.620581e-01  7.286877e-07
6.617593e-01  7.265063e-07
6.614772e-01  7.244882e-07
6.611386e-01  7.220292e-07
6.606705e-01  7.188229e-07
6.606573e-01  7.187341e-07
6.602058e-01  7.155423e-07
6.598672e-01  7.132020e-07
6.595685e-01  7.109571e-07
6.592830e-01  7.090042e-07
6.590772e-01  7.075375e-07
6.584664e-01  7.032860e-07
6.583635e-01  7.025257e-07
6.582739e-01  7.020048e-07
6.577792e-01  6.984554e-07
6.574805e-01  6.964507e-07
6.574307e-01  6.961064e-07
6.573643e-01  6.955903e-07
6.566905e-01  6.908339e-07
6.565079e-01  6.896606e-07
6.562755e-01  6.879149e-07
6.559004e-01  6.853470e-07
6.555884e-01  6.831899e-07
6.551735e-01  6.803242e-07
6.551104e-01  6.798197e-07
6.549278e-01  6.786022e-07
6.546822e-01  6.768845e-07
6.543170e-01  6.743578e-07
6.540846e-01  6.727133e-07
6.537593e-01  6.705337e-07
6.535270e-01  6.689191e-07
6.529826e-01  6.652081e-07
6.528398e-01  6.642424e-07
6.527369e-01  6.635244e-07
6.521129e-01  6.592928e-07
6.519568e-01  6.580916e-07
6.518938e-01  6.577053e-07
6.511668e-01  6.528044e-07
6.510108e-01  6.516956e-07
6.507917e-01  6.502872e-07
6.503900e-01  6.474595e-07
6.501046e-01  6.454414e-07
6.497029e-01  6.429526e-07
6.495967e-01  6.423171e-07
6.491950e-01  6.399986e-07
6.488066e-01  6.377672e-07
6.486506e-01  6.368415e-07
6.482755e-01  6.347780e-07
6.480033e-01  6.331517e-07
6.475884e-01  6.307884e-07
6.473693e-01  6.295807e-07
6.472133e-01  6.286669e-07
6.465261e-01  6.248122e-07
6.464598e-01  6.244260e-07
6.464199e-01  6.241366e-07
6.460714e-01  6.222490e-07
6.456299e-01  6.196198e-07
6.455668e-01  6.192561e-07
6.454739e-01  6.187969e-07
6.448398e-01  6.152308e-07
6.444249e-01  6.128585e-07
6.440498e-01  6.107785e-07
6.437510e-01  6.091006e-07
6.433627e-01  6.069583e-07
6.424664e-01  6.019330e-07
6.423104e-01  6.011336e-07
6.416763e-01  5.975769e-07
6.412614e-01  5.953462e-07
6.410523e-01  5.941330e-07
6.408963e-01  5.932706e-07
6.402091e-01  5.895599e-07
6.401593e-01  5.891957e-07
6.401062e-01  5.889954e-07
6.397809e-01  5.872866e-07
6.393162e-01  5.848051e-07
6.392498e-01  5.845341e-07
6.391735e-01  5.840284e-07
6.385361e-01  5.807345e-07
6.383568e-01  5.798916e-07
6.381344e-01  5.786920e-07
6.377461e-01  5.766744e-07
6.374606e-01  5.752858e-07
6.370988e-01  5.734043e-07
6.369560e-01  5.726426e-07
6.365676e-01  5.707168e-07
6.361759e-01  5.686566e-07
6.360597e-01  5.681121e-07
6.356846e-01  5.661139e-07
6.353859e-01  5.646810e-07
6.350241e-01  5.628514e-07
6.347884e-01  5.616350e-07
6.346091e-01  5.607505e-07
6.339983e-01  5.576395e-07
6.338954e-01  5.571743e-07
6.338291e-01  5.568300e-07
6.333245e-01  5.542888e-07
6.330523e-01  5.528857e-07
6.330124e-01  5.527490e-07
6.329627e-01  5.524758e-07
6.322755e-01  5.490202e-07
6.321195e-01  5.482911e-07
6.319369e-01  5.473767e-07
6.314954e-01  5.451987e-07
6.312365e-01  5.438859e-07
6.309012e-01  5.422410e-07
6.307187e-01  5.413200e-07
6.303568e-01  5.395662e-07
6.299419e-01  5.374857e-07
6.298755e-01  5.372200e-07
6.294739e-01  5.352146e-07
6.288498e-01  5.322453e-07
6.285909e-01  5.309637e-07
6.283851e-01  5.300128e-07
6.278274e-01  5.273330e-07
6.276183e-01  5.263073e-07
6.269444e-01  5.231448e-07
6.268282e-01  5.225792e-07
6.268149e-01  5.224501e-07
6.260747e-01  5.189898e-07
6.259452e-01  5.184287e-07
6.257925e-01  5.176761e-07
6.252979e-01  5.153614e-07
6.247801e-01  5.128826e-07
6.245344e-01  5.117742e-07
6.241959e-01  5.101632e-07
6.237676e-01  5.081961e-07
6.233261e-01  5.061114e-07
6.229909e-01  5.045964e-07
6.227452e-01  5.034435e-07
6.224465e-01  5.021072e-07
6.217328e-01  4.987817e-07
6.215768e-01  4.981193e-07
6.197112e-01  4.895266e-07
6.191768e-01  4.870515e-07
6.189709e-01  4.860591e-07
6.184133e-01  4.835417e-07
6.181013e-01  4.820794e-07
6.176863e-01  4.801612e-07
6.175701e-01  4.796421e-07
6.172315e-01  4.780880e-07
6.168963e-01  4.765832e-07
6.166739e-01  4.755533e-07
6.163651e-01  4.741736e-07
6.161427e-01  4.731489e-07
6.156647e-01  4.709749e-07
6.155087e-01  4.702913e-07
6.153925e-01  4.697247e-07
6.146523e-01  4.664552e-07
6.146390e-01  4.663974e-07
6.146390e-01  4.663398e-07
6.145494e-01  4.660084e-07
6.138755e-01  4.629792e-07
6.137826e-01  4.625787e-07
6.136531e-01  4.619644e-07
6.131220e-01  4.596287e-07
6.129294e-01  4.587488e-07
6.126573e-01  4.575311e-07
6.123718e-01  4.563165e-07
6.120598e-01  4.549365e-07
6.116448e-01  4.531263e-07
6.116315e-01  4.530143e-07
6.112033e-01  4.512256e-07
6.108780e-01  4.497498e-07
6.106456e-01  4.487778e-07
6.103469e-01  4.474758e-07
6.101278e-01  4.465088e-07
6.096465e-01  4.443061e-07
6.094905e-01  4.436064e-07
6.093876e-01  4.431267e-07
6.086739e-01  4.398112e-07
6.086473e-01  4.397160e-07
6.086373e-01  4.397160e-07
6.086373e-01  4.396617e-07
6.079104e-01  4.363315e-07
6.077942e-01  4.358058e-07
6.076249e-01  4.350656e-07
6.071701e-01  4.329730e-07
6.069377e-01  4.319171e-07
6.066257e-01  4.305178e-07
6.064332e-01  4.296404e-07
6.060813e-01  4.280764e-07
6.056929e-01  4.263335e-07
6.056133e-01  4.259647e-07
6.052382e-01  4.243222e-07
6.049527e-01  4.230520e-07
6.046174e-01  4.215120e-07
6.043817e-01  4.205489e-07
6.042257e-01  4.197957e-07
6.036182e-01  4.171185e-07
6.034888e-01  4.166160e-07
6.031502e-01  4.150994e-07
6.027618e-01  4.133583e-07
6.026988e-01  4.131029e-07
6.026191e-01  4.127583e-07
6.020216e-01  4.101766e-07
6.018556e-01  4.094294e-07
6.016199e-01  4.084435e-07
6.012979e-01  4.070698e-07
6.010124e-01  4.057885e-07
6.006241e-01  4.041240e-07
6.005709e-01  4.038867e-07
6.001693e-01  4.021801e-07
5.998307e-01  4.007779e-07
5.996249e-01  3.998005e-07
5.993261e-01  3.985052e-07
5.991170e-01  3.975457e-07
5.986125e-01  3.953401e-07
5.984830e-01  3.947663e-07
5.983934e-01  3.943883e-07
5.977958e-01  3.917762e-07
5.976664e-01  3.912075e-07
5.976531e-01  3.911228e-07
5.976133e-01  3.909778e-07
5.969527e-01  3.880644e-07
5.968100e-01  3.874532e-07
5.966141e-01  3.866517e-07
5.962257e-01  3.849347e-07
5.959801e-01  3.838654e-07
5.956183e-01  3.823379e-07
5.955120e-01  3.818774e-07
5.952166e-01  3.806401e-07
5.951369e-01  3.802639e-07
5.947884e-01  3.787976e-07
5.946324e-01  3.780724e-07
5.943071e-01  3.767543e-07
5.940747e-01  3.757542e-07
5.936332e-01  3.739006e-07
5.934772e-01  3.732194e-07
5.933610e-01  3.727698e-07
5.926473e-01  3.697635e-07
5.926340e-01  3.697635e-07
5.926340e-01  3.697177e-07
5.919203e-01  3.667813e-07
5.918041e-01  3.662942e-07
5.916481e-01  3.656381e-07
5.912099e-01  3.638345e-07
5.909743e-01  3.629135e-07
5.906656e-01  3.615923e-07
5.904963e-01  3.609447e-07
5.901577e-01  3.595085e-07
5.897959e-01  3.578678e-07
5.896531e-01  3.572158e-07
5.893278e-01  3.555855e-07
5.891087e-01  3.544663e-07
5.886274e-01  3.521622e-07
5.879801e-01  3.489875e-07
5.877212e-01  3.478138e-07
5.876813e-01  3.475558e-07
5.876050e-01  3.471801e-07
5.870340e-01  3.445079e-07
5.868515e-01  3.436359e-07
5.865793e-01  3.423108e-07
5.863469e-01  3.412333e-07
5.860349e-01  3.397180e-07
5.856598e-01  3.380004e-07
5.855535e-01  3.374681e-07
5.852050e-01  3.358864e-07
5.849859e-01  3.347878e-07
5.845311e-01  3.327350e-07
5.843884e-01  3.320569e-07
5.842987e-01  3.316159e-07
5.838042e-01  3.293789e-07
5.836116e-01  3.284640e-07
5.835718e-01  3.283015e-07
5.835054e-01  3.280277e-07
5.829212e-01  3.253822e-07
5.827552e-01  3.245987e-07
5.824963e-01  3.234271e-07
5.822473e-01  3.222994e-07
5.819386e-01  3.208979e-07
5.815602e-01  3.192360e-07
5.814838e-01  3.188514e-07
5.811220e-01  3.172786e-07
5.808863e-01  3.162115e-07
5.804581e-01  3.143406e-07
5.801992e-01  3.132060e-07
5.797444e-01  3.109105e-07
5.795519e-01  3.097117e-07
5.794091e-01  3.088895e-07
5.789046e-01  3.060292e-07
5.786822e-01  3.047738e-07
5.783070e-01  3.026898e-07
5.782539e-01  3.023906e-07
5.778656e-01  3.002486e-07
5.776199e-01  2.988413e-07
5.770622e-01  2.957540e-07
5.769726e-01  2.952882e-07
5.766340e-01  2.934413e-07
5.763353e-01  2.917773e-07
5.762589e-01  2.913537e-07
5.761162e-01  2.906162e-07
5.754423e-01  2.869923e-07
5.750506e-01  2.848890e-07
5.750274e-01  2.847833e-07
5.746357e-01  2.827311e-07
5.744166e-01  2.815017e-07
5.739353e-01  2.790330e-07
5.738324e-01  2.784902e-07
5.737693e-01  2.781891e-07
5.735336e-01  2.769537e-07
5.728465e-01  2.734325e-07
5.724979e-01  2.716216e-07
5.722257e-01  2.702482e-07
5.719934e-01  2.690398e-07
5.717710e-01  2.679362e-07
5.714224e-01  2.662274e-07
5.712266e-01  2.652009e-07
5.706822e-01  2.625584e-07
5.706290e-01  2.622421e-07
5.705925e-01  2.620558e-07
5.704498e-01  2.613844e-07
5.699552e-01  2.588760e-07
5.698257e-01  2.579096e-07
5.695137e-01  2.555846e-07
5.693842e-01  2.546621e-07
5.690224e-01  2.519999e-07
5.688133e-01  2.504857e-07
5.682954e-01  2.466980e-07
5.682456e-01  2.463703e-07
5.682324e-01  2.462561e-07
5.681925e-01  2.459290e-07
5.676747e-01  2.423300e-07
5.674291e-01  2.406135e-07
5.672963e-01  2.396560e-07
5.671170e-01  2.383560e-07
5.668581e-01  2.366383e-07
5.666357e-01  2.351292e-07
5.665460e-01  2.344760e-07
5.663004e-01  2.328367e-07
5.659751e-01  2.306308e-07
5.658456e-01  2.297415e-07
5.655336e-01  2.277266e-07
5.654042e-01  2.268485e-07
5.653012e-01  2.261905e-07
5.650556e-01  2.245050e-07
5.648465e-01  2.231215e-07
5.643154e-01  2.197543e-07
5.642755e-01  2.194896e-07
5.642622e-01  2.193878e-07
5.642257e-01  2.191168e-07
5.637046e-01  2.158901e-07
5.634722e-01  2.143608e-07
5.631469e-01  2.123496e-07
5.629012e-01  2.108650e-07
5.626822e-01  2.094685e-07
5.625792e-01  2.088930e-07
5.623436e-01  2.074070e-07
5.620216e-01  2.054610e-07
5.618921e-01  2.046940e-07
5.615934e-01  2.028989e-07
5.614639e-01  2.020915e-07
5.610987e-01  2.000284e-07
5.608930e-01  1.988019e-07
5.603751e-01  1.957533e-07
5.603353e-01  1.955417e-07
5.603220e-01  1.954450e-07
5.602822e-01  1.952579e-07
5.598407e-01  1.913861e-07
5.595319e-01  1.870181e-07
5.594523e-01  1.858714e-07
5.593627e-01  1.847545e-07
5.590639e-01  1.805211e-07
5.587519e-01  1.762975e-07
5.586755e-01  1.753248e-07
5.585959e-01  1.743737e-07
5.582871e-01  1.702729e-07
5.579618e-01  1.661914e-07
5.578954e-01  1.653716e-07
5.578324e-01  1.645762e-07
5.575070e-01  1.606114e-07
5.574573e-01  1.598932e-07
5.571851e-01  1.566646e-07
5.571319e-01  1.559834e-07
5.570656e-01  1.553291e-07
5.567436e-01  1.514934e-07
5.566905e-01  1.509093e-07
5.564050e-01  1.476840e-07
5.563552e-01  1.471509e-07
5.563021e-01  1.466016e-07
5.560166e-01  1.433974e-07
5.559635e-01  1.429108e-07
5.556282e-01  1.392353e-07
5.555751e-01  1.387971e-07
5.549909e-01  1.398910e-07
5.549909e-01  1.998122e-05
5.553029e-01  2.045486e-05
5.556282e-01  2.040056e-05
5.558739e-01  2.035647e-05
5.561859e-01  2.029992e-05
5.564050e-01  2.026294e-05
5.570788e-01  2.014617e-05
5.572747e-01  2.010946e-05
5.579618e-01  1.999110e-05
5.579618e-01  1.998863e-05
5.579751e-01  1.998863e-05
5.580017e-01  1.998122e-05
5.583502e-01  1.992079e-05
5.586755e-01  1.986606e-05
5.588448e-01  1.983478e-05
5.593627e-01  1.973693e-05
5.595319e-01  1.970341e-05
5.597510e-01  1.966326e-05
5.600631e-01  1.960864e-05
5.603220e-01  1.957533e-05
5.606208e-01  1.953786e-05
5.607901e-01  1.951613e-05
5.610987e-01  1.947636e-05
5.614871e-01  1.942706e-05
5.615004e-01  1.942466e-05
5.618921e-01  1.937789e-05
5.622274e-01  1.933362e-05
5.623436e-01  1.931928e-05
5.626822e-01  1.927992e-05
5.629543e-01  1.924479e-05
5.632133e-01  1.921270e-05
5.634722e-01  1.918244e-05
5.636813e-01  1.915696e-05
5.640830e-01  1.910847e-05
5.642622e-01  1.908781e-05
5.644050e-01  1.906659e-05
5.649494e-01  1.899542e-05
5.650556e-01  1.898426e-05
5.651320e-01  1.897253e-05
5.658191e-01  1.888361e-05
5.658456e-01  1.888128e-05
5.660282e-01  1.885853e-05
5.665859e-01  1.878814e-05
5.666357e-01  1.878117e-05
5.667021e-01  1.877420e-05
5.673095e-01  1.869777e-05
5.674291e-01  1.868159e-05
5.675685e-01  1.866370e-05
5.680498e-01  1.860726e-05
5.682324e-01  1.858254e-05
5.684515e-01  1.855614e-05
5.687768e-01  1.851776e-05
5.690224e-01  1.848631e-05
5.693344e-01  1.845091e-05
5.695037e-01  1.842869e-05
5.698257e-01  1.839113e-05
5.702008e-01  1.835082e-05
5.702407e-01  1.834628e-05
5.706290e-01  1.830890e-05
5.709942e-01  1.827328e-05
5.710706e-01  1.826481e-05
5.714224e-01  1.822928e-05
5.717311e-01  1.820113e-05
5.719270e-01  1.818089e-05
5.722257e-01  1.815282e-05
5.724846e-01  1.812647e-05
5.727967e-01  1.809568e-05
5.730290e-01  1.807388e-05
5.732249e-01  1.805658e-05
5.736631e-01  1.801532e-05
5.738324e-01  1.799751e-05
5.739751e-01  1.798473e-05
5.745328e-01  1.793255e-05
5.746357e-01  1.792369e-05
5.747286e-01  1.791538e-05
5.754025e-01  1.785292e-05
5.754788e-01  1.784409e-05
5.758440e-01  1.781158e-05
5.759734e-01  1.779893e-05
5.762324e-01  1.777528e-05
5.762589e-01  1.777528e-05
5.762722e-01  1.777309e-05
5.769826e-01  1.770674e-05
5.771386e-01  1.769416e-05
5.777494e-01  1.763847e-05
5.778656e-01  1.762757e-05
5.780216e-01  1.761287e-05
5.784996e-01  1.756611e-05
5.786822e-01  1.754929e-05
5.789046e-01  1.752815e-05
5.792531e-01  1.749405e-05
5.794987e-01  1.747082e-05
5.797709e-01  1.744384e-05
5.800066e-01  1.742283e-05
5.803021e-01  1.739969e-05
5.806539e-01  1.737228e-05
5.807701e-01  1.736155e-05
5.811220e-01  1.733420e-05
5.815236e-01  1.730315e-05
5.815369e-01  1.730102e-05
5.816531e-01  1.729246e-05
5.823004e-01  1.724070e-05
5.823900e-01  1.723430e-05
5.827552e-01  1.720503e-05
5.830639e-01  1.718218e-05
5.832598e-01  1.716573e-05
5.835718e-01  1.714293e-05
5.838440e-01  1.712228e-05
5.841427e-01  1.709954e-05
5.843884e-01  1.708105e-05
5.846075e-01  1.706469e-05
5.850091e-01  1.703360e-05
5.852050e-01  1.701939e-05
5.853876e-01  1.700677e-05
5.858921e-01  1.696792e-05
5.860349e-01  1.695796e-05
5.861510e-01  1.694748e-05
5.867751e-01  1.689623e-05
5.868515e-01  1.689048e-05
5.869311e-01  1.688631e-05
5.876548e-01  1.682743e-05
5.876813e-01  1.682535e-05
5.876946e-01  1.682327e-05
5.880066e-01  1.679885e-05
5.884714e-01  1.676410e-05
5.884979e-01  1.676048e-05
5.885377e-01  1.675841e-05
5.892515e-01  1.670359e-05
5.893278e-01  1.669791e-05
5.894208e-01  1.668966e-05
5.900149e-01  1.664536e-05
5.903004e-01  1.662530e-05
5.908050e-01  1.659091e-05
5.909743e-01  1.657912e-05
5.911834e-01  1.656529e-05
5.915851e-01  1.653716e-05
5.918041e-01  1.652336e-05
5.920631e-01  1.650550e-05
5.923618e-01  1.648511e-05
5.926340e-01  1.646728e-05
5.929461e-01  1.644541e-05
5.931552e-01  1.643169e-05
5.934772e-01  1.641190e-05
5.939452e-01  1.637997e-05
5.943071e-01  1.635670e-05
5.947087e-01  1.632892e-05
5.947353e-01  1.632892e-05
5.951369e-01  1.630119e-05
5.955120e-01  1.627350e-05
5.956050e-01  1.626797e-05
5.959801e-01  1.624235e-05
5.963054e-01  1.622078e-05
5.964979e-01  1.620724e-05
5.968100e-01  1.618572e-05
5.973809e-01  1.614675e-05
5.976531e-01  1.612730e-05
5.978855e-01  1.611135e-05
5.982739e-01  1.608598e-05
5.984830e-01  1.607057e-05
5.986788e-01  1.605915e-05
5.991701e-01  1.602593e-05
5.993261e-01  1.601454e-05
5.994689e-01  1.600663e-05
6.000664e-01  1.596611e-05
6.001693e-01  1.596068e-05
6.002589e-01  1.595476e-05
6.009593e-01  1.591241e-05
6.010124e-01  1.590848e-05
6.010490e-01  1.590651e-05
6.018556e-01  1.585890e-05
6.018556e-01  1.585694e-05
6.018788e-01  1.585497e-05
6.026589e-01  1.580898e-05
6.026988e-01  1.580702e-05
6.027486e-01  1.580312e-05
6.034490e-01  1.576117e-05
6.035386e-01  1.575776e-05
6.036448e-01  1.575191e-05
6.042523e-01  1.571399e-05
6.043817e-01  1.570816e-05
6.045377e-01  1.569845e-05
6.050556e-01  1.566646e-05
6.052382e-01  1.565533e-05
6.054340e-01  1.564179e-05
6.058622e-01  1.561570e-05
6.060813e-01  1.560027e-05
6.066656e-01  1.556655e-05
6.069377e-01  1.554972e-05
6.072498e-01  1.553099e-05
6.074689e-01  1.551612e-05
6.077942e-01  1.549695e-05
6.081427e-01  1.547493e-05
6.082722e-01  1.546728e-05
6.086373e-01  1.544483e-05
6.090523e-01  1.542050e-05
6.090755e-01  1.541859e-05
6.094905e-01  1.539478e-05
6.098921e-01  1.537054e-05
6.103469e-01  1.534443e-05
6.106988e-01  1.532405e-05
6.112033e-01  1.529661e-05
6.115154e-01  1.527960e-05
6.117743e-01  1.526496e-05
6.120598e-01  1.524846e-05
6.123319e-01  1.523386e-05
6.126805e-01  1.521551e-05
6.129294e-01  1.520234e-05
6.131485e-01  1.518966e-05
6.135900e-01  1.516574e-05
6.137826e-01  1.515496e-05
6.139651e-01  1.514560e-05
6.144963e-01  1.511660e-05
6.147818e-01  1.510212e-05
6.154058e-01  1.506716e-05
6.155087e-01  1.506204e-05
6.155983e-01  1.505459e-05
6.163253e-01  1.501463e-05
6.163651e-01  1.501092e-05
6.164149e-01  1.500906e-05
6.171950e-01  1.496598e-05
6.172315e-01  1.496228e-05
6.180515e-01  1.491703e-05
6.181544e-01  1.490965e-05
6.188813e-01  1.487192e-05
6.189709e-01  1.486686e-05
6.190739e-01  1.485951e-05
6.196979e-01  1.482556e-05
6.198407e-01  1.481823e-05
6.199934e-01  1.480953e-05
6.205278e-01  1.478255e-05
6.207071e-01  1.477205e-05
6.209162e-01  1.476110e-05
6.213444e-01  1.473785e-05
6.215768e-01  1.472737e-05
6.218357e-01  1.471327e-05
6.221743e-01  1.469555e-05
6.224465e-01  1.468102e-05
6.227552e-01  1.466696e-05
6.230042e-01  1.465291e-05
6.233261e-01  1.463707e-05
6.236780e-01  1.461944e-05
6.238340e-01  1.461221e-05
6.241959e-01  1.459280e-05
6.245975e-01  1.457342e-05
6.246639e-01  1.456982e-05
6.250788e-01  1.454867e-05
6.255070e-01  1.452800e-05
6.255203e-01  1.452800e-05
6.259452e-01  1.450691e-05
6.263369e-01  1.448585e-05
6.264531e-01  1.447869e-05
6.268282e-01  1.445946e-05
6.271668e-01  1.444204e-05
6.273859e-01  1.443000e-05
6.277112e-01  1.441261e-05
6.279967e-01  1.439881e-05
6.283187e-01  1.438102e-05
6.285909e-01  1.436725e-05
6.288398e-01  1.435349e-05
6.292548e-01  1.433265e-05
6.294739e-01  1.432247e-05
6.296697e-01  1.431185e-05
6.301876e-01  1.428622e-05
6.303568e-01  1.427739e-05
6.305095e-01  1.426901e-05
6.311203e-01  1.423949e-05
6.312365e-01  1.423289e-05
6.313527e-01  1.422761e-05
6.320531e-01  1.419335e-05
6.321195e-01  1.418985e-05
6.321958e-01  1.418634e-05
6.329892e-01  1.414868e-05
6.330390e-01  1.414518e-05
6.334540e-01  1.412465e-05
6.334805e-01  1.412465e-05
6.338822e-01  1.410458e-05
6.338954e-01  1.410458e-05
6.339220e-01  1.410284e-05
6.347253e-01  1.406540e-05
6.348548e-01  1.405845e-05
6.355685e-01  1.402460e-05
6.358008e-01  1.401463e-05
6.364249e-01  1.398564e-05
6.365676e-01  1.397916e-05
6.367336e-01  1.397052e-05
6.372680e-01  1.394507e-05
6.374606e-01  1.393688e-05
6.376830e-01  1.392525e-05
6.381079e-01  1.390332e-05
6.383568e-01  1.389130e-05
6.386290e-01  1.387799e-05
6.389643e-01  1.386127e-05
6.392498e-01  1.384800e-05
6.395751e-01  1.383132e-05
6.398208e-01  1.382106e-05
6.401593e-01  1.380441e-05
6.405344e-01  1.378608e-05
6.406639e-01  1.377969e-05
6.410523e-01  1.376139e-05
6.414805e-01  1.374141e-05
6.415203e-01  1.373971e-05
6.418821e-01  1.372146e-05
6.419486e-01  1.371807e-05
6.423768e-01  1.369816e-05
6.424266e-01  1.369647e-05
6.428548e-01  1.367658e-05
6.432299e-01  1.365884e-05
6.433859e-01  1.365209e-05
6.437510e-01  1.363564e-05
6.440863e-01  1.361922e-05
6.443320e-01  1.360912e-05
6.446573e-01  1.359440e-05
6.449427e-01  1.357971e-05
6.455668e-01  1.355371e-05
6.458125e-01  1.354199e-05
6.462407e-01  1.352233e-05
6.464598e-01  1.351272e-05
6.466689e-01  1.350270e-05
6.472000e-01  1.348018e-05
6.473693e-01  1.347185e-05
6.475353e-01  1.346561e-05
6.481593e-01  1.343775e-05
6.483917e-01  1.342820e-05
6.491187e-01  1.339421e-05
6.491950e-01  1.339090e-05
6.492614e-01  1.338759e-05
6.500780e-01  1.334875e-05
6.501046e-01  1.334875e-05
6.501178e-01  1.334710e-05
6.504797e-01  1.333103e-05
6.509842e-01  1.330715e-05
6.510108e-01  1.330550e-05
6.510506e-01  1.330386e-05
6.518539e-01  1.326690e-05
6.519336e-01  1.326362e-05
6.520100e-01  1.325912e-05
6.527237e-01  1.322678e-05
6.528398e-01  1.322228e-05
6.529826e-01  1.321575e-05
6.535933e-01  1.318719e-05
6.537593e-01  1.317904e-05
6.539552e-01  1.317130e-05
6.544597e-01  1.314893e-05
6.546822e-01  1.313959e-05
6.549145e-01  1.312822e-05
6.553295e-01  1.310916e-05
6.555884e-01  1.309823e-05
6.558871e-01  1.308568e-05
6.565079e-01  1.305700e-05
6.568597e-01  1.304288e-05
6.570788e-01  1.303362e-05
6.574307e-01  1.301791e-05
6.578324e-01  1.300062e-05
6.579486e-01  1.299580e-05
6.583635e-01  1.297854e-05
6.588050e-01  1.295970e-05
6.588315e-01  1.295810e-05
6.592830e-01  1.293969e-05
6.597909e-01  1.291931e-05
6.602058e-01  1.290056e-05
6.605809e-01  1.288343e-05
6.607635e-01  1.287546e-05
6.611386e-01  1.285836e-05
6.614639e-01  1.284446e-05
6.617494e-01  1.283216e-05
6.620581e-01  1.281670e-05
6.623436e-01  1.280443e-05
6.627320e-01  1.278742e-05
6.629942e-01  1.277636e-05
6.632265e-01  1.276570e-05
6.637046e-01  1.274402e-05
6.639137e-01  1.273654e-05
6.641096e-01  1.272710e-05
6.646905e-01  1.270273e-05
6.648465e-01  1.269488e-05
6.649892e-01  1.269057e-05
6.656896e-01  1.265962e-05
6.657793e-01  1.265531e-05
6.658722e-01  1.265219e-05
6.666755e-01  1.261860e-05
6.667154e-01  1.261548e-05
6.667651e-01  1.261392e-05
6.675452e-01  1.258199e-05
6.676481e-01  1.257772e-05
6.676614e-01  1.257772e-05
6.685411e-01  1.254123e-05
6.686473e-01  1.253503e-05
6.694241e-01  1.250330e-05
6.695270e-01  1.250021e-05
6.696432e-01  1.249596e-05
6.703203e-01  1.246703e-05
6.704631e-01  1.246125e-05
6.706290e-01  1.245355e-05
6.712133e-01  1.242817e-05
6.714091e-01  1.242049e-05
6.716282e-01  1.241013e-05
6.720963e-01  1.238905e-05
6.723552e-01  1.237719e-05
6.726407e-01  1.236380e-05
6.729892e-01  1.234891e-05
6.732880e-01  1.233403e-05
6.736398e-01  1.231765e-05
6.738855e-01  1.230700e-05
6.742340e-01  1.229065e-05
6.746490e-01  1.227319e-05
6.747652e-01  1.226712e-05
6.751801e-01  1.224932e-05
6.756481e-01  1.222851e-05
6.756614e-01  1.222700e-05
6.761295e-01  1.220661e-05
6.765577e-01  1.218889e-05
6.766606e-01  1.218437e-05
6.770755e-01  1.216518e-05
6.774506e-01  1.214902e-05
6.776697e-01  1.214039e-05
6.780349e-01  1.212427e-05
6.783569e-01  1.211116e-05
6.786822e-01  1.209657e-05
6.789809e-01  1.208349e-05
6.792531e-01  1.207304e-05
6.796946e-01  1.205440e-05
6.799403e-01  1.204397e-05
6.801593e-01  1.203541e-05
6.807071e-01  1.201200e-05
6.808863e-01  1.200495e-05
6.810556e-01  1.199753e-05
6.817162e-01  1.197012e-05
6.818456e-01  1.196420e-05
6.819618e-01  1.196013e-05
6.827286e-01  1.192986e-05
6.828050e-01  1.192544e-05
6.828714e-01  1.192249e-05
6.837411e-01  1.188386e-05
6.837643e-01  1.188386e-05
6.846739e-01  1.184353e-05
6.847137e-01  1.184206e-05
6.847635e-01  1.183950e-05
6.855801e-01  1.180515e-05
6.857892e-01  1.179640e-05
6.864896e-01  1.176654e-05
6.866456e-01  1.175963e-05
6.868116e-01  1.175237e-05
6.873959e-01  1.172842e-05
6.876050e-01  1.171972e-05
6.883054e-01  1.169006e-05
6.885643e-01  1.168030e-05
6.888631e-01  1.166768e-05
6.892249e-01  1.165362e-05
6.895369e-01  1.164102e-05
6.898855e-01  1.162556e-05
6.901311e-01  1.161550e-05
6.905095e-01  1.160151e-05
6.909245e-01  1.158467e-05
6.910539e-01  1.157930e-05
6.914689e-01  1.156249e-05
6.919469e-01  1.154428e-05
6.919602e-01  1.154285e-05
6.924415e-01  1.152467e-05
6.928797e-01  1.150688e-05
6.929726e-01  1.150403e-05
6.934141e-01  1.148733e-05
6.938025e-01  1.147066e-05
6.940083e-01  1.146251e-05
6.943867e-01  1.144728e-05
6.947220e-01  1.143349e-05
6.950473e-01  1.141972e-05
6.953593e-01  1.140561e-05
6.956448e-01  1.139469e-05
6.960830e-01  1.137674e-05
6.963319e-01  1.136585e-05
6.965643e-01  1.135637e-05
6.971220e-01  1.133287e-05
6.973145e-01  1.132622e-05
6.974838e-01  1.131922e-05
6.981709e-01  1.129197e-05
6.982871e-01  1.128673e-05
6.984066e-01  1.128255e-05
6.992100e-01  1.124982e-05
6.992730e-01  1.124704e-05
6.993261e-01  1.124564e-05
7.002456e-01  1.120782e-05
7.002589e-01  1.120782e-05
7.011685e-01  1.116461e-05
7.012315e-01  1.116185e-05
7.013112e-01  1.115909e-05
7.020880e-01  1.112431e-05
7.022174e-01  1.111743e-05
7.023602e-01  1.111091e-05
7.030075e-01  1.108278e-05
7.032033e-01  1.107456e-05
7.034224e-01  1.106396e-05
7.039436e-01  1.104278e-05
7.041892e-01  1.103050e-05
7.044880e-01  1.101585e-05
7.048631e-01  1.099884e-05
7.051751e-01  1.098423e-05
7.055502e-01  1.096557e-05
7.057826e-01  1.095507e-05
7.061710e-01  1.093782e-05
7.066257e-01  1.091688e-05
7.067054e-01  1.091283e-05
7.071568e-01  1.089160e-05
7.076249e-01  1.086941e-05
7.076880e-01  1.086672e-05
7.081560e-01  1.084592e-05
7.085577e-01  1.082750e-05
7.087668e-01  1.081846e-05
7.091419e-01  1.080142e-05
7.094772e-01  1.078574e-05
7.098290e-01  1.077009e-05
7.101411e-01  1.075711e-05
7.104133e-01  1.074416e-05
7.109046e-01  1.072326e-05
7.111369e-01  1.071299e-05
7.119668e-01  1.067696e-05
7.121361e-01  1.066904e-05
7.122788e-01  1.066409e-05
7.130456e-01  1.063053e-05
7.131353e-01  1.062659e-05
7.132116e-01  1.062429e-05
7.141212e-01  1.058201e-05
7.141345e-01  1.058201e-05
7.142241e-01  1.057809e-05
7.150672e-01  1.053860e-05
7.151336e-01  1.053600e-05
7.152100e-01  1.053339e-05
7.160000e-01  1.049667e-05
7.161427e-01  1.049018e-05
7.162988e-01  1.048402e-05
7.169461e-01  1.045490e-05
7.171419e-01  1.044618e-05
7.173743e-01  1.043585e-05
7.178822e-01  1.041459e-05
7.181544e-01  1.040204e-05
7.184664e-01  1.038823e-05
7.188149e-01  1.037315e-05
7.191535e-01  1.035809e-05
7.195552e-01  1.034209e-05
7.197610e-01  1.033315e-05
7.201626e-01  1.031560e-05
7.206440e-01  1.029585e-05
7.206938e-01  1.029330e-05
7.211751e-01  1.027360e-05
7.216431e-01  1.025361e-05
7.221875e-01  1.023145e-05
7.225892e-01  1.021534e-05
7.228216e-01  1.020556e-05
7.231967e-01  1.018948e-05
7.235353e-01  1.017469e-05
7.239104e-01  1.015741e-05
7.242224e-01  1.014423e-05
7.244813e-01  1.013295e-05
7.250125e-01  1.010980e-05
7.252348e-01  1.009638e-05
7.254141e-01  1.008546e-05
7.261543e-01  1.004285e-05
7.262573e-01  1.003695e-05
7.263369e-01  1.003199e-05
7.267652e-01  1.000783e-05
7.271801e-01  9.983736e-06
7.272564e-01  9.978800e-06
7.272697e-01  9.978800e-06
7.272830e-01  9.977566e-06
7.281892e-01  9.927120e-06
7.282921e-01  9.921292e-06
7.284116e-01  9.913936e-06
7.291220e-01  9.875708e-06
7.293178e-01  9.865031e-06
7.295502e-01  9.853147e-06
7.300581e-01  9.825777e-06
7.303436e-01  9.810301e-06
7.306788e-01  9.790310e-06
7.309776e-01  9.773682e-06
7.313660e-01  9.751353e-06
7.318207e-01  9.725469e-06
7.319104e-01  9.720961e-06
7.322988e-01  9.699652e-06
7.323917e-01  9.695156e-06
7.328465e-01  9.669421e-06
7.329627e-01  9.662251e-06
7.334141e-01  9.637794e-06
7.337793e-01  9.619343e-06
7.341013e-01  9.601818e-06
7.344398e-01  9.584621e-06
7.347253e-01  9.569525e-06
7.352431e-01  9.542943e-06
7.354788e-01  9.531447e-06
7.356581e-01  9.522319e-06
7.363851e-01  9.486775e-06
7.365013e-01  9.480912e-06
7.366042e-01  9.476225e-06
7.375270e-01  9.431811e-06
7.375402e-01  9.430645e-06
7.375535e-01  9.430645e-06
7.376930e-01  9.422778e-06
7.384996e-01  9.382964e-06
7.385759e-01  9.379485e-06
7.386656e-01  9.373979e-06
7.394457e-01  9.336679e-06
7.396149e-01  9.328891e-06
7.398075e-01  9.319668e-06
7.403917e-01  9.291770e-06
7.406506e-01  9.280577e-06
7.409494e-01  9.267105e-06
7.413510e-01  9.249078e-06
7.416896e-01  9.234511e-06
7.420780e-01  9.219111e-06
7.423104e-01  9.209144e-06
7.427253e-01  9.192366e-06
7.432199e-01  9.172500e-06
7.432830e-01  9.170232e-06
7.437776e-01  9.151262e-06
7.442556e-01  9.133743e-06
7.443452e-01  9.130356e-06
7.448133e-01  9.112877e-06
7.452282e-01  9.098524e-06
7.454606e-01  9.090934e-06
7.458622e-01  9.077738e-06
7.462008e-01  9.065682e-06
7.465892e-01  9.052522e-06
7.469012e-01  9.041617e-06
7.471867e-01  9.032958e-06
7.477046e-01  9.016501e-06
7.479502e-01  9.008980e-06
7.481726e-01  9.002300e-06
7.488199e-01  8.983955e-06
7.490025e-01  8.978404e-06
7.491718e-01  8.974242e-06
7.499220e-01  8.954571e-06
7.500515e-01  8.949314e-06
7.501544e-01  8.942678e-06
7.508813e-01  8.893340e-06
7.510772e-01  8.881528e-06
7.511037e-01  8.879333e-06
7.511402e-01  8.877138e-06
7.520232e-01  8.824888e-06
7.521660e-01  8.816164e-06
7.523485e-01  8.805544e-06
7.529693e-01  8.771590e-06
7.532149e-01  8.759128e-06
7.535270e-01  8.743170e-06
7.539153e-01  8.724275e-06
7.542672e-01  8.706227e-06
7.547054e-01  8.684190e-06
7.548747e-01  8.675874e-06
7.553295e-01  8.656053e-06
7.556913e-01  8.640283e-06
7.563917e-01  8.612289e-06
7.568199e-01  8.595536e-06
7.570290e-01  8.588366e-06
7.574573e-01  8.573779e-06
7.578191e-01  8.562392e-06
7.585195e-01  8.541775e-06
7.588182e-01  8.533595e-06
7.592963e-01  8.521207e-06
7.595818e-01  8.514100e-06
7.598274e-01  8.508838e-06
7.604249e-01  8.496487e-06
7.606473e-01  8.491499e-06
7.608531e-01  8.488350e-06
7.615270e-01  8.477076e-06
7.617095e-01  8.473933e-06
7.618789e-01  8.471838e-06
7.626291e-01  8.461632e-06
7.627851e-01  8.460586e-06
7.629278e-01  8.458756e-06
7.637311e-01  8.450394e-06
7.638473e-01  8.449350e-06
7.639767e-01  8.448566e-06
7.648066e-01  8.443345e-06
7.649262e-01  8.443345e-06
7.650290e-01  8.442302e-06
7.658988e-01  8.439171e-06
7.660913e-01  8.439171e-06
7.669743e-01  8.438128e-06
7.671668e-01  8.438128e-06
7.680498e-01  8.439171e-06
7.681394e-01  8.439171e-06
7.682457e-01  8.440214e-06
7.691121e-01  8.442302e-06
7.692282e-01  8.443345e-06
7.693344e-01  8.444389e-06
7.701776e-01  8.449350e-06
7.704365e-01  8.453529e-06
7.712266e-01  8.465818e-06
7.713826e-01  8.467911e-06
7.715518e-01  8.470791e-06
7.722755e-01  8.482056e-06
7.724714e-01  8.485202e-06
7.726805e-01  8.488350e-06
7.733145e-01  8.497537e-06
7.735469e-01  8.501740e-06
7.737925e-01  8.504631e-06
7.743635e-01  8.514100e-06
7.746357e-01  8.518048e-06
7.749212e-01  8.522261e-06
7.754157e-01  8.529376e-06
7.757278e-01  8.534650e-06
7.760498e-01  8.539663e-06
7.764780e-01  8.546000e-06
7.768166e-01  8.551020e-06
7.771784e-01  8.556307e-06
7.775270e-01  8.562392e-06
7.779054e-01  8.567686e-06
7.783070e-01  8.573779e-06
7.785792e-01  8.578020e-06
7.789942e-01  8.584120e-06
7.794357e-01  8.590490e-06
7.796415e-01  8.593411e-06
7.800830e-01  8.600850e-06
7.805643e-01  8.608031e-06
7.807071e-01  8.610160e-06
7.811851e-01  8.617348e-06
7.816896e-01  8.624808e-06
7.822739e-01  8.634143e-06
7.828183e-01  8.642420e-06
7.828315e-01  8.642420e-06
7.833759e-01  8.650704e-06
7.838838e-01  8.658194e-06
7.839602e-01  8.658997e-06
7.844780e-01  8.667565e-06
7.849460e-01  8.673729e-06
7.851021e-01  8.676946e-06
7.855668e-01  8.683117e-06
7.860083e-01  8.690634e-06
7.862406e-01  8.693589e-06
7.866689e-01  8.700040e-06
7.870838e-01  8.706227e-06
7.873826e-01  8.710534e-06
7.877843e-01  8.716728e-06
7.881494e-01  8.722118e-06
7.885245e-01  8.727241e-06
7.888863e-01  8.732637e-06
7.892249e-01  8.736687e-06
7.896664e-01  8.743170e-06
7.899884e-01  8.747495e-06
7.903004e-01  8.751551e-06
7.908050e-01  8.759128e-06
7.911038e-01  8.762106e-06
7.913759e-01  8.766440e-06
7.919469e-01  8.774844e-06
7.922058e-01  8.778099e-06
7.924548e-01  8.781355e-06
7.931021e-01  8.789773e-06
7.933212e-01  8.793033e-06
7.935303e-01  8.796023e-06
7.942440e-01  8.805544e-06
7.944365e-01  8.807721e-06
7.946191e-01  8.809899e-06
7.955519e-01  8.822706e-06
7.956946e-01  8.824888e-06
7.965378e-01  8.836624e-06
7.966672e-01  8.837716e-06
7.967834e-01  8.839629e-06
7.976929e-01  8.851385e-06
7.977826e-01  8.853573e-06
7.978722e-01  8.853573e-06
7.988448e-01  8.867540e-06
7.988979e-01  8.867540e-06
7.989643e-01  8.868636e-06
8.000000e-01  8.882626e-06
8.000265e-01  8.882626e-06
8.000531e-01  8.883725e-06
8.006871e-01  8.893340e-06
8.011286e-01  8.900764e-06
8.011419e-01  8.900764e-06
8.011685e-01  8.901865e-06
8.022174e-01  8.918939e-06
8.022706e-01  8.920042e-06
8.033062e-01  8.937428e-06
8.033958e-01  8.939638e-06
8.035021e-01  8.941572e-06
8.043818e-01  8.956785e-06
8.046672e-01  8.961215e-06
8.054705e-01  8.976184e-06
8.056531e-01  8.979513e-06
8.058489e-01  8.982845e-06
8.065627e-01  8.995903e-06
8.067817e-01  9.000074e-06
8.070274e-01  9.004526e-06
8.076514e-01  9.016501e-06
8.079104e-01  9.020961e-06
8.082092e-01  9.027376e-06
8.087402e-01  9.037147e-06
8.090523e-01  9.042735e-06
8.093876e-01  9.050284e-06
8.098290e-01  9.058960e-06
8.101776e-01  9.065682e-06
8.105826e-01  9.073250e-06
8.109178e-01  9.079983e-06
8.113195e-01  9.087563e-06
8.117610e-01  9.095150e-06
8.120067e-01  9.100774e-06
8.124614e-01  9.109497e-06
8.129527e-01  9.119357e-06
8.130955e-01  9.121612e-06
8.136033e-01  9.131485e-06
8.141477e-01  9.142498e-06
8.141975e-01  9.143629e-06
8.152863e-01  9.165698e-06
8.153394e-01  9.166832e-06
8.158838e-01  9.177888e-06
8.163784e-01  9.187821e-06
8.165311e-01  9.191230e-06
8.170257e-01  9.202315e-06
8.174805e-01  9.212275e-06
8.177394e-01  9.217972e-06
8.181809e-01  9.226808e-06
8.185693e-01  9.235652e-06
8.189444e-01  9.243648e-06
8.193195e-01  9.252509e-06
8.196714e-01  9.260234e-06
8.201494e-01  9.271403e-06
8.204747e-01  9.279429e-06
8.207602e-01  9.286028e-06
8.213577e-01  9.299527e-06
8.216299e-01  9.306140e-06
8.218622e-01  9.311895e-06
8.225759e-01  9.328891e-06
8.227818e-01  9.333216e-06
8.229510e-01  9.337833e-06
8.237942e-01  9.359214e-06
8.239369e-01  9.362686e-06
8.240531e-01  9.365001e-06
8.250125e-01  9.389927e-06
8.250921e-01  9.390798e-06
8.251552e-01  9.390798e-06
8.262075e-01  9.407937e-06
8.262705e-01  9.407937e-06
8.272166e-01  9.422778e-06
8.273992e-01  9.426274e-06
8.274124e-01  9.426274e-06
8.285278e-01  9.442019e-06
8.285643e-01  9.443187e-06
8.286042e-01  9.443187e-06
8.296565e-01  9.458084e-06
8.298091e-01  9.460423e-06
8.307817e-01  9.474175e-06
8.308879e-01  9.475053e-06
8.310041e-01  9.477397e-06
8.319104e-01  9.490001e-06
8.320531e-01  9.492347e-06
8.322091e-01  9.494695e-06
8.332216e-01  9.508497e-06
8.334141e-01  9.511730e-06
8.341809e-01  9.522319e-06
8.343867e-01  9.525557e-06
8.353228e-01  9.539405e-06
8.355685e-01  9.542943e-06
8.358274e-01  9.546483e-06
8.364481e-01  9.555634e-06
8.367336e-01  9.559179e-06
8.370324e-01  9.563612e-06
8.375901e-01  9.571892e-06
8.379153e-01  9.576330e-06
8.382506e-01  9.581067e-06
8.387319e-01  9.589066e-06
8.390805e-01  9.593809e-06
8.394589e-01  9.599445e-06
8.398738e-01  9.605380e-06
8.402622e-01  9.611022e-06
8.406772e-01  9.616965e-06
8.410124e-01  9.622614e-06
8.414406e-01  9.628564e-06
8.418954e-01  9.635411e-06
8.421544e-01  9.638986e-06
8.426224e-01  9.646138e-06
8.431137e-01  9.652998e-06
8.433095e-01  9.656579e-06
8.438009e-01  9.663446e-06
8.443319e-01  9.671812e-06
8.444515e-01  9.672709e-06
8.449958e-01  9.681083e-06
8.455668e-01  9.689165e-06
8.456033e-01  9.690363e-06
8.467452e-01  9.706850e-06
8.467850e-01  9.708050e-06
8.473693e-01  9.716155e-06
8.479004e-01  9.724266e-06
8.480166e-01  9.726671e-06
8.485477e-01  9.734791e-06
8.490523e-01  9.742015e-06
8.492481e-01  9.745629e-06
8.497394e-01  9.752559e-06
8.502075e-01  9.758589e-06
8.504664e-01  9.761907e-06
8.509344e-01  9.766736e-06
8.513760e-01  9.772473e-06
8.516979e-01  9.776098e-06
8.521262e-01  9.780934e-06
8.525411e-01  9.785470e-06
8.529162e-01  9.789100e-06
8.533212e-01  9.793941e-06
8.537095e-01  9.798483e-06
8.541510e-01  9.803330e-06
8.545261e-01  9.808179e-06
8.548747e-01  9.811514e-06
8.553693e-01  9.817581e-06
8.557179e-01  9.821223e-06
8.560564e-01  9.824563e-06
8.566008e-01  9.829422e-06
8.569228e-01  9.833068e-06
8.572349e-01  9.836412e-06
8.578324e-01  9.842494e-06
8.581178e-01  9.846145e-06
8.584033e-01  9.848275e-06
8.590639e-01  9.855583e-06
8.595818e-01  9.860459e-06
8.602954e-01  9.868690e-06
8.607635e-01  9.873572e-06
8.615270e-01  9.880593e-06
8.619419e-01  9.885480e-06
8.627585e-01  9.893733e-06
8.629543e-01  9.894957e-06
8.631369e-01  9.897403e-06
8.639900e-01  9.905666e-06
8.641593e-01  9.908116e-06
8.643154e-01  9.909341e-06
8.652348e-01  9.918840e-06
8.653776e-01  9.920066e-06
8.655070e-01  9.921292e-06
8.664796e-01  9.932030e-06
8.666888e-01  9.934487e-06
8.677245e-01  9.944010e-06
8.678805e-01  9.946469e-06
8.689560e-01  9.957234e-06
8.690224e-01  9.957234e-06
8.690755e-01  9.958465e-06
8.702008e-01  9.969244e-06
8.702672e-01  9.969244e-06
8.714456e-01  9.978800e-06
8.714722e-01  9.978800e-06
8.720564e-01  9.983736e-06
8.726805e-01  9.988674e-06
8.726904e-01  9.988674e-06
8.738722e-01  9.998249e-06
8.739353e-01  9.998249e-06
8.750772e-01  1.000783e-05
8.751303e-01  1.000783e-05
8.751801e-01  1.000907e-05
8.762954e-01  1.001743e-05
8.763618e-01  1.001743e-05
8.764382e-01  1.001867e-05
8.775038e-01  1.002610e-05
8.776830e-01  1.002827e-05
8.787087e-01  1.003571e-05
8.789411e-01  1.003819e-05
8.799270e-01  1.004533e-05
8.800564e-01  1.004657e-05
8.801859e-01  1.004657e-05
8.811453e-01  1.005154e-05
8.812880e-01  1.005278e-05
8.814440e-01  1.005278e-05
8.823668e-01  1.005745e-05
8.825328e-01  1.005869e-05
8.826888e-01  1.005869e-05
8.835984e-01  1.006367e-05
8.839336e-01  1.006615e-05
8.848166e-01  1.006958e-05
8.850091e-01  1.007082e-05
8.851917e-01  1.007207e-05
8.860481e-01  1.007580e-05
8.862406e-01  1.007705e-05
8.864498e-01  1.007829e-05
8.872797e-01  1.008172e-05
8.874855e-01  1.008297e-05
8.877079e-01  1.008297e-05
8.885112e-01  1.008796e-05
8.887303e-01  1.008920e-05
8.889660e-01  1.008920e-05
8.897428e-01  1.009388e-05
8.912332e-01  1.009388e-05
8.914689e-01  1.009263e-05
8.924780e-01  1.009263e-05
8.927137e-01  1.009170e-05
8.935037e-01  1.009170e-05
8.937361e-01  1.009045e-05
8.947618e-01  1.009045e-05
8.949942e-01  1.008920e-05
8.952166e-01  1.008920e-05
8.960199e-01  1.008796e-05
8.972780e-01  1.008796e-05
8.974971e-01  1.008671e-05
8.985361e-01  1.008671e-05
8.987552e-01  1.008546e-05
9.000265e-01  1.008546e-05
9.002324e-01  1.008172e-05
9.011021e-01  1.006958e-05
9.012846e-01  1.006709e-05
9.014639e-01  1.006367e-05
9.024000e-01  1.005030e-05
9.025560e-01  1.004906e-05
9.026855e-01  1.004657e-05
9.037079e-01  1.003323e-05
9.038108e-01  1.003199e-05
9.039170e-01  1.002951e-05
9.050191e-01  1.001495e-05
9.050822e-01  1.001495e-05
9.051485e-01  1.001402e-05
9.063270e-01  9.998249e-06
9.063535e-01  9.998249e-06
9.063801e-01  9.997013e-06
9.069875e-01  9.989600e-06
9.076249e-01  9.981267e-06
9.088564e-01  9.965547e-06
9.089328e-01  9.965547e-06
9.101012e-01  9.947699e-06
9.101776e-01  9.945239e-06
9.102705e-01  9.940322e-06
9.112565e-01  9.897403e-06
9.114490e-01  9.888842e-06
9.116847e-01  9.879372e-06
9.124216e-01  9.848275e-06
9.127336e-01  9.835500e-06
9.130955e-01  9.821223e-06
9.136033e-01  9.799695e-06
9.140183e-01  9.782143e-06
9.145096e-01  9.760701e-06
9.152863e-01  9.729076e-06
9.159236e-01  9.703250e-06
9.159502e-01  9.703250e-06
9.160266e-01  9.699652e-06
9.165710e-01  9.677493e-06
9.171286e-01  9.656579e-06
9.173378e-01  9.648225e-06
9.178689e-01  9.628564e-06
9.187485e-01  9.596181e-06
9.191535e-01  9.582252e-06
9.194888e-01  9.569525e-06
9.201892e-01  9.527913e-06
9.204349e-01  9.498217e-06
9.205776e-01  9.482084e-06
9.210722e-01  9.422778e-06
9.215900e-01  9.361529e-06
9.217328e-01  9.344473e-06
9.219917e-01  9.314197e-06
9.226025e-01  9.245934e-06
9.230307e-01  9.200040e-06
9.236249e-01  9.137131e-06
9.237411e-01  9.124996e-06
9.243253e-01  9.067923e-06
9.246639e-01  9.031841e-06
9.254805e-01  8.950420e-06
9.256232e-01  8.936323e-06
9.256996e-01  8.927765e-06
9.260647e-01  8.893340e-06
9.267519e-01  8.830072e-06
9.269178e-01  8.816164e-06
9.271668e-01  8.793849e-06
9.278274e-01  8.737767e-06
9.282158e-01  8.704075e-06
9.288398e-01  8.649635e-06
9.288896e-01  8.645626e-06
9.295270e-01  8.593411e-06
9.304863e-01  8.393649e-06
9.306523e-01  8.332905e-06
9.308216e-01  8.278740e-06
9.313660e-01  8.114584e-06
9.320265e-01  7.922034e-06
9.320797e-01  7.906624e-06
9.321328e-01  7.894170e-06
9.324547e-01  7.808029e-06
9.328332e-01  7.712332e-06
9.334407e-01  7.563847e-06
9.335967e-01  7.528396e-06
9.338191e-01  7.476687e-06
9.343734e-01  7.354074e-06
9.347518e-01  7.274725e-06
9.351801e-01  7.190896e-06
9.358539e-01  7.057466e-06
9.359834e-01  7.034600e-06
9.360598e-01  7.020916e-06
9.363320e-01  6.972907e-06
9.368265e-01  6.889149e-06
9.373709e-01  6.795886e-06
9.382407e-01  6.660927e-06
9.385361e-01  6.618448e-06
9.386921e-01  6.596189e-06
9.391336e-01  6.531878e-06
9.394191e-01  6.491827e-06
9.400033e-01  6.415433e-06
9.400033e-01  9.780933e-08

# chain: 544 vertices
9.740017e-01  4.861191e-08
9.740017e-01  3.200065e-06
9.747917e-01  3.289008e-06
9.752465e-01  3.327761e-06
9.763353e-01  3.406222e-06
9.778788e-01  3.524562e-06
9.778921e-01  3.525870e-06
9.778921e-01  3.526741e-06
9.790971e-01  3.629584e-06
9.793693e-01  3.655477e-06
9.809892e-01  3.735772e-06
9.815867e-01  3.748031e-06
9.818091e-01  3.752087e-06
9.822606e-01  3.761609e-06
9.844282e-01  3.808166e-06
9.857228e-01  3.837705e-06
9.872399e-01  3.871300e-06
9.887834e-01  3.907845e-06
9.896664e-01  3.929646e-06
9.900017e-01  3.938157e-06
9.907684e-01  3.958170e-06
9.927270e-01  4.010134e-06
9.936199e-01  4.034375e-06
9.950207e-01  4.074600e-06
9.954091e-01  4.085950e-06
9.961892e-01  4.109634e-06
9.975867e-01  4.153561e-06
9.980282e-01  4.167062e-06
9.988714e-01  4.193808e-06
1.001076e+00  4.224379e-06
1.001570e+00  4.220725e-06
1.001958e+00  4.218247e-06
1.005381e+00  4.193808e-06
1.005550e+00  4.192901e-06
1.005577e+00  4.192901e-06
1.005590e+00  4.192382e-06
1.009155e+00  4.167578e-06
1.009583e+00  4.164616e-06
1.010168e+00  4.159085e-06
1.012382e+00  4.120572e-06
1.013617e+00  4.098725e-06
1.015509e+00  4.066674e-06
1.015884e+00  4.060269e-06
1.017673e+00  4.031010e-06
1.018659e+00  4.014970e-06
1.021487e+00  3.958170e-06
1.021653e+00  3.954379e-06
1.021733e+00  3.952424e-06
1.021915e+00  3.948151e-06
1.024548e+00  3.888088e-06
1.025816e+00  3.861024e-06
1.027475e+00  3.824798e-06
1.028760e+00  3.796767e-06
1.029915e+00  3.772553e-06
1.031094e+00  3.735772e-06
1.032976e+00  3.681214e-06
1.034025e+00  3.649720e-06
1.035608e+00  3.604654e-06
1.037693e+00  3.548499e-06
1.038161e+00  3.536128e-06
1.038290e+00  3.532305e-06
1.038513e+00  3.525870e-06
1.040222e+00  3.480611e-06
1.040976e+00  3.461729e-06
1.042297e+00  3.428932e-06
1.042440e+00  3.425542e-06
1.043724e+00  3.394347e-06
1.046433e+00  3.329407e-06
1.046460e+00  3.328995e-06
1.046500e+00  3.327761e-06
1.049288e+00  3.266114e-06
1.050649e+00  3.227679e-06
1.051778e+00  3.190486e-06
1.053344e+00  3.141172e-06
1.054214e+00  3.113624e-06
1.054848e+00  3.094437e-06
1.056302e+00  3.051414e-06
1.056690e+00  3.040776e-06
1.058337e+00  2.993776e-06
1.059051e+00  2.973948e-06
1.059193e+00  2.970365e-06
1.059403e+00  2.964679e-06
1.061759e+00  2.903739e-06
1.063290e+00  2.864695e-06
1.064355e+00  2.838869e-06
1.066105e+00  2.798102e-06
1.066988e+00  2.777166e-06
1.067532e+00  2.764833e-06
1.069656e+00  2.718147e-06
1.069670e+00  2.718147e-06
1.071798e+00  2.644969e-06
1.071900e+00  2.640885e-06
1.074041e+00  2.568834e-06
1.076076e+00  2.504548e-06
1.076272e+00  2.498749e-06
1.076491e+00  2.492424e-06
1.078539e+00  2.431553e-06
1.080382e+00  2.380982e-06
1.080860e+00  2.367773e-06
1.081417e+00  2.352382e-06
1.083246e+00  2.307377e-06
1.084700e+00  2.271713e-06
1.085660e+00  2.249078e-06
1.086954e+00  2.220208e-06
1.088136e+00  2.194082e-06
1.089029e+00  2.174840e-06
1.090666e+00  2.141754e-06
1.092986e+00  2.095461e-06
1.093218e+00  2.091191e-06
1.093374e+00  2.088156e-06
1.094178e+00  2.073044e-06
1.095851e+00  2.043527e-06
1.097743e+00  2.009766e-06
1.098483e+00  1.997381e-06
1.099688e+00  1.977724e-06
1.099934e+00  1.974120e-06
1.100946e+00  1.947155e-06
1.101919e+00  1.921448e-06
1.102128e+00  1.916407e-06
1.103137e+00  1.891574e-06
1.104136e+00  1.866601e-06
1.105368e+00  1.838431e-06
1.106536e+00  1.812423e-06
1.107651e+00  1.787832e-06
1.108910e+00  1.761722e-06
1.110012e+00  1.740130e-06
1.110958e+00  1.721567e-06
1.112408e+00  1.694748e-06
1.114161e+00  1.662736e-06
1.114848e+00  1.651111e-06
1.115393e+00  1.642002e-06
1.117361e+00  1.609990e-06
1.119449e+00  1.577481e-06
1.119841e+00  1.571593e-06
1.119917e+00  1.570816e-06
1.120007e+00  1.569312e-06
1.121135e+00  1.543385e-06
1.122032e+00  1.523574e-06
1.124053e+00  1.481274e-06
1.124312e+00  1.475927e-06
1.126413e+00  1.436192e-06
1.128528e+00  1.398045e-06
1.128671e+00  1.395541e-06
1.128813e+00  1.393343e-06
1.130991e+00  1.357006e-06
1.132169e+00  1.338925e-06
1.133311e+00  1.321575e-06
1.133427e+00  1.319493e-06
1.135827e+00  1.285836e-06
1.137849e+00  1.258511e-06
1.138304e+00  1.252612e-06
1.138875e+00  1.245355e-06
1.140860e+00  1.221227e-06
1.142390e+00  1.203095e-06
1.143452e+00  1.191402e-06
1.144903e+00  1.175382e-06
1.146098e+00  1.162700e-06
1.146954e+00  1.153857e-06
1.148807e+00  1.135637e-06
1.150961e+00  1.109341e-06
1.151246e+00  1.105336e-06
1.151529e+00  1.101210e-06
1.153500e+00  1.073121e-06
1.155499e+00  1.047010e-06
1.155821e+00  1.042844e-06
1.156133e+00  1.038694e-06
1.158207e+00  1.014173e-06
1.160425e+00  9.881815e-07
1.160621e+00  9.865031e-07
1.160750e+00  9.849494e-07
1.162656e+00  9.650612e-07
1.163097e+00  9.604193e-07
1.165391e+00  9.382965e-07
1.165663e+00  9.358057e-07
1.165975e+00  9.326585e-07
1.168246e+00  9.120484e-07
1.170048e+00  8.965371e-07
1.170629e+00  8.866444e-07
1.171007e+00  8.802550e-07
1.172382e+00  8.594472e-07
1.172548e+00  8.569541e-07
1.173378e+00  8.447522e-07
1.174363e+00  8.307960e-07
1.174520e+00  8.287701e-07
1.174715e+00  8.260848e-07
1.176568e+00  8.022069e-07
1.178022e+00  7.840919e-07
1.178656e+00  7.768552e-07
1.179409e+00  7.683543e-07
1.180810e+00  7.528397e-07
1.182068e+00  7.400360e-07
1.183027e+00  7.301982e-07
1.184116e+00  7.197789e-07
1.185321e+00  7.088288e-07
1.186450e+00  6.984554e-07
1.187668e+00  6.884253e-07
1.188850e+00  6.786022e-07
1.190055e+00  6.690019e-07
1.191376e+00  6.592928e-07
1.192531e+00  6.506691e-07
1.193593e+00  6.430918e-07
1.195074e+00  6.334650e-07
1.196747e+00  6.222490e-07
1.197640e+00  6.167919e-07
1.198367e+00  6.124797e-07
1.200209e+00  6.004836e-07
1.201454e+00  5.872866e-07
1.202141e+00  5.800888e-07
1.203150e+00  5.700997e-07
1.204136e+00  5.608890e-07
1.204837e+00  5.542888e-07
1.206198e+00  5.426937e-07
1.207960e+00  5.280180e-07
1.208312e+00  5.253485e-07
1.208597e+00  5.231448e-07
1.210387e+00  5.083218e-07
1.210440e+00  5.078350e-07
1.211761e+00  4.937508e-07
1.212149e+00  4.900110e-07
1.212787e+00  4.840652e-07
1.213992e+00  4.727396e-07
1.214755e+00  4.660084e-07
1.215884e+00  4.564294e-07
1.217636e+00  4.426340e-07
1.217842e+00  4.409273e-07
1.217972e+00  4.398112e-07
1.218881e+00  4.333345e-07
1.219877e+00  4.263862e-07
1.221006e+00  4.150994e-07
1.221510e+00  4.103161e-07
1.222496e+00  4.010134e-07
1.223183e+00  3.950104e-07
1.223522e+00  3.917762e-07
1.224843e+00  3.810050e-07
1.224910e+00  3.804990e-07
1.226271e+00  3.697635e-07
1.226685e+00  3.667813e-07
1.227373e+00  3.616818e-07
1.228528e+00  3.537768e-07
1.229228e+00  3.489875e-07
1.229822e+00  3.452113e-07
1.230264e+00  3.407906e-07
1.230629e+00  3.358448e-07
1.231134e+00  3.293789e-07
1.231419e+00  3.260970e-07
1.232275e+00  3.157525e-07
1.232611e+00  3.121140e-07
1.232704e+00  3.109105e-07
1.232910e+00  3.085937e-07
1.233842e+00  2.988413e-07
1.234363e+00  2.934413e-07
1.235114e+00  2.863013e-07
1.235529e+00  2.824516e-07
1.236139e+00  2.769537e-07
1.236425e+00  2.744231e-07
1.237202e+00  2.680024e-07
1.237773e+00  2.631596e-07
1.237992e+00  2.613844e-07
1.238549e+00  2.572887e-07
1.239173e+00  2.524521e-07
1.239665e+00  2.489114e-07
1.239990e+00  2.466980e-07
1.240598e+00  2.423000e-07
1.241962e+00  2.333482e-07
1.242025e+00  2.328367e-07
1.242078e+00  2.326425e-07
1.242141e+00  2.321900e-07
1.243568e+00  2.234458e-07
1.244242e+00  2.197543e-07
1.245112e+00  2.147189e-07
1.245968e+00  2.101818e-07
1.246446e+00  2.074070e-07
1.246682e+00  2.063838e-07
1.247107e+00  2.043527e-07
1.248289e+00  1.984398e-07
1.248860e+00  1.957533e-07
1.249597e+00  1.922874e-07
1.249909e+00  1.908781e-07
1.250118e+00  1.890405e-07
1.250377e+00  1.847545e-07
1.250609e+00  1.816124e-07
1.250934e+00  1.767230e-07
1.251090e+00  1.743737e-07
1.251220e+00  1.726149e-07
1.251698e+00  1.653102e-07
1.251738e+00  1.645762e-07
1.251791e+00  1.639973e-07
1.252086e+00  1.595082e-07
1.252335e+00  1.557762e-07
1.252349e+00  1.553291e-07
1.252398e+00  1.547828e-07
1.252800e+00  1.478255e-07
1.252866e+00  1.466016e-07
1.252943e+00  1.451543e-07
1.253202e+00  1.401593e-07
1.253281e+00  1.383773e-07
1.253371e+00  1.363227e-07
1.253514e+00  1.327798e-07
1.253603e+00  1.306023e-07
1.253723e+00  1.281512e-07
1.253759e+00  1.256684e-07
1.253759e+00  1.232641e-07
1.253812e+00  1.208349e-07
1.253812e+00  1.186808e-07
1.253759e+00  1.163383e-07
1.253736e+00  1.141407e-07
1.253656e+00  1.118084e-07
1.253527e+00  1.098016e-07
1.253474e+00  1.080510e-07
1.253281e+00  1.050673e-07
1.253139e+00  1.036321e-07
1.253036e+00  1.024981e-07
1.252568e+00  9.835195e-08
1.252501e+00  9.780933e-08
1.252438e+00  9.740810e-08
1.252086e+00  9.509675e-08
1.251685e+00  9.274842e-08
1.251582e+00  9.231370e-08
1.251452e+00  9.163431e-08
1.250739e+00  8.849471e-08
1.250377e+00  8.712689e-08
1.249597e+00  8.549964e-08
1.249092e+00  8.514101e-08
1.247107e+00  8.375252e-08
1.246174e+00  8.311814e-08
1.244724e+00  8.223148e-08
1.244617e+00  8.217050e-08
1.243100e+00  8.131155e-08
1.242141e+00  8.078301e-08
1.239937e+00  7.964012e-08
1.238875e+00  7.914204e-08
1.237202e+00  7.840917e-08
1.236604e+00  7.815513e-08
1.235283e+00  7.760871e-08
1.233182e+00  7.679031e-08
1.232275e+00  7.645641e-08
1.230224e+00  7.575780e-08
1.229255e+00  7.591485e-08
1.227373e+00  7.597821e-08
1.225636e+00  7.603222e-08
1.224196e+00  7.606985e-08
1.222496e+00  7.609805e-08
1.220863e+00  7.613334e-08
1.219114e+00  7.625346e-08
1.217636e+00  7.642804e-08
1.216481e+00  7.655809e-08
1.213577e+00  7.689246e-08
1.212787e+00  7.697566e-08
1.212163e+00  7.703994e-08
1.208183e+00  7.740270e-08
1.207960e+00  7.744100e-08
1.207794e+00  7.746014e-08
1.206795e+00  7.760871e-08
1.203632e+00  7.806098e-08
1.203150e+00  7.811648e-08
1.202516e+00  7.821070e-08
1.199456e+00  7.863732e-08
1.198367e+00  7.882710e-08
1.196810e+00  7.908578e-08
1.195396e+00  7.933303e-08
1.193593e+00  7.962292e-08
1.191339e+00  8.000773e-08
1.191054e+00  8.005472e-08
1.188850e+00  8.041430e-08
1.187280e+00  8.066571e-08
1.185388e+00  8.097048e-08
1.184116e+00  8.116592e-08
1.183207e+00  8.131155e-08
1.179811e+00  8.182328e-08
1.179409e+00  8.188400e-08
1.179110e+00  8.193209e-08
1.177102e+00  8.223148e-08
1.175014e+00  8.253959e-08
1.174715e+00  8.257786e-08
1.174327e+00  8.262889e-08
1.170901e+00  8.311814e-08
1.170048e+00  8.323896e-08
1.168893e+00  8.340892e-08
1.166832e+00  8.371370e-08
1.165391e+00  8.392609e-08
1.163485e+00  8.419893e-08
1.162745e+00  8.430048e-08
1.160750e+00  8.458758e-08
1.160375e+00  8.464771e-08
1.158676e+00  8.488349e-08
1.158144e+00  8.495438e-08
1.156133e+00  8.524370e-08
1.154589e+00  8.546002e-08
1.152853e+00  8.569539e-08
1.151529e+00  8.588364e-08
1.150519e+00  8.601915e-08
1.147575e+00  8.645628e-08
1.146954e+00  8.653913e-08
1.146486e+00  8.661139e-08
1.144671e+00  8.687411e-08
1.142948e+00  8.712689e-08
1.142453e+00  8.719961e-08
1.142390e+00  8.721039e-08
1.142310e+00  8.722116e-08
1.138433e+00  8.778098e-08
1.137849e+00  8.786514e-08
1.137085e+00  8.798199e-08
1.134413e+00  8.836626e-08
1.133311e+00  8.851382e-08
1.131897e+00  8.871927e-08
1.130407e+00  8.893338e-08
1.128813e+00  8.915906e-08
1.126765e+00  8.944890e-08
1.126400e+00  8.950418e-08
1.124312e+00  8.979515e-08
1.122407e+00  9.006752e-08
1.121653e+00  9.016501e-08
1.119841e+00  9.042733e-08
1.118427e+00  9.063440e-08
1.116584e+00  9.089809e-08
1.115393e+00  9.106122e-08
1.114456e+00  9.119358e-08
1.111529e+00  9.161452e-08
1.110958e+00  9.170231e-08
1.110490e+00  9.175617e-08
1.106639e+00  9.231370e-08
1.106536e+00  9.232515e-08
1.106523e+00  9.232515e-08
1.102593e+00  9.288324e-08
1.102128e+00  9.294928e-08
1.101544e+00  9.302975e-08
1.098782e+00  9.359214e-08
1.097743e+00  9.387603e-08
1.096110e+00  9.434142e-08
1.095217e+00  9.459251e-08
1.093374e+00  9.509675e-08
1.091648e+00  9.559181e-08
1.090496e+00  9.591437e-08
1.089029e+00  9.633329e-08
1.088083e+00  9.658968e-08
1.084946e+00  9.748940e-08
1.084700e+00  9.756175e-08
1.084531e+00  9.759493e-08
1.083817e+00  9.780933e-08
1.082533e+00  9.817580e-08
1.080989e+00  9.861371e-08
1.080382e+00  9.879372e-08
1.079436e+00  9.906890e-08
1.077451e+00  9.963082e-08
1.076076e+00  1.000288e-07
1.073962e+00  1.006366e-07
1.073925e+00  1.006491e-07
1.071798e+00  1.012700e-07
1.070397e+00  1.016872e-07
1.068737e+00  1.019453e-07
1.067532e+00  1.020934e-07
1.066520e+00  1.022166e-07
1.064096e+00  1.024981e-07
1.063290e+00  1.025995e-07
1.062616e+00  1.026725e-07
1.059466e+00  1.030572e-07
1.059051e+00  1.031082e-07
1.058715e+00  1.031464e-07
1.054861e+00  1.036065e-07
1.054825e+00  1.036065e-07
1.054682e+00  1.036321e-07
1.050961e+00  1.040847e-07
1.050649e+00  1.041201e-07
1.050274e+00  1.041587e-07
1.046656e+00  1.039079e-07
1.046460e+00  1.038951e-07
1.046290e+00  1.038823e-07
1.043349e+00  1.036321e-07
1.042363e+00  1.035457e-07
1.042297e+00  1.035457e-07
1.042234e+00  1.035329e-07
1.038446e+00  1.032198e-07
1.038161e+00  1.031943e-07
1.037836e+00  1.031687e-07
1.034543e+00  1.028854e-07
1.034025e+00  1.028472e-07
1.033454e+00  1.027964e-07
1.030639e+00  1.025615e-07
1.029915e+00  1.024886e-07
1.028903e+00  1.021660e-07
1.027180e+00  1.016495e-07
1.025816e+00  1.012325e-07
1.023807e+00  1.006242e-07
1.023705e+00  1.005869e-07
1.021733e+00  9.999487e-08
1.020448e+00  9.960930e-08
1.018191e+00  9.854365e-08
1.017673e+00  9.826993e-08
1.017427e+00  9.815154e-08
1.016754e+00  9.780933e-08
1.014456e+00  9.664641e-08
1.013617e+00  9.621724e-08
1.011827e+00  9.532624e-08
1.011502e+00  9.516436e-08
1.009583e+00  9.409100e-08
1.008754e+00  9.343316e-08
1.007326e+00  9.231370e-08
1.006211e+00  9.145889e-08
1.005577e+00  9.095152e-08
1.003695e+00  8.952635e-08
1.003100e+00  8.908193e-08
1.001570e+00  8.792761e-08
1.001168e+00  8.763190e-08
1.000481e+00  8.712689e-08
9.990407e-01  8.530430e-08
9.975867e-01  8.315923e-08
9.972382e-01  8.264935e-08
9.969262e-01  8.223148e-08
9.954357e-01  8.007454e-08
9.939585e-01  7.800309e-08
9.936465e-01  7.760871e-08
9.936465e-01  7.757274e-08
9.936199e-01  7.753441e-08
9.918573e-01  7.515608e-08
9.904033e-01  7.324810e-08
9.900680e-01  7.281698e-08
9.896664e-01  7.229226e-08
9.882921e-01  7.054848e-08
9.871502e-01  6.913253e-08
9.865029e-01  6.834434e-08
9.857228e-01  6.740244e-08
9.847236e-01  6.621720e-08
9.838938e-01  6.525623e-08
9.829477e-01  6.415434e-08
9.818091e-01  6.284339e-08
9.811851e-01  6.214994e-08
9.806672e-01  6.158966e-08
9.796282e-01  6.003351e-08
9.793062e-01  5.934905e-08
9.787087e-01  5.812912e-08
9.784764e-01  5.762647e-08
9.779054e-01  5.646809e-08
9.778921e-01  5.645589e-08
9.773344e-01  5.532106e-08
9.770755e-01  5.486300e-08
9.765311e-01  5.375523e-08
9.761793e-01  5.310951e-08
9.759469e-01  5.266328e-08
9.754655e-01  5.178041e-08
9.750373e-01  5.098637e-08
9.741709e-01  4.899505e-08
9.740913e-01  4.887104e-08
9.740913e-01  4.880613e-08
9.740017e-01  4.861191e-08
