# ATLAS \\(2022)  (HNLimits id: atlas_2022)
# Scenario: 010, single muon-flavor dominance
# Nature: Majorana
# Category: experimental
# Source metadata: local_HNL_database.xlsx
# Source metadata SHA256: aa9346350fd2354af29b71c3a4c6d2da1c5454abd6cef3b780dd1dd858f56783
# Source URL: https://raw.githubusercontent.com/mhostert/Heavy-Neutrino-Limits/main/src/HNLimits/include/local_HNL_database.xlsx
# Transformations: HNLimits unit, CL, and Dirac/Majorana rules
# mass_GeV  U2
# bottom
1.28518519e+01  4.15633976e-07
1.28510971e+01  4.14966203e-07
1.28399840e+01  4.06446809e-07
1.28333333e+01  4.01999705e-07
1.28273967e+01  3.98102320e-07
1.28148148e+01  3.90810471e-07
1.28132665e+01  3.89929147e-07
1.27975110e+01  3.81923772e-07
1.27962963e+01  3.81368971e-07
1.27800620e+01  3.74082750e-07
1.27777778e+01  3.73155768e-07
1.27608496e+01  3.66402706e-07
1.27592593e+01  3.65825692e-07
1.27407407e+01  3.59215387e-07
1.27397872e+01  3.58880337e-07
1.27222222e+01  3.53234061e-07
1.27167785e+01  3.51512404e-07
1.27037037e+01  3.47714287e-07
1.26917461e+01  3.44295737e-07
1.26851852e+01  3.42566873e-07
1.26666667e+01  3.37759044e-07
1.26645919e+01  3.37227231e-07
1.26481481e+01  3.33328379e-07
1.26351967e+01  3.30303844e-07
1.26296296e+01  3.29098239e-07
1.26111111e+01  3.25137011e-07
1.26034669e+01  3.23522596e-07
1.25925926e+01  3.21387292e-07
1.25740741e+01  3.17797746e-07
1.25692913e+01  3.16880569e-07
1.25555556e+01  3.14426032e-07
1.25370370e+01  3.11158501e-07
1.25325529e+01  3.10374906e-07
1.25185185e+01  3.08085178e-07
1.25000000e+01  3.05098874e-07
1.24930003e+01  3.04002806e-07
1.24814815e+01  3.02316202e-07
1.24629630e+01  2.99740392e-07
1.24479530e+01  2.97761527e-07
1.24444444e+01  2.97328575e-07
1.24259259e+01  2.95158598e-07
1.24074074e+01  2.93109542e-07
1.23934176e+01  2.91648384e-07
1.23888889e+01  2.91205334e-07
1.23703704e+01  2.89493419e-07
1.23518519e+01  2.87885430e-07
1.23333333e+01  2.86378284e-07
1.23239319e+01  2.85660745e-07
1.23148148e+01  2.85008646e-07
1.22962963e+01  2.83769435e-07
1.22777778e+01  2.82616668e-07
1.22592593e+01  2.81547627e-07
1.22407407e+01  2.80559635e-07
1.22252102e+01  2.79796035e-07
1.22222222e+01  2.79658328e-07
1.22037037e+01  2.78871793e-07
1.21851852e+01  2.78154308e-07
1.21666667e+01  2.77503508e-07
1.21481481e+01  2.76917063e-07
1.21296296e+01  2.76392683e-07
1.21111111e+01  2.75928113e-07
1.20925926e+01  2.75521135e-07
1.20740741e+01  2.75169571e-07
1.20555556e+01  2.74871279e-07
1.20370370e+01  2.74624155e-07
1.20185185e+01  2.74426134e-07
1.20000000e+01  2.74275190e-07
1.19814815e+01  2.74169335e-07
1.19629630e+01  2.74106620e-07
1.19444444e+01  2.74085134e-07
1.19259259e+01  2.74103005e-07
1.19074074e+01  2.74158401e-07
1.18888889e+01  2.74249528e-07
1.18703704e+01  2.74374630e-07
1.18518519e+01  2.74531992e-07
1.18333333e+01  2.74719935e-07
1.18148148e+01  2.74936819e-07
1.17962963e+01  2.75181045e-07
1.17777778e+01  2.75451048e-07
1.17592593e+01  2.75744530e-07
1.17407407e+01  2.76056542e-07
1.17222222e+01  2.76385067e-07
1.17037037e+01  2.76729555e-07
1.16851852e+01  2.77089525e-07
1.16666667e+01  2.77464508e-07
1.16481481e+01  2.77854051e-07
1.16296296e+01  2.78257712e-07
1.16111111e+01  2.78675063e-07
1.15925926e+01  2.79105685e-07
1.15740741e+01  2.79549175e-07
1.15555556e+01  2.80017140e-07
1.15370370e+01  2.80511953e-07
1.15185185e+01  2.81019011e-07
1.15000000e+01  2.81537929e-07
1.14814815e+01  2.82068331e-07
1.14629630e+01  2.82609853e-07
1.14444444e+01  2.83162140e-07
1.14259259e+01  2.83724845e-07
1.14074074e+01  2.84297632e-07
1.13888889e+01  2.84880172e-07
1.13703704e+01  2.85472147e-07
1.13518519e+01  2.86096438e-07
1.13333333e+01  2.86740512e-07
1.13148148e+01  2.87393427e-07
1.12962963e+01  2.88054881e-07
1.12777778e+01  2.88724575e-07
1.12592593e+01  2.89402222e-07
1.12407407e+01  2.90087540e-07
1.12222222e+01  2.90780254e-07
1.12037037e+01  2.91480097e-07
1.11851852e+01  2.92216663e-07
1.11666667e+01  2.92969388e-07
1.11481481e+01  2.93728660e-07
1.11296296e+01  2.94494225e-07
1.11111111e+01  2.95265833e-07
1.10925926e+01  2.96043245e-07
1.10740741e+01  2.96826223e-07
1.10555556e+01  2.97614537e-07
1.10521452e+01  2.97761527e-07
1.10370370e+01  2.98443427e-07
1.10185185e+01  2.99285380e-07
1.10000000e+01  3.00132090e-07
1.09814815e+01  3.00983340e-07
1.09629630e+01  3.01838918e-07
1.09444444e+01  3.02698617e-07
1.09259259e+01  3.03562234e-07
1.09074074e+01  3.04452797e-07
1.08888889e+01  3.05370917e-07
1.08703704e+01  3.06292374e-07
1.08518519e+01  3.07216978e-07
1.08333333e+01  3.08144543e-07
1.08148148e+01  3.09074887e-07
1.07962963e+01  3.10007834e-07
1.07777778e+01  3.10974529e-07
1.07592593e+01  3.11963757e-07
1.07407407e+01  3.12955102e-07
1.07222222e+01  3.13948400e-07
1.07037037e+01  3.14943495e-07
1.06851852e+01  3.15940232e-07
1.06666667e+01  3.16942178e-07
1.06481481e+01  3.18005969e-07
1.06296296e+01  3.19071232e-07
1.06111111e+01  3.20137822e-07
1.05925926e+01  3.21205599e-07
1.05740741e+01  3.22274429e-07
1.05555556e+01  3.23344179e-07
1.05370370e+01  3.24474010e-07
1.05185185e+01  3.25616558e-07
1.05000000e+01  3.26759850e-07
1.04814815e+01  3.27903762e-07
1.04629630e+01  3.29048174e-07
1.04444444e+01  3.30192968e-07
1.04259259e+01  3.31407364e-07
1.04074074e+01  3.32629517e-07
1.03888889e+01  3.33851888e-07
1.03703704e+01  3.35074368e-07
1.03518519e+01  3.36296851e-07
1.03377798e+01  3.37227231e-07
1.03333333e+01  3.37538958e-07
1.03148148e+01  3.38843803e-07
1.02962963e+01  3.40148498e-07
1.02777778e+01  3.41452946e-07
1.02592593e+01  3.42757050e-07
1.02407407e+01  3.44060719e-07
1.02222222e+01  3.45430122e-07
1.02037037e+01  3.46790754e-07
1.01851852e+01  3.48102058e-07
1.01666667e+01  3.49359542e-07
1.01481481e+01  3.50565478e-07
1.01296296e+01  3.51731557e-07
1.01111111e+01  3.52891816e-07
1.00925926e+01  3.54006418e-07
1.00740741e+01  3.55093640e-07
1.00555556e+01  3.56177060e-07
1.00370370e+01  3.57258246e-07
1.00185185e+01  3.58336894e-07
1.00000000e+01  3.59439738e-07
9.98148148e+00  3.60618273e-07
9.96296296e+00  3.61892562e-07
9.94444444e+00  3.63257434e-07
9.92592593e+00  3.64707757e-07
9.90740741e+00  3.66238442e-07
9.88888889e+00  3.67915453e-07
9.87037037e+00  3.69622819e-07
9.85185185e+00  3.71332743e-07
9.83333333e+00  3.73043388e-07
9.81481481e+00  3.74783500e-07
9.79629630e+00  3.76567724e-07
9.77777778e+00  3.78351804e-07
9.75925926e+00  3.80136046e-07
9.74074074e+00  3.81920782e-07
9.72222222e+00  3.83778778e-07
9.70370370e+00  3.85636192e-07
9.68518519e+00  3.87493259e-07
9.66666667e+00  3.89350364e-07
9.64814815e+00  3.91258284e-07
9.62962963e+00  3.93188113e-07
9.61111111e+00  3.95119570e-07
9.59259259e+00  3.97050898e-07
9.57407407e+00  3.99015777e-07
9.55555556e+00  4.01038549e-07
9.53703704e+00  4.03060954e-07
9.51851852e+00  4.05084280e-07
9.50000000e+00  4.07141745e-07
9.48148148e+00  4.09268495e-07
9.46296296e+00  4.11395208e-07
9.44444444e+00  4.13521575e-07
9.42592593e+00  4.15681702e-07
9.40740741e+00  4.17913757e-07
9.38888889e+00  4.20144410e-07
9.37037037e+00  4.22373353e-07
9.35966876e+00  4.23664169e-07
9.35185185e+00  4.24647492e-07
9.33333333e+00  4.26984235e-07
9.31481481e+00  4.29318154e-07
9.29629630e+00  4.31648949e-07
9.28920325e+00  4.32544451e-07
9.27777778e+00  4.34048398e-07
9.25925926e+00  4.36488948e-07
9.24074074e+00  4.38925205e-07
9.22222222e+00  4.41356872e-07
9.22029709e+00  4.41610869e-07
9.20370370e+00  4.43892843e-07
9.18518519e+00  4.46436066e-07
9.16666667e+00  4.48973479e-07
9.15283867e+00  4.50867325e-07
9.14814815e+00  4.51536788e-07
9.12962963e+00  4.54188383e-07
9.11111111e+00  4.56832897e-07
9.09259259e+00  4.59470046e-07
9.08665403e+00  4.60317803e-07
9.07407407e+00  4.62188830e-07
9.05555556e+00  4.64941702e-07
9.03703704e+00  4.67685890e-07
9.02161799e+00  4.69966369e-07
9.01851852e+00  4.70443883e-07
9.00000000e+00  4.73306274e-07
8.98148148e+00  4.76158613e-07
8.96296296e+00  4.79000636e-07
8.95765358e+00  4.79817176e-07
8.94444444e+00  4.81932784e-07
8.92592593e+00  4.84894289e-07
8.90740741e+00  4.87844071e-07
8.89464167e+00  4.89874461e-07
8.88888889e+00  4.90827181e-07
8.87037037e+00  4.93898770e-07
8.85185185e+00  4.96957183e-07
8.83333333e+00  5.00002176e-07
8.83248265e+00  5.00142555e-07
8.81481481e+00  5.03177670e-07
8.79629630e+00  5.06345495e-07
8.77777778e+00  5.09498412e-07
8.77116025e+00  5.10625874e-07
8.75925926e+00  5.12736355e-07
8.74074074e+00  5.16014277e-07
8.72222222e+00  5.19275765e-07
8.71054208e+00  5.21328930e-07
8.70370370e+00  5.22579927e-07
8.68518519e+00  5.25968541e-07
8.66666667e+00  5.29339155e-07
8.65057082e+00  5.32256330e-07
8.64814815e+00  5.32713217e-07
8.62962963e+00  5.36213028e-07
8.61111111e+00  5.39693236e-07
8.59259259e+00  5.43153650e-07
8.59120929e+00  5.43412775e-07
8.57407407e+00  5.46752193e-07
8.55555556e+00  5.50342376e-07
8.53703704e+00  5.53911141e-07
8.53241201e+00  5.54803067e-07
8.51851852e+00  5.57590200e-07
8.50000000e+00  5.61290657e-07
8.48148148e+00  5.64968037e-07
8.47410239e+00  5.66432107e-07
8.46296296e+00  5.68730906e-07
8.44444444e+00  5.72541854e-07
8.42592593e+00  5.76328036e-07
8.41623548e+00  5.78304899e-07
8.40740741e+00  5.80177856e-07
8.38888889e+00  5.84099434e-07
8.37037037e+00  5.87994529e-07
8.35876852e+00  5.90426552e-07
8.35185185e+00  5.91934268e-07
8.33333333e+00  5.95966542e-07
8.31481481e+00  5.99970588e-07
8.30166074e+00  6.02802284e-07
8.29629630e+00  6.04003028e-07
8.27777778e+00  6.08145991e-07
8.25925926e+00  6.12258958e-07
8.24487321e+00  6.15437419e-07
8.24074074e+00  6.16386675e-07
8.22222222e+00  6.20640256e-07
8.20370370e+00  6.24862046e-07
8.18836858e+00  6.28337395e-07
8.18518519e+00  6.29087397e-07
8.16666667e+00  6.33451459e-07
8.14814815e+00  6.37781916e-07
8.13211099e+00  6.41507763e-07
8.12962963e+00  6.42107019e-07
8.11111111e+00  6.46581365e-07
8.09259259e+00  6.51020275e-07
8.07606584e+00  6.54954190e-07
8.07407407e+00  6.55446989e-07
8.05555556e+00  6.60031371e-07
8.03703704e+00  6.64578464e-07
8.02019972e+00  6.68682464e-07
8.01851852e+00  6.69108375e-07
8.00000000e+00  6.73802491e-07
7.98148148e+00  6.78457451e-07
7.96448022e+00  6.82698491e-07
7.96296296e+00  6.83091851e-07
7.94444444e+00  6.87892693e-07
7.92592593e+00  6.92646191e-07
7.90877024e+00  6.97008304e-07
7.90740741e+00  6.97368505e-07
7.88888889e+00  7.02254199e-07
7.87037037e+00  7.07089078e-07
7.85284700e+00  7.11618060e-07
7.85185185e+00  7.11885423e-07
7.83333333e+00  7.16850303e-07
7.81481481e+00  7.21761321e-07
7.79662046e+00  7.26534045e-07
7.79629630e+00  7.26622443e-07
7.77777778e+00  7.31661055e-07
7.75925926e+00  7.36642780e-07
7.74074074e+00  7.41567501e-07
7.74000463e+00  7.41762680e-07
7.72222222e+00  7.46664611e-07
7.70370370e+00  7.51711413e-07
7.68518519e+00  7.56698258e-07
7.68290196e+00  7.57310517e-07
7.66666667e+00  7.61837100e-07
7.64814815e+00  7.66943140e-07
7.62962963e+00  7.71986289e-07
7.62520529e+00  7.73184247e-07
7.61111111e+00  7.77152475e-07
7.59259259e+00  7.82311690e-07
7.57407407e+00  7.87405097e-07
7.56679952e+00  7.89390701e-07
7.55555556e+00  7.92582352e-07
7.53703704e+00  7.97788435e-07
7.51851852e+00  8.02925807e-07
7.50755686e+00  8.05936853e-07
7.50000000e+00  8.08095815e-07
7.48148148e+00  8.13308772e-07
7.46296296e+00  8.18386874e-07
7.44635119e+00  8.22829823e-07
7.44444444e+00  8.23360409e-07
7.42592593e+00  8.28422387e-07
7.40740741e+00  8.33359492e-07
7.38888889e+00  8.38176902e-07
7.38144288e+00  8.40076881e-07
7.37037037e+00  8.43017753e-07
7.35185185e+00  8.47837161e-07
7.33333333e+00  8.52546527e-07
7.31481481e+00  8.57150700e-07
7.31263086e+00  8.57685449e-07
7.29629630e+00  8.61850198e-07
7.27777778e+00  8.66475624e-07
7.25925926e+00  8.71005301e-07
7.24074074e+00  8.75443798e-07
7.23981406e+00  8.75663104e-07
7.22222222e+00  8.79999706e-07
7.20370370e+00  8.84480160e-07
7.18518519e+00  8.88878764e-07
7.16666667e+00  8.93199836e-07
7.16312241e+00  8.94017583e-07
7.14814815e+00  8.97617296e-07
7.12962963e+00  9.02002756e-07
7.11111111e+00  9.06319972e-07
7.09259259e+00  9.10573122e-07
7.08301088e+00  9.12756784e-07
7.07407407e+00  9.14883957e-07
7.05555556e+00  9.19278963e-07
7.03703704e+00  9.23649064e-07
7.01851852e+00  9.27995392e-07
7.00185294e+00  9.31888770e-07
7.00000000e+00  9.32341110e-07
6.98148148e+00  9.36863862e-07
6.96296296e+00  9.41365147e-07
6.94444444e+00  9.45846023e-07
6.92592593e+00  9.50307513e-07
6.92130396e+00  9.51421776e-07
6.90740741e+00  9.54921842e-07
6.88888889e+00  9.59575344e-07
6.87037037e+00  9.64211701e-07
6.85185185e+00  9.68831845e-07
6.84169858e+00  9.71364207e-07
6.83333333e+00  9.73543609e-07
6.81481481e+00  9.78371047e-07
6.79629630e+00  9.83184439e-07
6.77777778e+00  9.87984612e-07
6.76333404e+00  9.91724644e-07
6.75925926e+00  9.92826600e-07
6.74074074e+00  9.97850169e-07
6.72222222e+00  1.00286256e-06
6.70370370e+00  1.00786447e-06
6.68647277e+00  1.01251185e-06
6.68518519e+00  1.01287448e-06
6.66666667e+00  1.01811660e-06
6.64814815e+00  1.02335009e-06
6.62962963e+00  1.02857552e-06
6.61132080e+00  1.03373477e-06
6.61111111e+00  1.03379646e-06
6.59259259e+00  1.03927949e-06
6.57407407e+00  1.04475606e-06
6.55555556e+00  1.05022656e-06
6.53802340e+00  1.05540253e-06
6.53703704e+00  1.05570649e-06
6.51851852e+00  1.06145243e-06
6.50000000e+00  1.06719357e-06
6.48148148e+00  1.07293014e-06
6.46666460e+00  1.07752447e-06
6.46296296e+00  1.07872228e-06
6.44444444e+00  1.08475238e-06
6.42592593e+00  1.09077878e-06
6.40740741e+00  1.09680153e-06
6.39727012e+00  1.10011010e-06
6.38888889e+00  1.10296413e-06
6.37037037e+00  1.10929856e-06
6.35185185e+00  1.11562973e-06
6.33333333e+00  1.12195747e-06
6.32981288e+00  1.12316913e-06
6.31481481e+00  1.12855373e-06
6.29629630e+00  1.13521116e-06
6.27777778e+00  1.14186501e-06
6.26431806e+00  1.14671150e-06
6.25925926e+00  1.14861130e-06
6.24074074e+00  1.15561269e-06
6.22222222e+00  1.16260990e-06
6.20370370e+00  1.16960235e-06
6.20069574e+00  1.17074733e-06
6.18518519e+00  1.17690362e-06
6.16666667e+00  1.18426109e-06
6.14814815e+00  1.19161253e-06
6.13893420e+00  1.19528697e-06
6.12962963e+00  1.19915541e-06
6.11111111e+00  1.20688958e-06
6.09259259e+00  1.21461588e-06
6.07889517e+00  1.22034098e-06
6.07407407e+00  1.22244024e-06
6.05555556e+00  1.23056099e-06
6.03703704e+00  1.23866902e-06
6.02046713e+00  1.24592014e-06
6.01851852e+00  1.24680625e-06
6.00000000e+00  1.25530161e-06
5.98148148e+00  1.26377933e-06
5.96341166e+00  1.27203545e-06
5.96296296e+00  1.27224845e-06
5.94444444e+00  1.28112584e-06
5.92592593e+00  1.28998112e-06
5.90765049e+00  1.29869815e-06
5.90740741e+00  1.29881861e-06
5.88888889e+00  1.30808686e-06
5.87037037e+00  1.31732786e-06
5.85311393e+00  1.32591973e-06
5.85185185e+00  1.32657250e-06
5.83333333e+00  1.33623924e-06
5.81481481e+00  1.34587290e-06
5.79972963e+00  1.35371188e-06
5.79629630e+00  1.35556513e-06
5.77777778e+00  1.36563669e-06
5.75925926e+00  1.37566862e-06
5.74742356e+00  1.38208658e-06
5.74074074e+00  1.38585049e-06
5.72222222e+00  1.39633180e-06
5.70370370e+00  1.40676620e-06
5.69612077e+00  1.41105603e-06
5.68518519e+00  1.41748129e-06
5.66666667e+00  1.42837579e-06
5.64814815e+00  1.43921537e-06
5.64574613e+00  1.44063270e-06
5.62962963e+00  1.45050871e-06
5.61111111e+00  1.46181828e-06
5.59631907e+00  1.47082931e-06
5.59259259e+00  1.47318694e-06
5.57407407e+00  1.48498217e-06
5.55555556e+00  1.49670702e-06
5.54775839e+00  1.50165887e-06
5.53703704e+00  1.50872990e-06
5.51851852e+00  1.52094906e-06
5.50000000e+00  1.53308768e-06
5.49992906e+00  1.53313463e-06
5.48148148e+00  1.54581398e-06
5.46296296e+00  1.55845455e-06
5.45298342e+00  1.56527015e-06
5.44444444e+00  1.57132621e-06
5.42592593e+00  1.58448373e-06
5.40740741e+00  1.59754134e-06
5.40665127e+00  1.59807925e-06
5.38888889e+00  1.61120045e-06
5.37037037e+00  1.62478109e-06
5.36110884e+00  1.63157605e-06
5.35185185e+00  1.63862639e-06
5.33333333e+00  1.65272377e-06
5.31603872e+00  1.66577496e-06
5.31481481e+00  1.66673355e-06
5.29629630e+00  1.68133973e-06
5.27777778e+00  1.69579363e-06
5.27151378e+00  1.70069071e-06
5.25925926e+00  1.71063354e-06
5.24074074e+00  1.72558982e-06
5.22735077e+00  1.73633831e-06
5.22222222e+00  1.74061115e-06
5.20370370e+00  1.75607621e-06
5.18518519e+00  1.77135822e-06
5.18352860e+00  1.77273312e-06
5.16666667e+00  1.78725806e-06
5.14814815e+00  1.80304143e-06
5.14010001e+00  1.80989078e-06
5.12962963e+00  1.81913997e-06
5.11111111e+00  1.83543082e-06
5.09689840e+00  1.84782728e-06
5.09259259e+00  1.85172586e-06
5.07407407e+00  1.86853038e-06
5.05555556e+00  1.88510593e-06
5.05394022e+00  1.88655897e-06
5.03703704e+00  1.90234346e-06
5.01851852e+00  1.91942436e-06
5.01126586e+00  1.92610249e-06
5.00000000e+00  1.93687274e-06
4.98148148e+00  1.95461110e-06
4.96922051e+00  1.96647488e-06
4.96296296e+00  1.97275348e-06
4.94444444e+00  1.99168384e-06
4.92890837e+00  2.00769349e-06
4.92592593e+00  2.01087491e-06
4.90740741e+00  2.03114118e-06
4.89048116e+00  2.04977608e-06
4.88888889e+00  2.05158821e-06
4.87037037e+00  2.07310969e-06
4.85339080e+00  2.09274074e-06
4.85185185e+00  2.09457994e-06
4.83333333e+00  2.11704546e-06
4.81706562e+00  2.13660598e-06
4.81481481e+00  2.13940283e-06
4.79629630e+00  2.16264244e-06
4.78118629e+00  2.18139065e-06
4.77777778e+00  2.18576071e-06
4.75925926e+00  2.20960971e-06
4.74548830e+00  2.22711404e-06
4.74074074e+00  2.23334984e-06
4.72222222e+00  2.25764986e-06
4.70973726e+00  2.27379583e-06
4.70370370e+00  2.28186006e-06
4.68518519e+00  2.30645974e-06
4.67371147e+00  2.32145610e-06
4.66666667e+00  2.33097523e-06
4.64814815e+00  2.35573253e-06
4.63732184e+00  2.37011535e-06
4.62962963e+00  2.38083769e-06
4.61111111e+00  2.40728247e-06
4.60260554e+00  2.41979454e-06
4.59259259e+00  2.43536591e-06
4.57407407e+00  2.46523954e-06
4.57084728e+00  2.47051504e-06
4.55555556e+00  2.49591547e-06
4.53703704e+00  2.51456934e-06
4.52078804e+00  2.52229867e-06
4.51851852e+00  2.52338857e-06
4.50000000e+00  2.53071357e-06
4.48148148e+00  2.54273756e-06
4.46296296e+00  2.56380798e-06
4.45529060e+00  2.57516772e-06
4.44444444e+00  2.59168722e-06
4.42592593e+00  2.62056734e-06
4.42045966e+00  2.62914494e-06
4.40740741e+00  2.65039619e-06
4.38888889e+00  2.68046323e-06
4.38658095e+00  2.68425356e-06
4.37037037e+00  2.71186391e-06
4.35348889e+00  2.74051729e-06
4.35185185e+00  2.74339861e-06
4.33333333e+00  2.77642208e-06
4.32126469e+00  2.79796035e-06
4.31481481e+00  2.80988895e-06
4.29629630e+00  2.84441861e-06
4.28981773e+00  2.85660745e-06
4.27777778e+00  2.88006399e-06
4.25925926e+00  2.91621661e-06
4.25912486e+00  2.91648384e-06
4.24074074e+00  2.95430109e-06
4.22945261e+00  2.97761527e-06
4.22222222e+00  2.99306025e-06
4.20370370e+00  3.03298990e-06
4.20049003e+00  3.04002806e-06
4.18518519e+00  3.07465832e-06
4.17241870e+00  3.10374906e-06
4.16666667e+00  3.11728499e-06
4.14814815e+00  3.16140407e-06
4.14509367e+00  3.16880569e-06
4.12962963e+00  3.20745684e-06
4.11862995e+00  3.23522596e-06
4.11111111e+00  3.25479443e-06
4.09277433e+00  3.30303844e-06
4.09259259e+00  3.30353110e-06
4.07407407e+00  3.35490737e-06
4.06790433e+00  3.37227231e-06
4.05555556e+00  3.40799999e-06
4.04365111e+00  3.44295737e-06
4.03703704e+00  3.46291024e-06
4.01999726e+00  3.51512404e-06
4.01851852e+00  3.51977603e-06
4.00000000e+00  3.57937958e-06
3.99711666e+00  3.58880337e-06
3.98148148e+00  3.64119074e-06
3.97471255e+00  3.66402706e-06
3.96296296e+00  3.70457287e-06
3.95251541e+00  3.74082750e-06
3.94444444e+00  3.76947521e-06
3.93050197e+00  3.81923772e-06
3.92592593e+00  3.83597188e-06
3.90870248e+00  3.89929147e-06
3.90740741e+00  3.90417223e-06
3.88888889e+00  3.97466758e-06
3.88723487e+00  3.98102320e-06
3.87037037e+00  4.04741250e-06
3.86606726e+00  4.06446809e-06
3.85185185e+00  4.12217593e-06
3.84513080e+00  4.14966203e-06
3.83333333e+00  4.19906246e-06
3.82442988e+00  4.23664169e-06
3.81481481e+00  4.27818225e-06
3.80396821e+00  4.32544451e-06
3.79629630e+00  4.35965117e-06
3.78374885e+00  4.41610869e-06
3.77777778e+00  4.44359088e-06
3.76377417e+00  4.50867325e-06
3.75925926e+00  4.53012896e-06
3.74404587e+00  4.60317803e-06
3.74074074e+00  4.61939897e-06
3.72456496e+00  4.69966369e-06
3.72222222e+00  4.71154054e-06
3.70533175e+00  4.79817176e-06
3.70370370e+00  4.80669937e-06
3.68634585e+00  4.89874461e-06
3.68518519e+00  4.90502726e-06
3.66760619e+00  5.00142555e-06
3.66666667e+00  5.00668213e-06
3.64911098e+00  5.10625874e-06
3.64814815e+00  5.11182796e-06
3.63085776e+00  5.21328930e-06
3.62962963e+00  5.22063474e-06
3.61284336e+00  5.32256330e-06
3.61111111e+00  5.33327839e-06
3.59506396e+00  5.43412775e-06
3.59259259e+00  5.44994064e-06
3.57751503e+00  5.54803067e-06
3.57407407e+00  5.57080887e-06
3.56019142e+00  5.66432107e-06
3.55555556e+00  5.69607596e-06
3.54308730e+00  5.78304899e-06
3.53703704e+00  5.82594006e-06
3.52619623e+00  5.90426552e-06
3.51851852e+00  5.96060437e-06
3.50951116e+00  6.02802284e-06
3.50000000e+00  6.10027684e-06
3.49302445e+00  6.15437419e-06
3.48148148e+00  6.24516991e-06
3.47672790e+00  6.28337395e-06
3.46296296e+00  6.39550014e-06
3.46061276e+00  6.41507763e-06
3.44468696e+00  6.54954190e-06
3.44444444e+00  6.55163153e-06
3.42911746e+00  6.68682464e-06
3.42592593e+00  6.71531404e-06
3.41371662e+00  6.82698491e-06
3.40740741e+00  6.88533951e-06
3.39847354e+00  6.97008304e-06
3.38888889e+00  7.06194836e-06
3.38337693e+00  7.11618060e-06
3.37037037e+00  7.24538291e-06
3.36841510e+00  7.26534045e-06
3.35371510e+00  7.41762680e-06
3.35185185e+00  7.43722934e-06
3.33929709e+00  7.57310517e-06
3.33333333e+00  7.63815442e-06
3.32499200e+00  7.73184247e-06
3.31481481e+00  7.84694503e-06
3.31078652e+00  7.89390701e-06
3.29669814e+00  8.05936853e-06
3.29629630e+00  8.06418513e-06
3.28302970e+00  8.22829823e-06
3.27777778e+00  8.29359267e-06
3.26943359e+00  8.40076881e-06
3.25925926e+00  8.53198415e-06
3.25589525e+00  8.57685449e-06
3.24254413e+00  8.75663104e-06
3.24074074e+00  8.78129523e-06
3.22952286e+00  8.94017583e-06
3.22222222e+00  9.04378171e-06
3.21652740e+00  9.12756784e-06
3.20370370e+00  9.31642425e-06
3.20354254e+00  9.31888770e-06
3.19103706e+00  9.51421776e-06
3.18518519e+00  9.60566175e-06
3.17853657e+00  9.71364207e-06
3.16666667e+00  9.90618175e-06
3.16601112e+00  9.91724644e-06
3.15393579e+00  1.01251185e-05
3.14814815e+00  1.02247674e-05
3.14187331e+00  1.03373477e-05
3.12975873e+00  1.05540253e-05
3.12962963e+00  1.05563852e-05
3.11816051e+00  1.07752447e-05
3.11111111e+00  1.09090437e-05
3.10647725e+00  1.10011010e-05
3.09489546e+00  1.12316913e-05
3.09259259e+00  1.12781238e-05
3.08365524e+00  1.14671150e-05
3.07407407e+00  1.16679886e-05
3.07228129e+00  1.17074733e-05
3.06129428e+00  1.19528697e-05
3.05555556e+00  1.20807699e-05
3.05032689e+00  1.22034098e-05
3.03940389e+00  1.24592014e-05
3.03703704e+00  1.25152885e-05
3.02882944e+00  1.27203545e-05
3.01851852e+00  1.29745737e-05
3.01804204e+00  1.29869815e-05
3.00779293e+00  1.32591973e-05
3.00000000e+00  1.34635614e-05
2.99738138e+00  1.35371188e-05
2.98737287e+00  1.38208658e-05
2.98148148e+00  1.39870578e-05
2.97744971e+00  1.41105603e-05
2.96780887e+00  1.44063270e-05
2.96296296e+00  1.45548246e-05
2.95836073e+00  1.47082931e-05
2.94909361e+00  1.50165887e-05
2.94444444e+00  1.51710877e-05
2.94002273e+00  1.53313463e-05
2.93113487e+00  1.56527015e-05
2.92592593e+00  1.58401245e-05
2.92234973e+00  1.59807925e-05
2.91384583e+00  1.63157605e-05
2.90740741e+00  1.65662249e-05
2.90526052e+00  1.66577496e-05
2.89714760e+00  1.70069071e-05
2.88888889e+00  1.73550263e-05
2.88870849e+00  1.73633831e-05
2.88104101e+00  1.77273312e-05
2.87304620e+00  1.80989078e-05
2.87037037e+00  1.82245545e-05
2.86546767e+00  1.84782728e-05
2.85794123e+00  1.88655897e-05
2.85185185e+00  1.91756821e-05
2.85033529e+00  1.92610249e-05
2.84327213e+00  1.96647488e-05
2.83591370e+00  2.00769349e-05
2.83333333e+00  2.02229374e-05
2.82895077e+00  2.04977608e-05
2.82207093e+00  2.09274074e-05
2.81490804e+00  2.13660598e-05
2.81481481e+00  2.13719158e-05
2.80848425e+00  2.18139065e-05
2.80181332e+00  2.22711404e-05
2.79629630e+00  2.26456162e-05
2.79507565e+00  2.27379583e-05
2.78888442e+00  2.32145610e-05
2.78244717e+00  2.37011535e-05
2.77777778e+00  2.40524573e-05
2.77604774e+00  2.41979454e-05
2.77009815e+00  2.47051504e-05
2.76391788e+00  2.52229867e-05
2.75925926e+00  2.56113374e-05
2.75775746e+00  2.57516772e-05
2.75206986e+00  2.62914494e-05
2.74616785e+00  2.68425356e-05
2.74074074e+00  2.73437130e-05
2.74014873e+00  2.74051729e-05
2.73474125e+00  2.79796035e-05
2.72913631e+00  2.85660745e-05
2.72332928e+00  2.91648384e-05
2.72222222e+00  2.92813214e-05
2.71805138e+00  2.97761527e-05
2.71275944e+00  3.04002806e-05
2.70728324e+00  3.10374906e-05
2.70370370e+00  3.14550577e-05
2.70193695e+00  3.16880569e-05
2.69696664e+00  3.23522596e-05
2.69180066e+00  3.30303844e-05
2.68650439e+00  3.37227231e-05
2.68518519e+00  3.38973083e-05
2.68160156e+00  3.44295737e-05
2.67672158e+00  3.51512404e-05
2.67168633e+00  3.58880337e-05
2.66666667e+00  3.66141192e-05
2.66650611e+00  3.66402706e-05
2.66187413e+00  3.74082750e-05
2.65709346e+00  3.81923772e-05
2.65215269e+00  3.89929147e-05
2.64814815e+00  3.96375561e-05
2.64720045e+00  3.98102320e-05
2.64268145e+00  4.06446809e-05
2.63801393e+00  4.14966203e-05
2.63318765e+00  4.23664169e-05
2.62962963e+00  4.30050098e-05
2.62840789e+00  4.32544451e-05
2.62401968e+00  4.41610869e-05
2.61948616e+00  4.50867325e-05
2.61479832e+00  4.60317803e-05
2.61111111e+00  4.67711885e-05
2.61012752e+00  4.69966369e-05
2.60589114e+00  4.79817176e-05
2.60151552e+00  4.89874461e-05
2.59699294e+00  5.00142555e-05
2.59259259e+00  5.10025826e-05
2.59235993e+00  5.10625874e-05
2.58829866e+00  5.21328930e-05
2.58410684e+00  5.32256330e-05
2.57977814e+00  5.43412775e-05
2.57530637e+00  5.54803067e-05
2.57407407e+00  5.57987534e-05
2.57124327e+00  5.66432107e-05
2.56726214e+00  5.78304899e-05
2.56315661e+00  5.90426552e-05
2.55892201e+00  6.02802284e-05
2.55555556e+00  6.12620327e-05
2.55472223e+00  6.15437419e-05
2.55097865e+00  6.28337395e-05
2.54712522e+00  6.41507763e-05
2.54315878e+00  6.54954190e-05
2.53907648e+00  6.68682464e-05
2.53703704e+00  6.75614076e-05
2.53524726e+00  6.82698491e-05
2.53167339e+00  6.97008304e-05
2.52800420e+00  7.11618060e-05
2.52423839e+00  7.26534045e-05
2.52037506e+00  7.41762680e-05
2.51851852e+00  7.49187284e-05
2.51678199e+00  7.57310517e-05
2.51343615e+00  7.73184247e-05
2.51001397e+00  7.89390701e-05
2.50651602e+00  8.05936853e-05
2.50294344e+00  8.22829823e-05
2.50000000e+00  8.36846354e-05
2.49942235e+00  8.40076881e-05
2.49636638e+00  8.57685449e-05
2.49325673e+00  8.75663104e-05
2.49009865e+00  8.94017583e-05
2.48690356e+00  9.12756784e-05
2.48368339e+00  9.31888770e-05
2.48148148e+00  9.45302297e-05
2.48062958e+00  9.51421776e-05
2.47795799e+00  9.71364207e-05
2.47527990e+00  9.91724644e-05
2.47260102e+00  1.01251185e-04
2.46992740e+00  1.03373477e-04
2.46726536e+00  1.05540253e-04
2.46462155e+00  1.07752447e-04
2.46296296e+00  1.09196831e-04
2.46217375e+00  1.10011010e-04
2.46004674e+00  1.12316913e-04
2.45795093e+00  1.14671150e-04
2.45589254e+00  1.17074733e-04
2.45387797e+00  1.19528697e-04
2.45191378e+00  1.22034098e-04
2.45000662e+00  1.24592014e-04
2.44816328e+00  1.27203545e-04
2.44639059e+00  1.29869815e-04
2.44469544e+00  1.32591973e-04
2.44444444e+00  1.33031507e-04
2.44332384e+00  1.35371188e-04
2.44207063e+00  1.38208658e-04
2.44089725e+00  1.41105603e-04
2.43980934e+00  1.44063270e-04
2.43881244e+00  1.47082931e-04
2.43791199e+00  1.50165887e-04
2.43711325e+00  1.53313463e-04
2.43642500e+00  1.56527015e-04
2.43586546e+00  1.59807925e-04
2.43543735e+00  1.63157605e-04
2.43514105e+00  1.66577496e-04
2.43497648e+00  1.70069071e-04
2.43494312e+00  1.73633831e-04
2.43503999e+00  1.77273312e-04
2.43526571e+00  1.80989078e-04
2.43561852e+00  1.84782728e-04
2.43609628e+00  1.88655897e-04
2.43669656e+00  1.92610249e-04
2.43741660e+00  1.96647488e-04
2.43825339e+00  2.00769349e-04
2.43920366e+00  2.04977608e-04

# top
2.44269996e+00  2.18139065e-04
2.44406800e+00  2.22711404e-04
2.44444444e+00  2.23906143e-04
2.44574400e+00  2.27379583e-04
2.44760008e+00  2.32145610e-04
2.44955689e+00  2.37011535e-04
2.45160929e+00  2.41979454e-04
2.45375221e+00  2.47051504e-04
2.45598063e+00  2.52229867e-04
2.45828965e+00  2.57516772e-04
2.46067447e+00  2.62914494e-04
2.46296296e+00  2.68044822e-04
2.46316173e+00  2.68425356e-04
2.46615244e+00  2.74051729e-04
2.46921203e+00  2.79796035e-04
2.47233493e+00  2.85660745e-04
2.47551055e+00  2.91648384e-04
2.47873261e+00  2.97761527e-04
2.48148148e+00  3.02992123e-04
2.48209679e+00  3.04002806e-04
2.48600838e+00  3.10374906e-04
2.48997931e+00  3.16880569e-04
2.49401347e+00  3.23522596e-04
2.49811492e+00  3.30303844e-04
2.50000000e+00  3.33399469e-04
2.50267826e+00  3.37227231e-04
2.50764517e+00  3.44295737e-04
2.51269724e+00  3.51512404e-04
2.51784008e+00  3.58880337e-04
2.51851852e+00  3.59837087e-04
2.52382821e+00  3.66402706e-04
2.53003739e+00  3.74082750e-04
2.53636378e+00  3.81923772e-04
2.53703704e+00  3.82742622e-04
2.54373548e+00  3.89929147e-04
2.55136024e+00  3.98102320e-04
2.55555556e+00  4.02551556e-04
2.55970213e+00  4.06446809e-04
2.56888858e+00  4.14966203e-04
2.57407407e+00  4.19714241e-04
2.57900924e+00  4.23664169e-04
2.59063940e+00  4.32544451e-04
2.59259259e+00  4.33955592e-04
2.60497391e+00  4.41610869e-04
2.61111111e+00  4.45218565e-04
2.62226480e+00  4.50867325e-04
2.62962963e+00  4.54409398e-04
2.64382191e+00  4.60317803e-04
2.64814815e+00  4.62024515e-04
2.66666667e+00  4.68346287e-04
2.67215310e+00  4.69966369e-04
2.68518519e+00  4.73597295e-04
2.70370370e+00  4.78056921e-04
2.71221707e+00  4.79817176e-04
2.72222222e+00  4.81761719e-04
2.74074074e+00  4.84832910e-04
2.75925926e+00  4.87444388e-04
2.77777778e+00  4.89724324e-04
2.77908961e+00  4.89874461e-04
2.79629630e+00  4.91731675e-04
2.81481481e+00  4.93597913e-04
2.83333333e+00  4.95325340e-04
2.85185185e+00  4.96906313e-04
2.87037037e+00  4.98333297e-04
2.88888889e+00  4.99598938e-04
2.89808246e+00  5.00142555e-04
2.90740741e+00  5.00658401e-04
2.92592593e+00  5.01517286e-04
2.94444444e+00  5.02206779e-04
2.96296296e+00  5.02721566e-04
2.98148148e+00  5.03056863e-04
3.00000000e+00  5.03208488e-04
3.01851852e+00  5.03377148e-04
3.03703704e+00  5.03743959e-04
3.05555556e+00  5.04276868e-04
3.07407407e+00  5.04944733e-04
3.09259259e+00  5.05716814e-04
3.11111111e+00  5.06562372e-04
3.12962963e+00  5.07450340e-04
3.14814815e+00  5.08349093e-04
3.16666667e+00  5.09226299e-04
3.18518519e+00  5.10048858e-04
3.19975662e+00  5.10625874e-04
3.20370370e+00  5.10772116e-04
3.22222222e+00  5.11341248e-04
3.24074074e+00  5.11763661e-04
3.25925926e+00  5.12006877e-04
3.27777778e+00  5.12038740e-04
3.29629630e+00  5.11827902e-04
3.31481481e+00  5.11344391e-04
3.33188827e+00  5.10625874e-04
3.33333333e+00  5.10561044e-04
3.35185185e+00  5.09412260e-04
3.37037037e+00  5.07961540e-04
3.38888889e+00  5.06219575e-04
3.40740741e+00  5.04196503e-04
3.42592593e+00  5.01901672e-04
3.43860439e+00  5.00142555e-04
3.44444444e+00  4.99290195e-04
3.46296296e+00  4.96293786e-04
3.48148148e+00  4.93040290e-04
3.49818274e+00  4.89874461e-04
3.50000000e+00  4.89514959e-04
3.51851852e+00  4.85537864e-04
3.53703704e+00  4.81317620e-04
3.54317570e+00  4.79817176e-04
3.55555556e+00  4.76686237e-04
3.57407407e+00  4.71730448e-04
3.58026311e+00  4.69966369e-04
3.59259259e+00  4.66353481e-04
3.61111111e+00  4.60649132e-04
3.61211739e+00  4.60317803e-04
3.62962963e+00  4.54429976e-04
3.63969890e+00  4.50867325e-04
3.64814815e+00  4.47827529e-04
3.66453538e+00  4.41610869e-04
3.66666667e+00  4.40792295e-04
3.68518519e+00  4.33247820e-04
3.68680781e+00  4.32544451e-04
3.70370370e+00  4.25184776e-04
3.70698676e+00  4.23664169e-04
3.72222222e+00  4.16606340e-04
3.72553988e+00  4.14966203e-04
3.74074074e+00  4.07473797e-04
3.74268821e+00  4.06446809e-04
3.75838215e+00  3.98102320e-04
3.75925926e+00  3.97626805e-04
3.77247980e+00  3.89929147e-04
3.77777778e+00  3.86809601e-04
3.78545238e+00  3.81923772e-04
3.79629630e+00  3.74952089e-04
3.79753810e+00  3.74082750e-04
3.80817103e+00  3.66402706e-04
3.81481481e+00  3.61534630e-04
3.81810310e+00  3.58880337e-04
3.82694032e+00  3.51512404e-04
3.83333333e+00  3.46049028e-04
3.83517249e+00  3.44295737e-04
3.84223676e+00  3.37227231e-04
3.84890291e+00  3.30303844e-04
3.85185185e+00  3.27173225e-04
3.85494519e+00  3.23522596e-04
3.86071360e+00  3.16880569e-04
3.86659345e+00  3.10374906e-04
3.87037037e+00  3.06315843e-04
3.87230666e+00  3.04002806e-04
3.87764062e+00  2.97761527e-04
3.88308427e+00  2.91648384e-04
3.88864430e+00  2.85660745e-04
3.88888889e+00  2.85400770e-04
3.89361489e+00  2.79796035e-04
3.89867297e+00  2.74051729e-04
3.90390250e+00  2.68425356e-04
3.90740741e+00  2.64836773e-04
3.90914066e+00  2.62914494e-04
3.91423254e+00  2.57516772e-04
3.91958362e+00  2.52229867e-04
3.92520614e+00  2.47051504e-04
3.92592593e+00  2.46411300e-04
3.93056974e+00  2.41979454e-04
3.93613147e+00  2.37011535e-04
3.94198023e+00  2.32145610e-04
3.94444444e+00  2.30188144e-04
3.94776656e+00  2.27379583e-04
3.95360075e+00  2.22711404e-04
3.95974139e+00  2.18139065e-04
3.96296296e+00  2.15858485e-04
3.96590624e+00  2.13660598e-04
3.97208871e+00  2.09274074e-04
3.97860181e+00  2.04977608e-04
3.98148148e+00  2.03165802e-04
3.98512738e+00  2.00769349e-04
3.99175269e+00  1.96647488e-04
3.99873885e+00  1.92610249e-04
4.00000000e+00  1.91907340e-04
4.00501595e+00  1.88655897e-04
4.01139670e+00  1.84782728e-04
4.01812213e+00  1.80989078e-04
4.01851852e+00  1.80772081e-04
4.02354657e+00  1.77273312e-04
4.02915458e+00  1.73633831e-04
4.03505800e+00  1.70069071e-04
4.03703704e+00  1.68921894e-04
4.04028147e+00  1.66577496e-04
4.04529052e+00  1.63157605e-04
4.05055912e+00  1.59807925e-04
4.05555556e+00  1.56835924e-04
4.05597752e+00  1.56527015e-04
4.06049795e+00  1.53313463e-04
4.06524990e+00  1.50165887e-04
4.07024390e+00  1.47082931e-04
4.07407407e+00  1.44851450e-04
4.07518412e+00  1.44063270e-04
4.07950322e+00  1.41105603e-04
4.08404026e+00  1.38208658e-04
4.08880489e+00  1.35371188e-04
4.09259259e+00  1.33243342e-04
4.09355227e+00  1.32591973e-04
4.09770203e+00  1.29869815e-04
4.10205820e+00  1.27203545e-04
4.10662965e+00  1.24592014e-04
4.11111111e+00  1.22194650e-04
4.11136171e+00  1.22034098e-04
4.11537179e+00  1.19528697e-04
4.11957837e+00  1.17074733e-04
4.12398959e+00  1.14671150e-04
4.12861388e+00  1.12316913e-04
4.12962963e+00  1.11815601e-04
4.13272128e+00  1.10011010e-04
4.13683278e+00  1.07752447e-04
4.14116008e+00  1.05540253e-04
4.14571969e+00  1.03373477e-04
4.14814815e+00  1.02275746e-04
4.15010710e+00  1.01251185e-04
4.15428656e+00  9.91724644e-05
4.15870423e+00  9.71364207e-05
4.16337527e+00  9.51421776e-05
4.16666667e+00  9.38190531e-05
4.16802965e+00  9.31888770e-05
4.17235388e+00  9.12756784e-05
4.17693722e+00  8.94017583e-05
4.18179696e+00  8.75663104e-05
4.18518519e+00  8.63635903e-05
4.18665272e+00  8.57685449e-05
4.19120129e+00  8.40076881e-05
4.19603684e+00  8.22829823e-05
4.20117943e+00  8.05936853e-05
4.20370370e+00  7.98079458e-05
4.20616645e+00  7.89390701e-05
4.21104449e+00  7.73184247e-05
4.21632463e+00  7.57310517e-05
4.22214175e+00  7.41762680e-05
4.22222222e+00  7.41559879e-05
4.22796939e+00  7.26534045e-05
4.23454241e+00  7.11618060e-05
4.24074074e+00  6.99236808e-05
4.24183619e+00  6.97008304e-05
4.24939863e+00  6.82698491e-05
4.25791250e+00  6.68682464e-05
4.25925926e+00  6.66604059e-05
4.26677571e+00  6.54954190e-05
4.27658926e+00  6.41507763e-05
4.27777778e+00  6.39968976e-05
4.28677392e+00  6.28337395e-05
4.29629630e+00  6.17277617e-05
4.29788481e+00  6.15437419e-05
4.30937575e+00  6.02802284e-05
4.31481481e+00  5.97247205e-05
4.32148140e+00  5.90426552e-05
4.33333333e+00  5.79141452e-05
4.33420516e+00  5.78304899e-05
4.34698025e+00  5.66432107e-05
4.35185185e+00  5.62137459e-05
4.36013102e+00  5.54803067e-05
4.37037037e+00  5.46200695e-05
4.37375333e+00  5.43412775e-05
4.38786443e+00  5.32256330e-05
4.38888889e+00  5.31467537e-05
4.40271441e+00  5.21328930e-05
4.40740741e+00  5.18015558e-05
4.41880766e+00  5.10625874e-05
4.42592593e+00  5.06139443e-05
4.43679517e+00  5.00142555e-05
4.44444444e+00  4.95990244e-05
4.45819427e+00  4.89874461e-05
4.46296296e+00  4.87758729e-05
4.48148148e+00  4.81596636e-05
4.49012786e+00  4.79817176e-05
4.50000000e+00  4.77722891e-05
4.51851852e+00  4.74931482e-05
4.53703704e+00  4.72004818e-05
4.54963965e+00  4.69966369e-05
4.55555556e+00  4.68972622e-05
4.57407407e+00  4.65847066e-05
4.59259259e+00  4.62835174e-05
4.60870752e+00  4.60317803e-05
4.61111111e+00  4.59924775e-05
4.62962963e+00  4.56294288e-05
4.64814815e+00  4.51757506e-05
4.65104758e+00  4.50867325e-05
4.66666667e+00  4.45784620e-05
4.67695597e+00  4.41610869e-05
4.68518519e+00  4.38071171e-05
4.69548224e+00  4.32544451e-05
4.70370370e+00  4.27860605e-05
4.70963366e+00  4.23664169e-05
4.72174157e+00  4.14966203e-05
4.72222222e+00  4.14622969e-05
4.73440504e+00  4.06446809e-05
4.74074074e+00  4.02512285e-05
4.74855800e+00  3.98102320e-05
4.75925926e+00  3.92417051e-05
4.76447658e+00  3.89929147e-05
4.77777778e+00  3.83859949e-05
4.78255396e+00  3.81923772e-05
4.79629630e+00  3.76515525e-05
4.80331079e+00  3.74082750e-05
4.81481481e+00  3.70158204e-05
4.82737451e+00  3.66402706e-05
4.83333333e+00  3.64629055e-05
4.85185185e+00  3.59772461e-05
4.85567307e+00  3.58880337e-05
4.87037037e+00  3.55391821e-05
4.88844366e+00  3.51512404e-05
4.88888889e+00  3.51414901e-05
4.90740741e+00  3.47748588e-05
4.92592593e+00  3.44606136e-05
4.92811522e+00  3.44295737e-05
4.94444444e+00  3.41914328e-05
4.96296296e+00  3.39823404e-05
4.98148148e+00  3.38384635e-05
5.00000000e+00  3.37640595e-05
5.01851852e+00  3.37275705e-05
5.02120516e+00  3.37227231e-05
5.03703704e+00  3.36928940e-05
5.05555556e+00  3.36611460e-05
5.07407407e+00  3.36324529e-05
5.09259259e+00  3.36067242e-05
5.11111111e+00  3.35838707e-05
5.12962963e+00  3.35638041e-05
5.14814815e+00  3.35464366e-05
5.16666667e+00  3.35316813e-05
5.18518519e+00  3.35194515e-05
5.20370370e+00  3.35096610e-05
5.22222222e+00  3.35022238e-05
5.24074074e+00  3.34970539e-05
5.25925926e+00  3.34940653e-05
5.27777778e+00  3.34931718e-05
5.29629630e+00  3.34942871e-05
5.31481481e+00  3.34973246e-05
5.33333333e+00  3.35021971e-05
5.35185185e+00  3.35088172e-05
5.37037037e+00  3.35170968e-05
5.38888889e+00  3.35269472e-05
5.40740741e+00  3.35382792e-05
5.42592593e+00  3.35510027e-05
5.44444444e+00  3.35650270e-05
5.46296296e+00  3.35802607e-05
5.48148148e+00  3.35966113e-05
5.50000000e+00  3.36139859e-05
5.51851852e+00  3.36322905e-05
5.53703704e+00  3.36514303e-05
5.55555556e+00  3.36713098e-05
5.57407407e+00  3.36918326e-05
5.59259259e+00  3.37129015e-05
5.60105270e+00  3.37227231e-05
5.61111111e+00  3.37339436e-05
5.62962963e+00  3.37549232e-05
5.64814815e+00  3.37761438e-05
5.66666667e+00  3.37975093e-05
5.68518519e+00  3.38189419e-05
5.70370370e+00  3.38407631e-05
5.72222222e+00  3.38633771e-05
5.74074074e+00  3.38867935e-05
5.75925926e+00  3.39110205e-05
5.77777778e+00  3.39360669e-05
5.79629630e+00  3.39619421e-05
5.81481481e+00  3.39886563e-05
5.83333333e+00  3.40162202e-05
5.85185185e+00  3.40446452e-05
5.87037037e+00  3.40739436e-05
5.88888889e+00  3.41041281e-05
5.90740741e+00  3.41352124e-05
5.92592593e+00  3.41672108e-05
5.94444444e+00  3.42001384e-05
5.96296296e+00  3.42340111e-05
5.98148148e+00  3.42688457e-05
6.00000000e+00  3.43046596e-05
6.01851852e+00  3.43414713e-05
6.03703704e+00  3.43793001e-05
6.05555556e+00  3.44181662e-05
6.06086733e+00  3.44295737e-05
6.07407407e+00  3.44571108e-05
6.09259259e+00  3.44967299e-05
6.11111111e+00  3.45374433e-05
6.12962963e+00  3.45792763e-05
6.14814815e+00  3.46222556e-05
6.16666667e+00  3.46664086e-05
6.18518519e+00  3.47117644e-05
6.20370370e+00  3.47583532e-05
6.22222222e+00  3.48062064e-05
6.24074074e+00  3.48553571e-05
6.25925926e+00  3.49058398e-05
6.27777778e+00  3.49576904e-05
6.29629630e+00  3.50109465e-05
6.31481481e+00  3.50656474e-05
6.33333333e+00  3.51218342e-05
6.34280749e+00  3.51512404e-05
6.35185185e+00  3.51787472e-05
6.37037037e+00  3.52363409e-05
6.38888889e+00  3.52948957e-05
6.40740741e+00  3.53523147e-05
6.42592593e+00  3.54077567e-05
6.44444444e+00  3.54611012e-05
6.46296296e+00  3.55122277e-05
6.48148148e+00  3.55610168e-05
6.50000000e+00  3.56073500e-05
6.51851852e+00  3.56511099e-05
6.53703704e+00  3.56921807e-05
6.55555556e+00  3.57304481e-05
6.57407407e+00  3.57658000e-05
6.59259259e+00  3.57981262e-05
6.61111111e+00  3.58273190e-05
6.62962963e+00  3.58532736e-05
6.64814815e+00  3.58758878e-05
6.65987934e+00  3.58880337e-05
6.66666667e+00  3.58948120e-05
6.68518519e+00  3.59098923e-05
6.70370370e+00  3.59214730e-05
6.72222222e+00  3.59294708e-05
6.74074074e+00  3.59338061e-05
6.75925926e+00  3.59344040e-05
6.77777778e+00  3.59311940e-05
6.79629630e+00  3.59241107e-05
6.81481481e+00  3.59130935e-05
6.83333333e+00  3.58980874e-05
6.84309525e+00  3.58880337e-05
6.85185185e+00  3.58786991e-05
6.87037037e+00  3.58546839e-05
6.88888889e+00  3.58263830e-05
6.90740741e+00  3.57937614e-05
6.92592593e+00  3.57567903e-05
6.94444444e+00  3.57154476e-05
6.96296296e+00  3.56695111e-05
6.98148148e+00  3.56174979e-05
7.00000000e+00  3.55587658e-05
7.01851852e+00  3.54932747e-05
7.03703704e+00  3.54210089e-05
7.05555556e+00  3.53419693e-05
7.07407407e+00  3.52561738e-05
7.09259259e+00  3.51636580e-05
7.09488784e+00  3.51512404e-05
7.11111111e+00  3.50608983e-05
7.12962963e+00  3.49507307e-05
7.14814815e+00  3.48337544e-05
7.16666667e+00  3.47100778e-05
7.18518519e+00  3.45798281e-05
7.20370370e+00  3.44431513e-05
7.20543859e+00  3.44295737e-05
7.22222222e+00  3.42947945e-05
7.24074074e+00  3.41394909e-05
7.25925926e+00  3.39780131e-05
7.27777778e+00  3.38105862e-05
7.28709251e+00  3.37227231e-05
7.29629630e+00  3.36338481e-05
7.31481481e+00  3.34476749e-05
7.33333333e+00  3.32560520e-05
7.35185185e+00  3.30592819e-05
7.35445920e+00  3.30303844e-05
7.37037037e+00  3.28503081e-05
7.38888889e+00  3.26353461e-05
7.40740741e+00  3.24159845e-05
7.41260312e+00  3.23522596e-05
7.42592593e+00  3.21857339e-05
7.44444444e+00  3.19488758e-05
7.46296296e+00  3.17085490e-05
7.46448614e+00  3.16880569e-05
7.48148148e+00  3.14555293e-05
7.50000000e+00  3.11988038e-05
7.51154480e+00  3.10374906e-05
7.51851852e+00  3.09385134e-05
7.53703704e+00  3.06750550e-05
7.55555556e+00  3.04155677e-05
7.55663567e+00  3.04002806e-05
7.57407407e+00  3.01497157e-05
7.59259259e+00  2.98875555e-05
7.60047151e+00  2.97761527e-05
7.61111111e+00  2.96234814e-05
7.62962963e+00  2.93592681e-05
7.64341122e+00  2.91648384e-05
7.64814815e+00  2.90970405e-05
7.66666667e+00  2.88313711e-05
7.68518519e+00  2.85708597e-05
7.68552249e+00  2.85660745e-05
7.70370370e+00  2.83045172e-05
7.72222222e+00  2.80434180e-05
7.72674387e+00  2.79796035e-05
7.74074074e+00  2.77793425e-05
7.75925926e+00  2.75181772e-05
7.76731628e+00  2.74051729e-05
7.77777778e+00  2.72564637e-05
7.79629630e+00  2.69957265e-05
7.80729766e+00  2.68425356e-05
7.81481481e+00  2.67364753e-05
7.83333333e+00  2.64766323e-05
7.84674128e+00  2.62914494e-05
7.85185185e+00  2.62199477e-05
7.87037037e+00  2.59614359e-05
7.88569637e+00  2.57516772e-05
7.88888889e+00  2.57074246e-05
7.90740741e+00  2.54506521e-05
7.92420853e+00  2.52229867e-05
7.92592593e+00  2.51994224e-05
7.94444444e+00  2.49447678e-05
7.96232023e+00  2.47051504e-05
7.96296296e+00  2.46964279e-05
7.98148148e+00  2.44441144e-05
8.00000000e+00  2.41981708e-05
8.00001687e+00  2.41979454e-05
8.01851852e+00  2.39475413e-05
8.03703704e+00  2.37032380e-05
8.03719418e+00  2.37011535e-05
8.05555556e+00  2.34543547e-05
8.07384982e+00  2.32145610e-05
8.07407407e+00  2.32115824e-05
8.09259259e+00  2.29642938e-05
8.10995380e+00  2.27379583e-05
8.11111111e+00  2.27226695e-05
8.12962963e+00  2.24771066e-05
8.14550194e+00  2.22711404e-05
8.14814815e+00  2.22363453e-05
8.16666667e+00  2.19925503e-05
8.18048687e+00  2.18139065e-05
8.18518519e+00  2.17523698e-05
8.20370370e+00  2.15103910e-05
8.21490404e+00  2.13660598e-05
8.22222222e+00  2.12705127e-05
8.24074074e+00  2.10304035e-05
8.24875187e+00  2.09274074e-05
8.25925926e+00  2.07905525e-05
8.27777778e+00  2.05523707e-05
8.28203181e+00  2.04977608e-05
8.29629630e+00  2.03122760e-05
8.31474582e+00  2.00769349e-05
8.31481481e+00  2.00760435e-05
8.33333333e+00  1.98354778e-05
8.34671574e+00  1.96647488e-05
8.35185185e+00  1.95983971e-05
8.37037037e+00  1.93599588e-05
8.37811763e+00  1.92610249e-05
8.38888889e+00  1.91217662e-05
8.40740741e+00  1.88855254e-05
8.40896567e+00  1.88655897e-05
8.42592593e+00  1.86460100e-05
8.43910201e+00  1.84782728e-05
8.44444444e+00  1.84100910e-05
8.46296296e+00  1.81758075e-05
8.46910651e+00  1.80989078e-05
8.48148148e+00  1.79440566e-05
8.49916568e+00  1.77273312e-05
8.50000000e+00  1.77171086e-05
8.51851852e+00  1.74902307e-05
8.52907321e+00  1.73633831e-05
8.53703704e+00  1.72676780e-05
8.55555556e+00  1.70481876e-05
8.55905766e+00  1.70069071e-05
8.57407407e+00  1.68298845e-05
8.58898129e+00  1.66577496e-05
8.59259259e+00  1.66160424e-05
8.61111111e+00  1.64033321e-05
8.61884079e+00  1.63157605e-05
8.62962963e+00  1.61934924e-05
8.64814815e+00  1.59876443e-05
8.64876447e+00  1.59807925e-05
8.66666667e+00  1.57816803e-05
8.67850330e+00  1.56527015e-05
8.68518519e+00  1.55798562e-05
8.70370370e+00  1.53802548e-05
8.70827617e+00  1.53313463e-05
8.72222222e+00  1.51820849e-05
8.73800225e+00  1.50165887e-05
8.74074074e+00  1.49878501e-05
8.75925926e+00  1.47942549e-05
8.76760632e+00  1.47082931e-05
8.77777778e+00  1.46034665e-05
8.79629630e+00  1.44160528e-05
8.79725790e+00  1.44063270e-05
8.81481481e+00  1.42286091e-05
8.82671217e+00  1.41105603e-05
8.83333333e+00  1.40448093e-05
8.85185185e+00  1.38629837e-05
8.85617252e+00  1.38208658e-05
8.87037037e+00  1.36823418e-05
8.88555077e+00  1.35371188e-05
8.88888889e+00  1.35051564e-05
8.90740741e+00  1.33287363e-05
8.91480388e+00  1.32591973e-05
8.92592593e+00  1.31545336e-05
8.94407912e+00  1.29869815e-05
8.94444444e+00  1.29836065e-05
8.96296296e+00  1.28124265e-05
8.97310981e+00  1.27203545e-05
8.98148148e+00  1.26443177e-05
9.00000000e+00  1.24785857e-05
9.00217265e+00  1.24592014e-05
9.01851852e+00  1.23132203e-05
9.03104844e+00  1.22034098e-05
9.03703704e+00  1.21508771e-05
9.05555556e+00  1.19900786e-05
9.05987210e+00  1.19528697e-05
9.07407407e+00  1.18303311e-05
9.08857846e+00  1.17074733e-05
9.09259259e+00  1.16734415e-05
9.11111111e+00  1.15174493e-05
9.11715052e+00  1.14671150e-05
9.12962963e+00  1.13630172e-05
9.14565939e+00  1.12316913e-05
9.14814815e+00  1.12112849e-05
9.16666667e+00  1.10599831e-05
9.17396895e+00  1.10011010e-05
9.18518519e+00  1.09105864e-05
9.20226006e+00  1.07752447e-05
9.20370370e+00  1.07637933e-05
9.22222222e+00  1.06172346e-05
9.23033597e+00  1.05540253e-05
9.24074074e+00  1.04729069e-05
9.25845640e+00  1.03373477e-05
9.25925926e+00  1.03311997e-05
9.27777778e+00  1.01896915e-05
9.28637964e+00  1.01251185e-05
9.29629630e+00  1.00506156e-05
9.31439793e+00  9.91724644e-06
9.31481481e+00  9.91417242e-06
9.33333333e+00  9.77795025e-06
9.34224673e+00  9.71364207e-06
9.35185185e+00  9.64427823e-06
9.37023334e+00  9.51421776e-06
9.37037037e+00  9.51324725e-06
9.38888889e+00  9.38247378e-06
9.39808330e+00  9.31888770e-06
9.40740741e+00  9.25433042e-06
9.42592593e+00  9.12878808e-06
9.42610669e+00  9.12756784e-06
9.44444444e+00  9.00360767e-06
9.45403919e+00  8.94017583e-06
9.46296296e+00  8.88109433e-06
9.48148148e+00  8.76106577e-06
9.48217003e+00  8.75663104e-06
9.50000000e+00  8.64159665e-06
9.51027306e+00  8.57685449e-06
9.51851852e+00  8.52479541e-06
9.53703704e+00  8.41029232e-06
9.53859135e+00  8.40076881e-06
9.55555556e+00  8.29660183e-06
9.56695870e+00  8.22829823e-06
9.57407407e+00  8.18557997e-06
9.59259259e+00  8.07657420e-06
9.59555342e+00  8.05936853e-06
9.61111111e+00  7.96871836e-06
9.62429293e+00  7.89390701e-06
9.62962963e+00  7.86353314e-06
9.64814815e+00  7.75996483e-06
9.65326749e+00  7.73184247e-06
9.66666667e+00  7.65799324e-06
9.68250608e+00  7.57310517e-06
9.68518519e+00  7.55869699e-06
9.70370370e+00  7.46048231e-06
9.71198549e+00  7.41762680e-06
9.72222222e+00  7.36444332e-06
9.74074074e+00  7.27088356e-06
9.74185213e+00  7.26534045e-06
9.75925926e+00  7.17812724e-06
9.77201683e+00  7.11618060e-06
9.77777778e+00  7.08807345e-06
9.79629630e+00  6.99962820e-06
9.80262735e+00  6.97008304e-06
9.81481481e+00  6.91290088e-06
9.83333333e+00  6.82882688e-06
9.83374488e+00  6.82698491e-06
9.85185185e+00  6.74545258e-06
9.86534042e+00  6.68682464e-06
9.87037037e+00  6.66482357e-06
9.88888889e+00  6.58561522e-06
9.89757213e+00  6.54954190e-06
9.90740741e+00  6.50839471e-06
9.92592593e+00  6.43328305e-06
9.93052245e+00  6.41507763e-06
9.94444444e+00  6.35950669e-06
9.96296296e+00  6.28836032e-06
9.96428713e+00  6.28337395e-06
9.98148148e+00  6.21806916e-06
9.99898061e+00  6.15437419e-06
1.00000000e+01  6.15063050e-06
1.00185185e+01  6.08329692e-06
1.00340467e+01  6.02802284e-06
1.00370370e+01  6.01728271e-06
1.00555556e+01  5.95098502e-06
1.00688562e+01  5.90426552e-06
1.00740741e+01  5.88577546e-06
1.00925926e+01  5.82063750e-06
1.01034560e+01  5.78304899e-06
1.01111111e+01  5.75633062e-06
1.01296296e+01  5.69246314e-06
1.01379006e+01  5.66432107e-06
1.01481481e+01  5.62915329e-06
1.01666667e+01  5.56665432e-06
1.01722426e+01  5.54803067e-06
1.01851852e+01  5.50443202e-06
1.02037037e+01  5.44338735e-06
1.02065329e+01  5.43412775e-06
1.02222222e+01  5.38233918e-06
1.02407407e+01  5.32282295e-06
1.02408218e+01  5.32256330e-06
1.02592593e+01  5.26303158e-06
1.02750991e+01  5.21328930e-06
1.02777778e+01  5.20480489e-06
1.02962963e+01  5.14665116e-06
1.03094828e+01  5.10625874e-06
1.03148148e+01  5.08978373e-06
1.03333333e+01  5.03332589e-06
1.03440171e+01  5.00142555e-06
1.03518519e+01  4.97776517e-06
1.03703704e+01  4.92235241e-06
1.03783298e+01  4.89874461e-06
1.03888889e+01  4.86697854e-06
1.04074074e+01  4.81187880e-06
1.04120276e+01  4.79817176e-06
1.04259259e+01  4.75629606e-06
1.04444444e+01  4.70126380e-06
1.04449808e+01  4.69966369e-06
1.04629630e+01  4.64511849e-06
1.04769521e+01  4.60317803e-06
1.04814815e+01  4.58935814e-06
1.05000000e+01  4.53282110e-06
1.05079352e+01  4.50867325e-06
1.05185185e+01  4.47585597e-06
1.05370370e+01  4.41873698e-06
1.05378833e+01  4.41610869e-06
1.05555556e+01  4.36010775e-06
1.05665303e+01  4.32544451e-06
1.05740741e+01  4.30111047e-06
1.05925926e+01  4.24131881e-06
1.05940289e+01  4.23664169e-06
1.06111111e+01  4.17974928e-06
1.06201605e+01  4.14966203e-06
1.06296296e+01  4.11823252e-06
1.06461245e+01  4.06446809e-06
1.06481481e+01  4.05795468e-06
1.06666667e+01  3.99886108e-06
1.06723411e+01  3.98102320e-06
1.06851852e+01  3.94111855e-06
1.06988993e+01  3.89929147e-06
1.07037037e+01  3.88480167e-06
1.07222222e+01  3.82965508e-06
1.07257584e+01  3.81923772e-06
1.07407407e+01  3.77555814e-06
1.07528788e+01  3.74082750e-06
1.07592593e+01  3.72275183e-06
1.07777778e+01  3.67105103e-06
1.07803154e+01  3.66402706e-06
1.07962963e+01  3.62019857e-06
1.08079618e+01  3.58880337e-06
1.08148148e+01  3.57052104e-06
1.08333333e+01  3.52184085e-06
1.08359094e+01  3.51512404e-06
1.08518519e+01  3.47389063e-06
1.08640403e+01  3.44295737e-06
1.08703704e+01  3.42701485e-06
1.08888889e+01  3.38099286e-06
1.08924303e+01  3.37227231e-06
1.09074074e+01  3.33564973e-06
1.09209981e+01  3.30303844e-06
1.09259259e+01  3.29129256e-06
1.09444444e+01  3.24761836e-06
1.09497592e+01  3.23522596e-06
1.09629630e+01  3.20462502e-06
1.09787104e+01  3.16880569e-06
1.09814815e+01  3.16252866e-06
1.10000000e+01  3.12086998e-06
1.10077219e+01  3.10374906e-06
1.10185185e+01  3.07975500e-06
1.10367282e+01  3.04002806e-06
1.10370370e+01  3.03935239e-06
1.10555556e+01  2.99897172e-06
1.10655278e+01  2.97761527e-06
1.10740741e+01  2.95925940e-06
1.10925926e+01  2.92010893e-06
1.10943172e+01  2.91648384e-06
1.11111111e+01  2.88108097e-06
1.11229364e+01  2.85660745e-06
1.11296296e+01  2.84271492e-06
1.11481481e+01  2.80478453e-06
1.11515081e+01  2.79796035e-06
1.11666667e+01  2.76708399e-06
1.11799512e+01  2.74051729e-06
1.11851852e+01  2.73001975e-06
1.12037037e+01  2.69329619e-06
1.12083120e+01  2.68425356e-06
1.12222222e+01  2.65687897e-06
1.12365758e+01  2.62914494e-06
1.12407407e+01  2.62107359e-06
1.12592593e+01  2.58554218e-06
1.12647322e+01  2.57516772e-06
1.12777778e+01  2.55036565e-06
1.12928134e+01  2.52229867e-06
1.12962963e+01  2.51577754e-06
1.13148148e+01  2.48142232e-06
1.13207717e+01  2.47051504e-06
1.13333333e+01  2.44744517e-06
1.13486671e+01  2.41979454e-06
1.13518519e+01  2.41403400e-06
1.13703704e+01  2.38083789e-06
1.13764335e+01  2.37011535e-06
1.13888889e+01  2.34802003e-06
1.14041399e+01  2.32145610e-06
1.14074074e+01  2.31574661e-06
1.14259259e+01  2.28369152e-06
1.14317200e+01  2.27379583e-06
1.14444444e+01  2.25199397e-06
1.14592340e+01  2.22711404e-06
1.14629630e+01  2.22082014e-06
1.14814815e+01  2.18988716e-06
1.14866332e+01  2.18139065e-06
1.15000000e+01  2.15927193e-06
1.15139514e+01  2.13660598e-06
1.15185185e+01  2.12916044e-06
1.15370370e+01  2.09932996e-06
1.15411748e+01  2.09274074e-06
1.15555556e+01  2.06975999e-06
1.15682936e+01  2.04977608e-06
1.15740741e+01  2.04067445e-06
1.15925926e+01  2.01192630e-06
1.15953457e+01  2.00769349e-06
1.16111111e+01  1.98336531e-06
1.16222612e+01  1.96647488e-06
1.16296296e+01  1.95527006e-06
1.16481481e+01  1.92758365e-06
1.16491461e+01  1.92610249e-06
1.16666667e+01  1.89999612e-06
1.16758542e+01  1.88655897e-06
1.16851852e+01  1.87285614e-06
1.17025494e+01  1.84782728e-06
1.17037037e+01  1.84615634e-06
1.17222222e+01  1.81956164e-06
1.17290715e+01  1.80989078e-06
1.17407407e+01  1.79334250e-06
1.17555493e+01  1.77273312e-06
1.17592593e+01  1.76754617e-06
1.17777778e+01  1.74197208e-06
1.17819112e+01  1.73633831e-06
1.17962963e+01  1.71663981e-06
1.18081663e+01  1.70069071e-06
1.18148148e+01  1.69171332e-06
1.18333333e+01  1.66713857e-06
1.18343698e+01  1.66577496e-06
1.18518519e+01  1.64265960e-06
1.18603964e+01  1.63157605e-06
1.18703704e+01  1.61856962e-06
1.18863883e+01  1.59807925e-06
1.18888889e+01  1.59486254e-06
1.19074074e+01  1.57131417e-06
1.19122343e+01  1.56527015e-06
1.19259259e+01  1.54802759e-06
1.19379843e+01  1.53313463e-06
1.19444444e+01  1.52510746e-06
1.19629630e+01  1.50251658e-06
1.19636726e+01  1.50165887e-06
1.19814815e+01  1.48000035e-06
1.19891728e+01  1.47082931e-06
1.20000000e+01  1.45783415e-06
1.20146192e+01  1.44063270e-06
1.20185185e+01  1.43601250e-06
1.20370370e+01  1.41440160e-06
1.20399434e+01  1.41105603e-06
1.20555556e+01  1.39295616e-06
1.20651225e+01  1.38208658e-06
1.20740741e+01  1.37183873e-06
1.20902335e+01  1.35371188e-06
1.20925926e+01  1.35104413e-06
1.21111111e+01  1.33038728e-06
1.21151834e+01  1.32591973e-06
1.21296296e+01  1.30994025e-06
1.21400061e+01  1.29869815e-06
1.21481481e+01  1.28979903e-06
1.21647443e+01  1.27203545e-06
1.21666667e+01  1.26995854e-06
1.21851852e+01  1.25023033e-06
1.21893043e+01  1.24592014e-06
1.22037037e+01  1.23070738e-06
1.22137283e+01  1.22034098e-06
1.22222222e+01  1.21146714e-06
1.22380486e+01  1.19528697e-06
1.22407407e+01  1.19250437e-06
1.22592593e+01  1.17368095e-06
1.22621955e+01  1.17074733e-06
1.22777778e+01  1.15500364e-06
1.22861694e+01  1.14671150e-06
1.22962963e+01  1.13658407e-06
1.23100161e+01  1.12316913e-06
1.23148148e+01  1.11841641e-06
1.23333333e+01  1.10047698e-06
1.23337174e+01  1.10011010e-06
1.23518519e+01  1.08255979e-06
1.23571769e+01  1.07752447e-06
1.23703704e+01  1.06487597e-06
1.23804836e+01  1.05540253e-06
1.23888889e+01  1.04742248e-06
1.24036373e+01  1.03373477e-06
1.24074074e+01  1.03018876e-06
1.24259259e+01  1.01314173e-06
1.24266213e+01  1.01251185e-06
1.24444444e+01  9.96268526e-07
1.24495490e+01  9.91724644e-07
1.24629630e+01  9.79992969e-07
1.24729049e+01  9.71364207e-07
1.24814815e+01  9.63812188e-07
1.24955235e+01  9.51421776e-07
1.25000000e+01  9.47406753e-07
1.25174061e+01  9.31888770e-07
1.25185185e+01  9.30880280e-07
1.25370370e+01  9.14304536e-07
1.25387898e+01  9.12756784e-07
1.25555556e+01  8.97695040e-07
1.25597088e+01  8.94017583e-07
1.25740741e+01  8.81068997e-07
1.25801570e+01  8.75663104e-07
1.25925926e+01  8.64404875e-07
1.26001182e+01  8.57685449e-07
1.26111111e+01  8.47679041e-07
1.26195765e+01  8.40076881e-07
1.26296296e+01  8.30865334e-07
1.26385160e+01  8.22829823e-07
1.26481481e+01  8.13934553e-07
1.26569210e+01  8.05936853e-07
1.26666667e+01  7.96853827e-07
1.26747759e+01  7.89390701e-07
1.26851852e+01  7.79585846e-07
1.26920655e+01  7.73184247e-07
1.27037037e+01  7.62087822e-07
1.27087742e+01  7.57310517e-07
1.27222222e+01  7.44310307e-07
1.27248880e+01  7.41762680e-07
1.27403904e+01  7.26534045e-07
1.27407407e+01  7.26178330e-07
1.27552400e+01  7.11618060e-07
1.27592593e+01  7.07452578e-07
1.27694463e+01  6.97008304e-07
1.27777778e+01  6.88173687e-07
1.27829956e+01  6.82698491e-07
1.27958710e+01  6.68682464e-07
1.27962963e+01  6.68197015e-07
1.28080137e+01  6.54954190e-07
1.28148148e+01  6.46929427e-07
1.28194543e+01  6.41507763e-07
1.28301543e+01  6.28337395e-07
1.28333333e+01  6.24181559e-07
1.28400833e+01  6.15437419e-07
1.28492464e+01  6.02802284e-07
1.28518519e+01  5.98915893e-07
1.28575919e+01  5.90426552e-07
1.28651212e+01  5.78304899e-07
1.28703704e+01  5.68974588e-07
1.28718123e+01  5.66432107e-07
1.28776111e+01  5.54803067e-07
1.28825278e+01  5.43412775e-07
1.28865307e+01  5.32256330e-07
1.28888889e+01  5.23798676e-07
1.28895824e+01  5.21328930e-07
1.28916459e+01  5.10625874e-07
1.28927067e+01  5.00142555e-07
1.28927320e+01  4.89874461e-07
1.28916884e+01  4.79817176e-07
1.28895419e+01  4.69966369e-07
1.28888889e+01  4.68027380e-07
1.28862385e+01  4.60317803e-07
1.28817492e+01  4.50867325e-07
1.28760422e+01  4.41610869e-07
1.28703704e+01  4.34207640e-07
1.28690709e+01  4.32544451e-07
1.28607578e+01  4.23664169e-07
