# NA62  (HNLimits id: na62)
# Scenario: 010, single muon-flavor dominance
# Nature: Majorana
# Category: experimental
# Source metadata: local_HNL_database.xlsx
# Source metadata SHA256: aa9346350fd2354af29b71c3a4c6d2da1c5454abd6cef3b780dd1dd858f56783
# Source URL: https://raw.githubusercontent.com/mhostert/Heavy-Neutrino-Limits/main/src/HNLimits/include/local_HNL_database.xlsx
# Transformations: HNLimits unit, CL, and Dirac/Majorana rules
# mass_GeV  U2
# bottom
2.00000000e-01  2.69182000e-08
2.01000000e-01  4.79137000e-08
2.02000000e-01  3.59478000e-08
2.03000000e-01  3.55925000e-08
2.04000000e-01  2.32205000e-08
2.05000000e-01  3.33988000e-08
2.06000000e-01  3.21189000e-08
2.07000000e-01  3.69600000e-08
2.08000000e-01  4.87425000e-08
2.09000000e-01  3.97163000e-08
2.10000000e-01  2.94719000e-08
2.11000000e-01  2.69458000e-08
2.12000000e-01  2.87414000e-08
2.13000000e-01  2.27550000e-08
2.14000000e-01  1.97950000e-08
2.15000000e-01  1.73044000e-08
2.16000000e-01  1.88803000e-08
2.17000000e-01  2.76594000e-08
2.18000000e-01  3.42903000e-08
2.19000000e-01  2.63119000e-08
2.20000000e-01  2.82851000e-08
2.21000000e-01  2.75027000e-08
2.22000000e-01  3.42503000e-08
2.23000000e-01  2.78576000e-08
2.24000000e-01  2.71402000e-08
2.25000000e-01  2.44790000e-08
2.26000000e-01  2.86234000e-08
2.27000000e-01  2.46708000e-08
2.28000000e-01  2.02712000e-08
2.29000000e-01  1.44332000e-08
2.30000000e-01  1.40898000e-08
2.31000000e-01  1.33395000e-08
2.32000000e-01  1.28298000e-08
2.33000000e-01  8.41669000e-09
2.34000000e-01  6.76240000e-09
2.35000000e-01  5.82157000e-09
2.36000000e-01  6.18007000e-09
2.37000000e-01  7.41413000e-09
2.38000000e-01  7.53547000e-09
2.39000000e-01  1.14791000e-08
2.40000000e-01  1.81247000e-08
2.41000000e-01  2.71136000e-08
2.42000000e-01  3.28486000e-08
2.43000000e-01  2.67132000e-08
2.44000000e-01  2.51209000e-08
2.45000000e-01  2.26248000e-08
2.46000000e-01  2.08210000e-08
2.47000000e-01  1.41751000e-08
2.48000000e-01  8.44385000e-09
2.49000000e-01  9.23000000e-09
2.50000000e-01  7.47987000e-09
2.51000000e-01  8.40947000e-09
2.52000000e-01  4.85076000e-09
2.53000000e-01  5.54875000e-09
2.54000000e-01  7.86387000e-09
2.55000000e-01  8.22660000e-09
2.56000000e-01  1.42435000e-08
2.57000000e-01  2.34990000e-08
2.58000000e-01  2.85030000e-08
2.59000000e-01  2.47981000e-08
2.60000000e-01  2.14030000e-08
2.61000000e-01  2.06765000e-08
2.62000000e-01  9.45661000e-09
2.63000000e-01  1.04115000e-08
2.64000000e-01  7.95164000e-09
2.65000000e-01  8.68739000e-09
2.66000000e-01  7.66788000e-09
2.67000000e-01  6.59474000e-09
2.68000000e-01  5.38921000e-09
2.69000000e-01  7.47377000e-09
2.70000000e-01  9.28991000e-09
2.71000000e-01  1.12957000e-08
2.72000000e-01  1.15106000e-08
2.73000000e-01  1.47381000e-08
2.74000000e-01  1.28548000e-08
2.75000000e-01  8.57730000e-09
2.76000000e-01  7.52344000e-09
2.77000000e-01  6.90325000e-09
2.78000000e-01  7.02470000e-09
2.79000000e-01  6.74811000e-09
2.80000000e-01  8.20535000e-09
2.81000000e-01  8.45345000e-09
2.82000000e-01  1.01253000e-08
2.83000000e-01  1.09464000e-08
2.84000000e-01  1.00741000e-08
2.85000000e-01  1.40672000e-08
2.86000000e-01  1.12341000e-08
2.87000000e-01  8.45255000e-09
2.88000000e-01  9.96911000e-09
2.89000000e-01  1.02226000e-08
2.90000000e-01  7.75608000e-09
2.91000000e-01  7.14968000e-09
2.92000000e-01  1.24279000e-08
2.93000000e-01  1.15865000e-08
2.94000000e-01  1.76247000e-08
2.95000000e-01  1.24534000e-08
2.96000000e-01  6.88737000e-09
2.97000000e-01  6.60675000e-09
2.98000000e-01  3.62407000e-09
2.99000000e-01  1.23800000e-08
3.00000000e-01  9.05385000e-09
3.00500000e-01  9.75233000e-09
3.01000000e-01  1.01662000e-08
3.01500000e-01  9.00664000e-09
3.02000000e-01  8.89947000e-09
3.02500000e-01  8.16712000e-09
3.03000000e-01  9.10680000e-09
3.03500000e-01  7.59727000e-09
3.04000000e-01  7.41293000e-09
3.04500000e-01  6.30228000e-09
3.05000000e-01  8.41190000e-09
3.05500000e-01  8.43583000e-09
3.06000000e-01  1.03418000e-08
3.06500000e-01  8.54432000e-09
3.07000000e-01  7.77973000e-09
3.07500000e-01  9.76132000e-09
3.08000000e-01  7.01713000e-09
3.08500000e-01  5.32418000e-09
3.09000000e-01  5.17484000e-09
3.09500000e-01  5.58471000e-09
3.10000000e-01  5.72406000e-09
3.10500000e-01  5.84926000e-09
3.11000000e-01  5.94489000e-09
3.11500000e-01  7.91202000e-09
3.12000000e-01  1.08311000e-08
3.12500000e-01  8.25911000e-09
3.13000000e-01  6.73857000e-09
3.13500000e-01  6.15590000e-09
3.14000000e-01  9.40699000e-09
3.14500000e-01  1.82553000e-08
3.15000000e-01  1.56347000e-08
3.15500000e-01  1.51402000e-08
3.16000000e-01  1.51808000e-08
3.16500000e-01  1.50315000e-08
3.17000000e-01  1.63650000e-08
3.17500000e-01  1.19129000e-08
3.18000000e-01  9.56441000e-09
3.18500000e-01  1.24265000e-08
3.19000000e-01  1.07426000e-08
3.19500000e-01  7.07697000e-09
3.20000000e-01  5.88088000e-09
3.20500000e-01  4.26497000e-09
3.21000000e-01  4.97480000e-09
3.21500000e-01  3.80491000e-09
3.22000000e-01  3.77148000e-09
3.22500000e-01  4.80586000e-09
3.23000000e-01  4.39133000e-09
3.23500000e-01  5.57265000e-09
3.24000000e-01  5.17508000e-09
3.24500000e-01  6.20118000e-09
3.25000000e-01  8.26109000e-09
3.25500000e-01  8.64284000e-09
3.26000000e-01  1.08721000e-08
3.26500000e-01  9.43550000e-09
3.27000000e-01  8.57678000e-09
3.27500000e-01  8.47916000e-09
3.28000000e-01  6.34276000e-09
3.28500000e-01  5.47417000e-09
3.29000000e-01  7.66748000e-09
3.29500000e-01  1.16499000e-08
3.30000000e-01  8.89519000e-09
3.30500000e-01  9.10454000e-09
3.31000000e-01  1.22890000e-08
3.31500000e-01  1.04786000e-08
3.32000000e-01  1.07194000e-08
3.32500000e-01  1.05210000e-08
3.33000000e-01  1.02651000e-08
3.33500000e-01  5.70218000e-09
3.34000000e-01  6.74709000e-09
3.34500000e-01  6.37171000e-09
3.35000000e-01  5.11987000e-09
3.35500000e-01  4.46373000e-09
3.36000000e-01  5.54624000e-09
3.36500000e-01  8.92059000e-09
3.37000000e-01  6.99419000e-09
3.37500000e-01  5.23945000e-09
3.38000000e-01  5.19404000e-09
3.38500000e-01  7.30654000e-09
3.39000000e-01  7.65306000e-09
3.39500000e-01  8.74669000e-09
3.40000000e-01  1.09458000e-08
3.40500000e-01  1.16907000e-08
3.41000000e-01  1.01126000e-08
3.41500000e-01  1.02239000e-08
3.42000000e-01  6.68387000e-09
3.42500000e-01  4.68270000e-09
3.43000000e-01  4.35847000e-09
3.43500000e-01  4.72960000e-09
3.44000000e-01  4.72181000e-09
3.44500000e-01  7.38325000e-09
3.45000000e-01  7.78624000e-09
3.45500000e-01  7.40894000e-09
3.46000000e-01  4.51519000e-09
3.46500000e-01  1.07443000e-08
3.47000000e-01  1.66033000e-08
3.47500000e-01  1.36022000e-08
3.48000000e-01  1.33499000e-08
3.48500000e-01  1.00671000e-08
3.49000000e-01  3.97753000e-09
3.49500000e-01  4.31472000e-09
3.50000000e-01  3.41112000e-09
3.50500000e-01  3.55975000e-09
3.51000000e-01  9.55330000e-09
3.51500000e-01  8.11758000e-09
3.52000000e-01  1.04106000e-08
3.52500000e-01  1.59949000e-08
3.53000000e-01  1.11779000e-08
3.53500000e-01  1.27393000e-08
3.54000000e-01  1.19768000e-08
3.54500000e-01  7.28762000e-09
3.55000000e-01  6.45661000e-09
3.55500000e-01  3.18283000e-09
3.56000000e-01  3.40016000e-09
3.56500000e-01  4.28806000e-09
3.57000000e-01  8.04825000e-09
3.57500000e-01  1.30599000e-08
3.58000000e-01  1.20205000e-08
3.58500000e-01  9.87391000e-09
3.59000000e-01  6.97606000e-09
3.59500000e-01  6.25980000e-09
3.60000000e-01  5.84382000e-09
3.60500000e-01  7.45743000e-09
3.61000000e-01  7.54791000e-09
3.61500000e-01  6.86505000e-09
3.62000000e-01  5.25882000e-09
3.62500000e-01  1.07746000e-08
3.63000000e-01  9.64368000e-09
3.63500000e-01  1.57729000e-08
3.64000000e-01  1.33750000e-08
3.64500000e-01  1.19452000e-08
3.65000000e-01  8.28274000e-09
3.65500000e-01  6.54189000e-09
3.66000000e-01  7.64844000e-09
3.66500000e-01  5.12954000e-09
3.67000000e-01  4.82589000e-09
3.67500000e-01  4.83060000e-09
3.68000000e-01  1.03525000e-08
3.68500000e-01  1.05940000e-08
3.69000000e-01  1.30655000e-08
3.69500000e-01  7.00190000e-09
3.70000000e-01  6.93286000e-09
3.70500000e-01  7.36909000e-09
3.71000000e-01  8.25906000e-09
3.71500000e-01  1.38362000e-08
3.72000000e-01  8.78440000e-09
3.72500000e-01  8.79131000e-09
3.73000000e-01  6.39609000e-09
3.73500000e-01  8.37231000e-09
3.74000000e-01  9.22659000e-09
3.74500000e-01  9.25093000e-09
3.75000000e-01  9.89684000e-09
3.75500000e-01  8.18964000e-09
3.76000000e-01  5.86656000e-09
3.76500000e-01  4.68507000e-09
3.77000000e-01  1.28135000e-08
3.77500000e-01  1.64979000e-08
3.78000000e-01  9.23903000e-09
3.78500000e-01  6.30862000e-09
3.79000000e-01  1.54278000e-08
3.79500000e-01  1.83046000e-08
3.80000000e-01  1.20692000e-08
3.80500000e-01  1.82528000e-08
3.81000000e-01  1.84685000e-08
3.81500000e-01  1.54793000e-08
3.82000000e-01  1.32968000e-08
3.82500000e-01  9.23071000e-09
3.83000000e-01  3.14379000e-08
3.83500000e-01  6.18358000e-08
3.84000000e-01  3.93700000e-08
