# PSI  (HNLimits id: psi)
# Scenario: 010, single muon-flavor dominance
# Nature: Majorana
# Category: experimental
# Source metadata: local_HNL_database.xlsx
# Source metadata SHA256: aa9346350fd2354af29b71c3a4c6d2da1c5454abd6cef3b780dd1dd858f56783
# Source URL: https://raw.githubusercontent.com/mhostert/Heavy-Neutrino-Limits/main/src/HNLimits/include/local_HNL_database.xlsx
# Transformations: HNLimits unit, CL, and Dirac/Majorana rules
# mass_GeV  U2
# bottom
1.00055414e-03  1.14872866e-02
1.12480585e-03  9.82116992e-03
1.19418808e-03  8.43141586e-03
1.25368793e-03  7.29822891e-03
1.31317884e-03  6.34345656e-03
1.38259681e-03  5.35669825e-03
1.46192175e-03  4.43569867e-03
1.54122658e-03  3.70730062e-03
1.61063339e-03  3.14679473e-03
1.67024939e-03  2.58163981e-03
1.71989365e-03  2.22544954e-03
1.76954685e-03  1.91050569e-03
1.82912711e-03  1.59346175e-03
1.88874312e-03  1.30728079e-03
1.93844099e-03  1.09936491e-03
1.97820733e-03  9.53559727e-04
2.02795435e-03  7.83912418e-04
2.08758822e-03  6.37839989e-04
2.13725929e-03  5.43074350e-04
2.17701223e-03  4.73971902e-04
2.22669223e-03  4.01891320e-04
2.27636777e-03  3.41476180e-04
2.31613411e-03  2.96187307e-04
2.35591385e-03  2.55320211e-04
2.39248584e-03  2.12069965e-04
2.43556716e-03  1.81681939e-04
2.46544218e-03  1.59547127e-04
2.50533808e-03  1.30352092e-04
2.55506723e-03  1.08048983e-04
2.59488718e-03  9.14276599e-05
2.63472053e-03  7.68859964e-05
2.67130146e-03  6.35989140e-05
2.71122416e-03  5.13220696e-05
2.75431442e-03  4.37870044e-05
2.81389915e-03  3.64454052e-05
2.91230755e-03  4.06585157e-05
2.99087523e-03  4.77581540e-05
3.07957280e-03  4.96293751e-05
3.14902919e-03  4.11724292e-05
3.19867792e-03  3.54187178e-05
3.28778026e-03  3.05329200e-05
3.40589536e-03  3.44161728e-05
3.52424278e-03  3.48479581e-05
3.63307415e-03  3.00413567e-05
3.89943849e-03  2.97393325e-05
4.01764295e-03  3.21669785e-05
4.13611546e-03  3.07428254e-05
4.22486485e-03  3.11920737e-05
4.28375710e-03  3.57424608e-05
4.35244685e-03  4.22439372e-05
4.44091389e-03  4.88288876e-05
4.54916090e-03  5.51295338e-05
4.66750832e-03  5.58211890e-05
4.78590488e-03  5.52535895e-05
4.90438186e-03  5.26984992e-05
4.98357500e-03  4.63754345e-05
5.02344857e-03  3.82821043e-05
5.06322831e-03  3.30000467e-05
5.10304826e-03  2.79236042e-05
5.12637821e-03  2.41699726e-05
5.16293232e-03  2.02419881e-05
5.18296963e-03  1.75570883e-05
5.24243820e-03  1.54184166e-05
5.33093294e-03  1.75953744e-05
5.37992493e-03  2.04975255e-05
5.42891692e-03  2.38783525e-05
5.49757540e-03  2.86321929e-05
5.58606120e-03  3.28098968e-05
5.66462887e-03  3.85390386e-05
5.75310128e-03  4.44363529e-05
5.85187379e-03  4.19027747e-05
5.91140267e-03  3.57879909e-05
5.95123603e-03  3.00958741e-05
5.99098897e-03  2.62663827e-05
6.04066897e-03  2.22718502e-05
6.12974450e-03  1.94386614e-05
6.20887956e-03  1.75711816e-05
6.23228546e-03  1.46851284e-05
6.25246126e-03  1.19483668e-05
6.30901247e-03  8.84192264e-06
6.32700985e-03  1.02612707e-05
6.37062103e-03  1.31930494e-05
6.40629726e-03  1.65706235e-05
6.44190648e-03  2.14668784e-05
6.48085524e-03  2.71580655e-05
6.50340782e-03  3.36562396e-05
6.58173424e-03  4.41908740e-05
6.70000571e-03  4.63420517e-05
6.80869859e-03  4.25878773e-05
6.87811210e-03  3.60373599e-05
6.91790524e-03  3.08733986e-05
6.94788748e-03  2.58025991e-05
6.97784292e-03  2.18331815e-05
7.03043964e-03  1.76916082e-05
7.03775378e-03  1.56323461e-05
7.09601610e-03  2.39588733e-05
7.15464922e-03  3.09428717e-05
7.23382449e-03  2.74557554e-05
7.26373525e-03  2.37161701e-05
7.35275270e-03  2.12617733e-05
7.43161077e-03  2.18409315e-05
7.46157067e-03  1.84428896e-05
7.47169878e-03  1.63298627e-05
7.50161401e-03  1.40766053e-05
7.53150243e-03  1.22853601e-05
7.56146680e-03  1.03526121e-05
7.64362516e-03  8.51350821e-06
7.72599160e-03  9.81332202e-06
7.74857545e-03  1.19870550e-05
7.81731345e-03  1.38553735e-05
7.88599516e-03  1.64365453e-05
7.92163788e-03  2.09663290e-05
7.94413685e-03  2.66341146e-05
7.99307523e-03  3.18046262e-05
8.08163698e-03  3.51894635e-05
8.21004326e-03  3.25735611e-05
8.29911879e-03  2.84298979e-05
8.37839682e-03  2.40572301e-05
8.44786170e-03  1.98797704e-05
8.53510193e-03  1.62828857e-05
8.54710555e-03  1.50804104e-05
8.63558465e-03  1.73343297e-05
8.73463863e-03  1.43541872e-05
8.84328772e-03  1.34607042e-05
8.89302044e-03  1.11391962e-05
8.92960583e-03  9.19518663e-06
9.01200226e-03  8.41532381e-06
9.10070698e-03  8.71623423e-06
9.13983445e-03  1.01537967e-05
9.15255825e-03  1.23772967e-05
9.18828586e-03  1.51816241e-05
9.26700096e-03  1.66592021e-05
9.35584418e-03  1.61861562e-05
9.43437611e-03  1.93288409e-05
9.48333683e-03  2.28443627e-05
9.50273079e-03  2.66666019e-05
9.52537272e-03  3.17116804e-05
9.60071030e-03  3.62634637e-05
9.68969201e-03  3.30514321e-05
9.73926479e-03  2.94472355e-05
9.77907134e-03  2.50719854e-05
9.77937961e-03  2.17460985e-05
9.79953754e-03  1.78400137e-05
9.81970887e-03  1.45452684e-05
9.84311030e-03  1.21813180e-05
9.87965995e-03  1.02227337e-05
9.93497363e-03  8.68090130e-06
1.00013179e-02  1.02448152e-05
1.00467858e-02  1.33076698e-05
1.01319691e-02  1.53503252e-05
1.01645292e-02  1.78083385e-05
1.01970178e-02  2.13531213e-05
1.02651018e-02  2.68718653e-05
1.03706342e-02  2.89199238e-05
1.04689220e-02  3.41107584e-05
1.05876268e-02  2.92850125e-05
1.06667440e-02  2.66908904e-05
1.07064969e-02  2.32946596e-05
1.07118112e-02  1.95285791e-05
1.07565790e-02  1.64056742e-05
1.07667674e-02  1.41271612e-05
1.07685523e-02  1.18781181e-05
1.07777466e-02  8.44435280e-06
1.07813708e-02  9.79630644e-06
1.08775560e-02  1.81254006e-05
1.10026827e-02  2.07584242e-05
1.10816703e-02  2.00857958e-05
1.11347636e-02  1.60755165e-05
1.11521069e-02  1.05980800e-05
1.11590943e-02  8.76636590e-06
1.11742306e-02  1.28885481e-05
1.12299866e-02  1.71029135e-05
1.12599063e-02  1.47126106e-05
1.13685884e-02  1.35878361e-05
1.14215941e-02  1.13235622e-05
1.15017586e-02  9.81917168e-06
1.15077156e-02  8.47011358e-06
1.15657019e-02  1.47465141e-05
1.15659699e-02  1.30299824e-05
1.16014741e-02  1.77183882e-05
1.16832540e-02  2.15550604e-05
1.17585738e-02  2.48531996e-05
1.18017534e-02  2.03473662e-05
1.18316418e-02  1.77581678e-05
1.18781542e-02  1.42418882e-05
1.19903006e-02  1.21265243e-05
1.20008665e-02  8.77213935e-06
1.20103138e-02  1.06358638e-05
1.20666907e-02  1.56551578e-05
1.20781743e-02  1.84334059e-05
1.20975750e-02  2.14511499e-05
1.21465379e-02  2.53265442e-05
1.22717540e-02  2.78334808e-05
1.22742316e-02  3.25763257e-05
1.23831836e-02  2.65618800e-05
1.24592807e-02  2.13909365e-05
1.24621936e-02  2.54375146e-05
1.25151579e-02  1.73946939e-05
1.25422356e-02  1.51276059e-05
1.26676942e-02  1.48639716e-05
1.27452785e-02  1.63365920e-05
1.28087706e-02  1.38408856e-05
1.28585837e-02  1.10363709e-05
1.28952585e-02  8.74214091e-06
1.29845842e-02  8.44399914e-06
1.30067794e-02  9.93557117e-06
1.30196104e-02  1.15263541e-05
1.30388748e-02  1.42842552e-05
1.30941974e-02  1.86392960e-05
1.31827681e-02  2.05381035e-05
1.32021397e-02  2.42229907e-05
1.32411868e-02  2.92853891e-05
1.33099592e-02  3.33165018e-05
1.33985589e-02  3.62216135e-05
1.34483908e-02  2.86330765e-05
1.34981235e-02  2.36948567e-05
1.35379712e-02  1.97950818e-05
1.35780637e-02  1.47697423e-05
1.35875842e-02  1.73120985e-05
1.37045332e-02  1.74416909e-05
1.37653823e-02  1.55215397e-05
1.37943459e-02  2.07609335e-05
1.38078247e-02  1.78591561e-05
1.38805622e-02  1.48649328e-05
1.39820398e-02  1.83469973e-05
1.40807118e-02  1.81227438e-05
1.41106494e-02  1.54618180e-05
1.41439779e-02  1.25804397e-05
1.41708060e-02  9.88327651e-06
1.42402552e-02  8.22624890e-06
1.43586652e-02  8.09237467e-06
1.44470527e-02  9.70360110e-06
1.44473297e-02  8.53878097e-06
1.44599552e-02  1.08918063e-05
1.44660848e-02  1.33868392e-05
1.44788711e-02  1.58538505e-05
1.45441860e-02  1.95025457e-05
1.46200034e-02  2.21982959e-05
1.46502618e-02  2.41306948e-05
1.46921109e-02  1.98948584e-05
1.47705222e-02  2.51181952e-05
1.48888786e-02  2.53286286e-05
1.49280418e-02  2.90231921e-05
1.50074047e-02  2.36154419e-05
1.51023347e-02  1.86411108e-05
1.51070194e-02  1.50955823e-05
1.52151395e-02  1.80716130e-05
1.52748614e-02  1.41186985e-05
1.53246678e-02  1.12927759e-05
1.53677500e-02  9.67061626e-06
1.53942985e-02  8.64437888e-06
1.54332365e-02  1.09904013e-05
1.54361807e-02  1.28821429e-05
1.54522150e-02  1.55420310e-05
1.54534346e-02  8.85045404e-06
1.54968849e-02  1.89124662e-05
1.55473486e-02  2.14047885e-05
1.56092431e-02  2.25319102e-05
1.56293832e-02  1.86378101e-05
1.56363884e-02  1.52898860e-05
1.56831957e-02  1.07017196e-05
1.57012619e-02  1.25646350e-05
1.57049263e-02  9.07402775e-06
1.57745721e-02  1.47342316e-05
1.58004307e-02  1.81097449e-05
1.58262491e-02  2.26756114e-05
1.58779988e-02  2.89557956e-05
1.59646606e-02  1.96697365e-05
1.59741700e-02  2.31747328e-05
1.59749809e-02  1.59380237e-05
1.60050837e-02  1.25987654e-05
1.60253221e-02  9.95905564e-06
1.60750199e-02  8.37512219e-06
1.61439912e-02  8.69237131e-06
1.61832437e-02  9.55777030e-06
1.61889871e-02  1.28404507e-05
1.62718814e-02  1.02105946e-05
1.62721897e-02  8.85612343e-06
1.62863498e-02  1.18821314e-05
1.63199709e-02  1.80425238e-05
1.63360365e-02  2.14558948e-05
1.63585802e-02  2.66996095e-05
1.64173348e-02  3.26012678e-05
1.64961473e-02  3.42013230e-05
1.65853167e-02  2.85852520e-05
1.67040260e-02  2.44906496e-05
1.68028432e-02  2.26228381e-05
1.68441231e-02  1.86995529e-05
1.69608028e-02  2.13339644e-05
1.70291173e-02  2.99843933e-05
1.70616237e-02  3.56574428e-05
1.71465533e-02  4.62428801e-05
1.72455630e-02  3.90826896e-05
1.73346314e-02  3.42237596e-05
1.74182631e-02  3.78268791e-05
1.74622089e-02  4.64454971e-05
1.75155506e-02  5.11423825e-05
1.75512666e-02  4.08730184e-05
1.75813091e-02  3.32217862e-05
1.76300100e-02  2.66894490e-05
1.76930959e-02  3.33964536e-05
1.77781874e-02  4.01905330e-05
1.78869908e-02  3.50965531e-05
1.80021394e-02  3.41006715e-05
1.81044749e-02  2.83256080e-05
1.81933717e-02  2.68484774e-05
1.82634442e-02  1.51334198e-05
1.82890361e-02  2.32982783e-05
1.83511146e-02  2.79826251e-05
1.83902600e-02  3.23299468e-05
1.84145527e-02  3.83277645e-05
1.84980549e-02  4.49741844e-05
1.85771765e-02  4.09058278e-05
1.86169786e-02  3.48999771e-05
1.86784219e-02  3.06234977e-05
1.87261026e-02  2.62842222e-05
1.87856002e-02  2.27750836e-05
1.87938367e-02  1.94227206e-05
1.88221010e-02  1.47658100e-05
1.88645342e-02  2.25893508e-05
1.88648291e-02  1.97144040e-05
1.88741709e-02  2.50952087e-05
1.88771151e-02  2.94147645e-05
1.89029000e-02  3.74050501e-05
1.89848474e-02  4.21176672e-05
1.90312527e-02  3.54921203e-05
1.90612617e-02  2.92978941e-05
1.90881568e-02  2.23154241e-05
1.91579194e-02  1.99644693e-05
1.92696498e-02  2.72717900e-05
1.93439705e-02  1.96521837e-05
1.94327198e-02  2.27115395e-05
1.94493108e-02  2.87085071e-05
1.94783668e-02  3.87220600e-05
1.95384881e-02  3.41689040e-05
