# T2K \\(Arg\"uelles et al)  (HNLimits id: t2k_lowmass)
# Scenario: 010, single muon-flavor dominance
# Nature: Majorana
# Category: experimental
# Source metadata: local_HNL_database.xlsx
# Source metadata SHA256: aa9346350fd2354af29b71c3a4c6d2da1c5454abd6cef3b780dd1dd858f56783
# Source URL: https://raw.githubusercontent.com/mhostert/Heavy-Neutrino-Limits/main/src/HNLimits/include/local_HNL_database.xlsx
# Transformations: HNLimits unit, CL, and Dirac/Majorana rules
# mass_GeV  U2
# bottom
3.84182074e-01  1.09215652e-07
3.83557144e-01  1.00660507e-07
3.81424761e-01  7.90762736e-08
3.80503467e-01  7.30971505e-08
3.76824861e-01  6.56323278e-08
3.73146254e-01  6.24465771e-08
3.72189094e-01  6.18911748e-08
3.69467647e-01  6.00754065e-08
3.65789040e-01  5.83743704e-08
3.62110433e-01  5.72159547e-08
3.58431827e-01  5.65084550e-08
3.54753220e-01  5.61732612e-08
3.51074613e-01  5.60564941e-08
3.47396006e-01  5.60259637e-08
3.43717399e-01  5.61175283e-08
3.40038793e-01  5.63545089e-08
3.36360186e-01  5.71507685e-08
3.32681579e-01  5.80922149e-08
3.29002972e-01  5.92066540e-08
3.25324365e-01  6.05555897e-08
3.22062587e-01  6.18911748e-08
3.21645759e-01  6.20352158e-08
3.17967152e-01  6.33893344e-08
3.14288545e-01  6.48883312e-08
3.10609938e-01  6.65517024e-08
3.06931331e-01  6.83276454e-08
3.03252724e-01  7.02780604e-08
2.99574118e-01  7.23517925e-08
2.95895511e-01  7.39926531e-08
2.92216904e-01  7.58167306e-08
2.88538297e-01  7.86425845e-08
2.88150520e-01  7.90762736e-08
2.84859690e-01  8.25687456e-08
2.81181084e-01  8.69694185e-08
2.77502477e-01  9.03550757e-08
2.73823870e-01  9.33153883e-08
2.70145263e-01  9.65921148e-08
2.67174695e-01  1.00660507e-07
2.66466656e-01  1.01422623e-07
2.62788050e-01  1.05608981e-07
2.59109443e-01  1.10509863e-07
2.55430836e-01  1.16743240e-07
2.51752229e-01  1.23897927e-07
2.49373556e-01  1.27670829e-07
2.48073622e-01  1.29382051e-07
2.44395015e-01  1.32941557e-07
2.40716409e-01  1.36930616e-07
2.37037802e-01  1.42549799e-07
2.33359195e-01  1.49162501e-07
2.29680588e-01  1.56853078e-07
2.28133058e-01  1.61349533e-07
2.26001981e-01  1.67359779e-07
2.22323375e-01  1.78860085e-07
2.18644768e-01  1.93616201e-07
2.16754556e-01  2.03193912e-07
2.14966161e-01  2.12177158e-07
2.11287554e-01  2.33227165e-07
2.07608947e-01  2.45081788e-07
2.03930341e-01  2.51368328e-07
2.02168880e-01  2.55002082e-07
2.00251734e-01  2.57914498e-07
1.96573127e-01  2.74740208e-07
1.92894520e-01  2.95677249e-07
1.89482015e-01  3.18925748e-07
1.89215913e-01  3.20761956e-07
1.85537307e-01  3.48146453e-07
1.81858700e-01  3.81597817e-07
1.80107225e-01  3.97530713e-07
1.78180093e-01  4.15430417e-07
1.74501486e-01  4.49048784e-07
1.70822879e-01  4.88982730e-07
1.70308406e-01  4.93865996e-07
1.67144272e-01  5.17393970e-07
1.63465666e-01  5.47181566e-07
1.59787059e-01  5.83514798e-07
1.58072778e-01  6.11542503e-07
1.56108452e-01  6.46986771e-07
1.52429845e-01  7.24182861e-07
1.50976964e-01  7.54822222e-07
1.48751238e-01  8.02000943e-07
1.45072632e-01  8.71728460e-07
1.42462139e-01  9.28718974e-07
1.41394025e-01  9.48919290e-07
1.37715418e-01  1.02524484e-06
1.34036811e-01  1.12936851e-06
1.33706103e-01  1.13911181e-06
1.30358204e-01  1.25625762e-06
1.27118836e-01  1.39287214e-06
1.26679598e-01  1.40860459e-06
1.23000991e-01  1.54809484e-06
1.19801149e-01  1.69800582e-06
1.19322384e-01  1.72221540e-06
1.15643777e-01  1.92028086e-06
1.13375992e-01  2.06381127e-06
1.11965170e-01  2.16293110e-06
1.08286563e-01  2.45674900e-06
1.07763346e-01  2.50105489e-06
1.04607957e-01  2.74803246e-06
1.01711249e-01  3.02216499e-06
1.00929350e-01  3.12176934e-06
9.72507430e-02  3.63768079e-06
9.72247186e-02  3.64144531e-06
9.35721362e-02  4.07943519e-06
9.15030422e-02  4.37530946e-06
8.98935294e-02  4.68730243e-06
8.72559994e-02  5.24253724e-06
8.62149226e-02  5.45181531e-06
8.26432620e-02  6.26455413e-06
8.25363158e-02  6.29501429e-06
7.88577090e-02  7.40248520e-06
7.86578322e-02  7.46573474e-06
7.51791022e-02  8.67668619e-06
7.46477956e-02  8.87373134e-06
7.15004954e-02  1.02911457e-05
7.10105666e-02  1.05198282e-05
6.78218885e-02  1.23093619e-05
6.75944836e-02  1.24393225e-05
6.43214217e-02  1.46719325e-05
6.41432817e-02  1.48204291e-05
6.11899627e-02  1.72622328e-05
6.04646749e-02  1.80168929e-05
5.82445388e-02  2.02601182e-05
5.67860681e-02  2.21317952e-05
5.54856405e-02  2.37212948e-05
5.31381420e-02  2.77077989e-05
5.31074613e-02  2.77632630e-05
5.04276938e-02  3.22885434e-05
4.94288545e-02  3.50051082e-05
4.83537037e-02  3.75398912e-05
4.60175117e-02  4.35462539e-05
4.57502477e-02  4.47070521e-05
4.41518524e-02  5.04007159e-05
4.20789305e-02  5.82056813e-05
4.20716409e-02  5.82486323e-05
4.02019908e-02  6.70735434e-05
3.85233377e-02  7.71273729e-05
3.83930341e-02  7.81448404e-05
3.66980034e-02  8.85016250e-05
3.53419996e-02  1.01342860e-04
3.47144272e-02  1.07658539e-04
3.36555515e-02  1.15810479e-04
3.23936712e-02  1.32077466e-04
3.11390839e-02  1.50331135e-04
3.10358204e-02  1.52391788e-04
2.96932431e-02  1.70773888e-04
2.86076855e-02  1.93623959e-04
2.75308893e-02  2.19116162e-04
2.73572136e-02  2.25650872e-04
2.64147838e-02  2.47502629e-04
2.52610935e-02  2.79053530e-04
2.43380842e-02  3.14057776e-04
2.37595761e-02  3.52823703e-04
2.36786068e-02  3.57534363e-04
2.25422078e-02  3.95679725e-04
2.15963703e-02  4.42974955e-04
2.09836122e-02  4.95079791e-04
2.03213895e-02  5.52386459e-04
2.00000000e-02  5.92958017e-04
