# ATLAS \\(2022)  (HNLimits id: atlas_2022)
# Scenario: 100, single electron-flavor dominance
# Nature: Majorana
# Category: experimental
# Source metadata: local_HNL_database.xlsx
# Source metadata SHA256: aa9346350fd2354af29b71c3a4c6d2da1c5454abd6cef3b780dd1dd858f56783
# Source URL: https://raw.githubusercontent.com/mhostert/Heavy-Neutrino-Limits/main/src/HNLimits/include/local_HNL_database.xlsx
# Transformations: HNLimits unit, CL, and Dirac/Majorana rules
# mass_GeV  U2
# bottom
1.27899195e+01  5.00142555e-07
1.27858827e+01  4.89874461e-07
1.27807545e+01  4.79817176e-07
1.27777778e+01  4.75095572e-07
1.27744899e+01  4.69966369e-07
1.27670570e+01  4.60317803e-07
1.27592593e+01  4.51754512e-07
1.27584386e+01  4.50867325e-07
1.27485663e+01  4.41610869e-07
1.27407407e+01  4.35209903e-07
1.27374334e+01  4.32544451e-07
1.27249841e+01  4.23664169e-07
1.27222222e+01  4.21904853e-07
1.27111764e+01  4.14966203e-07
1.27037037e+01  4.10748796e-07
1.26959781e+01  4.06446809e-07
1.26851852e+01  4.01008414e-07
1.26793429e+01  3.98102320e-07
1.26666667e+01  3.92362412e-07
1.26612260e+01  3.89929147e-07
1.26481481e+01  3.84578235e-07
1.26415831e+01  3.81923772e-07
1.26296296e+01  3.77483267e-07
1.26203711e+01  3.74082750e-07
1.26111111e+01  3.70946594e-07
1.25975480e+01  3.66402706e-07
1.25925926e+01  3.64867068e-07
1.25740741e+01  3.59185658e-07
1.25730705e+01  3.58880337e-07
1.25555556e+01  3.53935549e-07
1.25468898e+01  3.51512404e-07
1.25370370e+01  3.48949782e-07
1.25189793e+01  3.44295737e-07
1.25185185e+01  3.44185055e-07
1.25000000e+01  3.39763153e-07
1.24891375e+01  3.37227231e-07
1.24814815e+01  3.35557972e-07
1.24629630e+01  3.31663333e-07
1.24562601e+01  3.30303844e-07
1.24444444e+01  3.28062449e-07
1.24259259e+01  3.24679668e-07
1.24193531e+01  3.23522596e-07
1.24074074e+01  3.21553476e-07
1.23888889e+01  3.18616632e-07
1.23775055e+01  3.16880569e-07
1.23703704e+01  3.15860621e-07
1.23518519e+01  3.13313647e-07
1.23333333e+01  3.10871412e-07
1.23294185e+01  3.10374906e-07
1.23148148e+01  3.08637547e-07
1.22962963e+01  3.06525925e-07
1.22777778e+01  3.04505623e-07
1.22729734e+01  3.04002806e-07
1.22592593e+01  3.02655676e-07
1.22407407e+01  3.00916127e-07
1.22222222e+01  2.99256327e-07
1.22047297e+01  2.97761527e-07
1.22037037e+01  2.97679207e-07
1.21851852e+01  2.96257806e-07
1.21666667e+01  2.94906083e-07
1.21481481e+01  2.93622272e-07
1.21296296e+01  2.92404638e-07
1.21175076e+01  2.91648384e-07
1.21111111e+01  2.91273648e-07
1.20925926e+01  2.90244187e-07
1.20740741e+01  2.89272439e-07
1.20555556e+01  2.88356868e-07
1.20370370e+01  2.87495963e-07
1.20185185e+01  2.86688238e-07
1.20000000e+01  2.85932226e-07
1.19929024e+01  2.85660745e-07
1.19814815e+01  2.85250642e-07
1.19629630e+01  2.84630318e-07
1.19444444e+01  2.84054834e-07
1.19259259e+01  2.83522893e-07
1.19074074e+01  2.83033214e-07
1.18888889e+01  2.82584538e-07
1.18703704e+01  2.82175626e-07
1.18518519e+01  2.81805259e-07
1.18333333e+01  2.81472236e-07
1.18148148e+01  2.81175377e-07
1.17962963e+01  2.80913523e-07
1.17777778e+01  2.80685532e-07
1.17592593e+01  2.80490283e-07
1.17407407e+01  2.80325492e-07
1.17222222e+01  2.80187007e-07
1.17037037e+01  2.80073823e-07
1.16851852e+01  2.79985381e-07
1.16666667e+01  2.79921146e-07
1.16481481e+01  2.79880598e-07
1.16296296e+01  2.79863234e-07
1.16111111e+01  2.79868568e-07
1.15925926e+01  2.79896129e-07
1.15740741e+01  2.79945460e-07
1.15555556e+01  2.80016118e-07
1.15370370e+01  2.80107674e-07
1.15185185e+01  2.80219710e-07
1.15000000e+01  2.80351823e-07
1.14814815e+01  2.80503619e-07
1.14629630e+01  2.80674715e-07
1.14444444e+01  2.80864739e-07
1.14259259e+01  2.81073331e-07
1.14074074e+01  2.81300137e-07
1.13888889e+01  2.81544816e-07
1.13703704e+01  2.81807033e-07
1.13518519e+01  2.82086463e-07
1.13333333e+01  2.82382789e-07
1.11851852e+01  2.85326048e-07
1.11666667e+01  2.85766948e-07
1.11481481e+01  2.86241255e-07
1.11296296e+01  2.86730115e-07
1.11111111e+01  2.87233273e-07
1.10925926e+01  2.87750479e-07
1.10740741e+01  2.88281487e-07
1.10555556e+01  2.88826059e-07
1.10370370e+01  2.89383958e-07
1.10185185e+01  2.89954955e-07
1.10000000e+01  2.90538825e-07
1.09814815e+01  2.91135347e-07
1.09629630e+01  2.91749562e-07
1.09444444e+01  2.92404727e-07
1.09259259e+01  2.93072458e-07
1.09074074e+01  2.93752535e-07
1.08888889e+01  2.94444746e-07
1.08703704e+01  2.95148882e-07
1.08518519e+01  2.95864736e-07
1.08333333e+01  2.96592108e-07
1.08148148e+01  2.97330800e-07
1.08042052e+01  2.97761527e-07
1.07962963e+01  2.98097960e-07
1.07777778e+01  2.98899966e-07
1.07592593e+01  2.99713172e-07
1.07407407e+01  3.00537382e-07
1.07222222e+01  3.01372403e-07
1.07037037e+01  3.02218048e-07
1.06851852e+01  3.03074129e-07
1.06666667e+01  3.03940467e-07
1.06481481e+01  3.04860815e-07
1.06296296e+01  3.05794815e-07
1.06111111e+01  3.06738912e-07
1.05925926e+01  3.07692924e-07
1.05740741e+01  3.08656676e-07
1.05555556e+01  3.09629991e-07
1.05370370e+01  3.10626017e-07
1.05185185e+01  3.11673490e-07
1.05000000e+01  3.12730518e-07
1.04814815e+01  3.13796932e-07
1.04629630e+01  3.14872572e-07
1.04444444e+01  3.15957276e-07
1.04259259e+01  3.17062532e-07
1.04074074e+01  3.18240439e-07
1.03888889e+01  3.19427847e-07
1.03703704e+01  3.20624602e-07
1.03518519e+01  3.21830555e-07
1.03333333e+01  3.23045560e-07
1.03148148e+01  3.24322251e-07
1.02962963e+01  3.25642259e-07
1.02777778e+01  3.26971783e-07
1.02592593e+01  3.28310682e-07
1.02407407e+01  3.29658819e-07
1.02319705e+01  3.30303844e-07
1.02222222e+01  3.31066939e-07
1.02037037e+01  3.32530979e-07
1.01851852e+01  3.34004794e-07
1.01666667e+01  3.35488254e-07
1.01481481e+01  3.36967953e-07
1.01448638e+01  3.37227231e-07
1.01296296e+01  3.38467449e-07
1.01111111e+01  3.39925638e-07
1.00925926e+01  3.41332168e-07
1.00740741e+01  3.42689298e-07
1.00555556e+01  3.44012616e-07
1.00370370e+01  3.45393167e-07
1.00185185e+01  3.46797943e-07
1.00000000e+01  3.48211971e-07
9.98148148e+00  3.49685687e-07
9.96296296e+00  3.51265415e-07
9.94444444e+00  3.53019066e-07
9.92592593e+00  3.54883556e-07
9.90740741e+00  3.56828409e-07
9.88888889e+00  3.58811950e-07
9.87037037e+00  3.60882831e-07
9.85185185e+00  3.62963178e-07
9.83333333e+00  3.65050730e-07
9.81481481e+00  3.67175861e-07
9.79629630e+00  3.69361891e-07
9.77777778e+00  3.71554444e-07
9.75925926e+00  3.73754232e-07
9.74074074e+00  3.76033902e-07
9.72222222e+00  3.78332225e-07
9.70370370e+00  3.80637183e-07
9.69339697e+00  3.81923772e-07
9.68518519e+00  3.82987797e-07
9.66666667e+00  3.85392426e-07
9.64814815e+00  3.87804570e-07
9.62962963e+00  3.90231310e-07
9.61111111e+00  3.92747774e-07
9.59259259e+00  3.95277353e-07
9.57407407e+00  3.97797783e-07
9.55555556e+00  4.00432748e-07
9.53703704e+00  4.03081472e-07
9.51851852e+00  4.05726886e-07
9.50000000e+00  4.08469436e-07
9.48148148e+00  4.11244790e-07
9.46296296e+00  4.14014450e-07
9.44444444e+00  4.16872554e-07
9.42592593e+00  4.19772827e-07
9.40740741e+00  4.22664812e-07
9.38888889e+00  4.25646013e-07
9.37037037e+00  4.28668949e-07
9.35185185e+00  4.31680921e-07
9.33333333e+00  4.34792167e-07
9.31481481e+00  4.37935097e-07
9.29629630e+00  4.41064311e-07
9.27777778e+00  4.44311904e-07
9.25925926e+00  4.47571763e-07
9.24074074e+00  4.50815090e-07
9.22222222e+00  4.54204644e-07
9.20370370e+00  4.57577990e-07
9.18518519e+00  4.60963451e-07
9.16666667e+00  4.64468332e-07
9.14814815e+00  4.67951369e-07
9.12962963e+00  4.71486017e-07
9.11111111e+00  4.75099443e-07
9.09259259e+00  4.78688051e-07
9.07407407e+00  4.82375435e-07
9.05555556e+00  4.86093002e-07
9.03703704e+00  4.89782754e-07
9.01851852e+00  4.93625576e-07
9.00000000e+00  4.97442592e-07
8.98148148e+00  5.01283835e-07
8.96296296e+00  5.05228871e-07
8.94444444e+00  5.09140388e-07
8.93739602e+00  5.10625874e-07
8.92592593e+00  5.13138939e-07
8.90740741e+00  5.17176337e-07
8.88888889e+00  5.21177176e-07
8.88818713e+00  5.21328930e-07
8.87037037e+00  5.25333245e-07
8.85185185e+00  5.29457605e-07
8.83920652e+00  5.32256330e-07
8.83333333e+00  5.33607067e-07
8.81481481e+00  5.37855213e-07
8.79629630e+00  5.42060955e-07
8.79032695e+00  5.43412775e-07
8.77777778e+00  5.46365157e-07
8.75925926e+00  5.50691955e-07
8.74148500e+00  5.54803067e-07
8.74074074e+00  5.54981876e-07
8.72222222e+00  5.59429722e-07
8.70370370e+00  5.63829266e-07
8.69267499e+00  5.66432107e-07
8.68518519e+00  5.68267834e-07
8.66666667e+00  5.72785375e-07
8.64814815e+00  5.77251661e-07
8.64376748e+00  5.78304899e-07
8.62962963e+00  5.81834365e-07
8.61111111e+00  5.86415454e-07
8.59472364e+00  5.90426552e-07
8.59259259e+00  5.90968100e-07
8.57407407e+00  5.95663607e-07
8.55555556e+00  6.00302038e-07
8.54550072e+00  6.02802284e-07
8.53703704e+00  6.04987028e-07
8.51851852e+00  6.09736443e-07
8.50000000e+00  6.14425981e-07
8.49598975e+00  6.15437419e-07
8.48148148e+00  6.19235524e-07
8.46296296e+00  6.24032516e-07
8.44614176e+00  6.28337395e-07
8.44444444e+00  6.28788236e-07
8.42592593e+00  6.33691996e-07
8.40740741e+00  6.38530244e-07
8.39590417e+00  6.41507763e-07
8.38888889e+00  6.43392293e-07
8.37037037e+00  6.48333609e-07
8.35185185e+00  6.53206818e-07
8.34516633e+00  6.54954190e-07
8.33333333e+00  6.58163752e-07
8.31481481e+00  6.63136274e-07
8.29629630e+00  6.68038197e-07
8.29385104e+00  6.68682464e-07
8.27777778e+00  6.73077200e-07
8.25925926e+00  6.78074637e-07
8.24188314e+00  6.82698491e-07
8.24074074e+00  6.83013961e-07
8.22222222e+00  6.88105913e-07
8.20370370e+00  6.93122043e-07
8.18917288e+00  6.97008304e-07
8.18518519e+00  6.98115072e-07
8.16666667e+00  7.03221815e-07
8.14814815e+00  7.08250489e-07
8.13559796e+00  7.11618060e-07
8.12962963e+00  7.13280047e-07
8.11111111e+00  7.18395412e-07
8.09259259e+00  7.23430569e-07
8.08104365e+00  7.26534045e-07
8.07407407e+00  7.28477821e-07
8.05555556e+00  7.33595723e-07
8.03703704e+00  7.38631382e-07
8.02538005e+00  7.41762680e-07
8.01851852e+00  7.43675739e-07
8.00000000e+00  7.48790178e-07
7.98148148e+00  7.53820440e-07
7.96845883e+00  7.57310517e-07
7.96296296e+00  7.58839446e-07
7.94444444e+00  7.63944497e-07
7.92592593e+00  7.68963537e-07
7.91010918e+00  7.73184247e-07
7.90740741e+00  7.73932741e-07
7.88888889e+00  7.79022549e-07
7.87037037e+00  7.84023646e-07
7.85185185e+00  7.88929161e-07
7.85008086e+00  7.89390701e-07
7.83333333e+00  7.93926302e-07
7.81481481e+00  7.98821489e-07
7.79629630e+00  8.03592189e-07
7.78698551e+00  8.05936853e-07
7.77777778e+00  8.08347468e-07
7.75925926e+00  8.13082937e-07
7.74074074e+00  8.17686393e-07
7.72222222e+00  8.22157316e-07
7.71936833e+00  8.22829823e-07
7.70370370e+00  8.26669905e-07
7.68518519e+00  8.31074668e-07
7.66666667e+00  8.35339016e-07
7.64814815e+00  8.39462407e-07
7.64530577e+00  8.40076881e-07
7.62962963e+00  8.43604920e-07
7.61111111e+00  8.47627937e-07
7.59259259e+00  8.51501537e-07
7.57407407e+00  8.55225088e-07
7.56134396e+00  8.57685449e-07
7.55555556e+00  8.58851035e-07
7.53703704e+00  8.62435834e-07
7.51851852e+00  8.65861278e-07
7.50000000e+00  8.69126560e-07
7.48148148e+00  8.72122744e-07
7.46296296e+00  8.74751643e-07
7.45556397e+00  8.75663104e-07
7.44444444e+00  8.77093214e-07
7.42592593e+00  8.79123668e-07
7.40740741e+00  8.80813494e-07
7.38888889e+00  8.82176140e-07
7.37037037e+00  8.83224514e-07
7.35185185e+00  8.83971042e-07
7.33333333e+00  8.84427715e-07
7.31481481e+00  8.84606140e-07
7.29629630e+00  8.84517581e-07
7.27777778e+00  8.84173004e-07
7.25925926e+00  8.83583116e-07
7.24074074e+00  8.82758403e-07
7.22222222e+00  8.81709169e-07
7.20370370e+00  8.80445563e-07
7.18518519e+00  8.78977616e-07
7.16666667e+00  8.77315272e-07
7.14814815e+00  8.75477331e-07
7.12962963e+00  8.73548449e-07
7.11111111e+00  8.71462367e-07
7.09259259e+00  8.69228501e-07
7.07407407e+00  8.66856304e-07
7.05555556e+00  8.64355284e-07
7.03703704e+00  8.61742003e-07
7.01851852e+00  8.59035908e-07
7.00000000e+00  8.56345711e-07
6.98148148e+00  8.53677418e-07
6.96296296e+00  8.50967405e-07
6.94444444e+00  8.48220945e-07
6.92592593e+00  8.45443495e-07
6.90740741e+00  8.42640691e-07
6.88888889e+00  8.39831484e-07
6.87037037e+00  8.37139848e-07
6.85185185e+00  8.34441466e-07
6.83333333e+00  8.31742345e-07
6.81481481e+00  8.29048620e-07
6.79629630e+00  8.26366554e-07
6.77777778e+00  8.23702519e-07
6.75925926e+00  8.21153048e-07
6.74074074e+00  8.18677884e-07
6.72222222e+00  8.16238931e-07
6.70370370e+00  8.13842566e-07
6.68518519e+00  8.11495208e-07
6.66666667e+00  8.09203304e-07
6.64814815e+00  8.06973313e-07
6.62962963e+00  8.04869430e-07
6.61111111e+00  8.02890034e-07
6.59259259e+00  8.00988110e-07
6.57407407e+00  7.99169675e-07
6.55555556e+00  7.97440673e-07
6.53703704e+00  7.95806963e-07
6.51851852e+00  7.94274302e-07
6.50000000e+00  7.92848327e-07
6.48148148e+00  7.91534536e-07
6.46296296e+00  7.90338278e-07
6.44444444e+00  7.89271312e-07
6.42592593e+00  7.88375024e-07
6.40740741e+00  7.87604539e-07
6.38888889e+00  7.86964142e-07
6.37037037e+00  7.86457894e-07
6.35185185e+00  7.86089617e-07
6.33333333e+00  7.85862882e-07
6.31481481e+00  7.85780994e-07
6.29629630e+00  7.85846981e-07
6.27777778e+00  7.86063585e-07
6.25925926e+00  7.86433245e-07
6.24074074e+00  7.86958095e-07
6.22222222e+00  7.87639948e-07
6.20370370e+00  7.88480293e-07
6.18518519e+00  7.89485437e-07
6.16666667e+00  7.90712889e-07
6.14814815e+00  7.92111051e-07
6.12962963e+00  7.93680157e-07
6.11111111e+00  7.95420069e-07
6.09259259e+00  7.97330278e-07
6.07407407e+00  7.99409901e-07
6.05555556e+00  8.01657677e-07
6.03703704e+00  8.04071973e-07
6.01851852e+00  8.06693328e-07
6.00000000e+00  8.09598358e-07
5.98148148e+00  8.12673555e-07
5.96296296e+00  8.15915759e-07
5.94444444e+00  8.19321437e-07
5.92592593e+00  8.22890153e-07
5.90740741e+00  8.26838113e-07
5.88888889e+00  8.30947722e-07
5.87037037e+00  8.35213866e-07
5.85185185e+00  8.39631083e-07
5.83333333e+00  8.44449688e-07
5.81481481e+00  8.49445913e-07
5.79629630e+00  8.54585441e-07
5.78548484e+00  8.57685449e-07
5.77777778e+00  8.59998532e-07
5.75925926e+00  8.65746142e-07
5.74074074e+00  8.71625537e-07
5.72222222e+00  8.77754232e-07
5.70370370e+00  8.84265623e-07
5.68518519e+00  8.90893379e-07
5.67667926e+00  8.94017583e-07
5.66666667e+00  8.97862218e-07
5.64814815e+00  9.05139963e-07
5.62962963e+00  9.12514662e-07
5.62904014e+00  9.12756784e-07
5.61111111e+00  9.20450117e-07
5.59259259e+00  9.28486181e-07
5.58491626e+00  9.31888770e-07
5.57407407e+00  9.36907859e-07
5.55555556e+00  9.45624658e-07
5.54341214e+00  9.51421776e-07
5.53703704e+00  9.54599036e-07
5.51851852e+00  9.64013525e-07
5.50419508e+00  9.71364207e-07
5.50000000e+00  9.73610923e-07
5.48148148e+00  9.83737323e-07
5.46697874e+00  9.91724644e-07
5.46296296e+00  9.94031791e-07
5.44444444e+00  1.00488126e-06
5.43151401e+00  1.01251185e-06
5.42592593e+00  1.01595043e-06
5.40740741e+00  1.02753076e-06
5.39758184e+00  1.03373477e-06
5.38888889e+00  1.03945568e-06
5.37037037e+00  1.05177093e-06
5.36498781e+00  1.05540253e-06
5.35185185e+00  1.06463584e-06
5.33356887e+00  1.07752447e-06
5.33333333e+00  1.07769744e-06
5.31481481e+00  1.09157819e-06
5.30347267e+00  1.10011010e-06
5.29629630e+00  1.10573097e-06
5.27777778e+00  1.12036839e-06
5.27428468e+00  1.12316913e-06
5.25925926e+00  1.13570693e-06
5.24612349e+00  1.14671150e-06
5.24074074e+00  1.15138703e-06
5.22222222e+00  1.16762038e-06
5.21869663e+00  1.17074733e-06
5.20370370e+00  1.18437678e-06
5.19173246e+00  1.19528697e-06
5.18518519e+00  1.20140023e-06
5.16666667e+00  1.21878227e-06
5.16502821e+00  1.22034098e-06
5.14814815e+00  1.23678561e-06
5.13879189e+00  1.24592014e-06
5.12962963e+00  1.25507956e-06
5.11270349e+00  1.27203545e-06
5.11111111e+00  1.27367184e-06
5.09259259e+00  1.29302435e-06
5.08722214e+00  1.29869815e-06
5.07407407e+00  1.31297794e-06
5.06225921e+00  1.32591973e-06
5.05555556e+00  1.33346526e-06
5.03772546e+00  1.35371188e-06
5.03703704e+00  1.35451482e-06
5.01851852e+00  1.37650238e-06
5.01386466e+00  1.38208658e-06
5.00000000e+00  1.39915867e-06
4.99057053e+00  1.41105603e-06
4.98148148e+00  1.42281413e-06
4.96819540e+00  1.44063270e-06
4.96296296e+00  1.44781897e-06
4.94672066e+00  1.47082931e-06
4.94444444e+00  1.47412977e-06
4.92592593e+00  1.50163446e-06
4.92590991e+00  1.50165887e-06
4.90740741e+00  1.53047629e-06
4.90573357e+00  1.53313463e-06
4.88888889e+00  1.56045143e-06
4.88596980e+00  1.56527015e-06
4.87037037e+00  1.59154383e-06
4.86655204e+00  1.59807925e-06
4.85185185e+00  1.62373227e-06
4.84742154e+00  1.63157605e-06
4.83333333e+00  1.65699048e-06
4.82852584e+00  1.66577496e-06
4.81481481e+00  1.69128725e-06
4.80981755e+00  1.70069071e-06
4.79629630e+00  1.72658659e-06
4.79125327e+00  1.73633831e-06
4.77777778e+00  1.76284783e-06
4.77279281e+00  1.77273312e-06
4.75925926e+00  1.80002567e-06
4.75439837e+00  1.80989078e-06
4.74074074e+00  1.83807033e-06
4.73603384e+00  1.84782728e-06
4.72222222e+00  1.87692751e-06
4.71766425e+00  1.88655897e-06
4.70370370e+00  1.91653842e-06
4.69925505e+00  1.92610249e-06
4.68518519e+00  1.95683976e-06
4.68077160e+00  1.96647488e-06
4.66666667e+00  1.99776358e-06
4.66217846e+00  2.00769349e-06
4.64814815e+00  2.03923717e-06
4.64343878e+00  2.04977608e-06
4.62962963e+00  2.08118285e-06
4.62451351e+00  2.09274074e-06
4.61111111e+00  2.12351767e-06
4.60536057e+00  2.13660598e-06
4.59259259e+00  2.16615306e-06
4.58593428e+00  2.18139065e-06
4.57407407e+00  2.20900724e-06
4.56619890e+00  2.22711404e-06
4.55555556e+00  2.25203275e-06
4.54609503e+00  2.27379583e-06
4.53703704e+00  2.29464593e-06
4.52239108e+00  2.32145610e-06
4.51851852e+00  2.32829984e-06
4.50000000e+00  2.35797547e-06
4.49343712e+00  2.37011535e-06
4.48148148e+00  2.39223426e-06
4.46914286e+00  2.41979454e-06
4.46296296e+00  2.43357513e-06
4.44755155e+00  2.47051504e-06
4.44444444e+00  2.47810240e-06
4.42640747e+00  2.52229867e-06
4.42592593e+00  2.52350099e-06
4.40740741e+00  2.57005285e-06
4.40537966e+00  2.57516772e-06
4.38888889e+00  2.61753308e-06
4.38437732e+00  2.62914494e-06
4.37037037e+00  2.66586291e-06
4.36336334e+00  2.68425356e-06
4.35185185e+00  2.71502714e-06
4.34232213e+00  2.74051729e-06
4.33333333e+00  2.76500854e-06
4.32123814e+00  2.79796035e-06
4.31481481e+00  2.81578775e-06
4.30009575e+00  2.85660745e-06
4.29629630e+00  2.86734312e-06
4.27887921e+00  2.91648384e-06
4.27777778e+00  2.91965057e-06
4.25925926e+00  2.97296711e-06
4.25764474e+00  2.97761527e-06
4.24074074e+00  3.02720181e-06
4.23635459e+00  3.04002806e-06
4.22222222e+00  3.08214583e-06
4.21494508e+00  3.10374906e-06
4.20370370e+00  3.13776812e-06
4.19339934e+00  3.16880569e-06
4.18518519e+00  3.19403446e-06
4.17169979e+00  3.23522596e-06
4.16666667e+00  3.25090722e-06
4.14982806e+00  3.30303844e-06
4.14814815e+00  3.30834510e-06
4.12962963e+00  3.36666056e-06
4.12784076e+00  3.37227231e-06
4.11111111e+00  3.42583206e-06
4.10571683e+00  3.44295737e-06
4.09259259e+00  3.48549642e-06
4.08336619e+00  3.51512404e-06
4.07407407e+00  3.54560122e-06
4.06076623e+00  3.58880337e-06
4.05555556e+00  3.60608897e-06
4.03789272e+00  3.66402706e-06
4.03703704e+00  3.66689664e-06
4.01851852e+00  3.72875369e-06
4.01486563e+00  3.74082750e-06
4.00000000e+00  3.79114073e-06
3.99161805e+00  3.81923772e-06
3.98148148e+00  3.85388054e-06
3.96814734e+00  3.89929147e-06
3.96296296e+00  3.91752939e-06
3.94455565e+00  3.98102320e-06
3.94444444e+00  3.98141892e-06
3.92592593e+00  4.04702122e-06
3.92095282e+00  4.06446809e-06
3.90740741e+00  4.11329950e-06
3.89722393e+00  4.14966203e-06
3.88888889e+00  4.18025848e-06
3.87338872e+00  4.23664169e-06
3.87037037e+00  4.24793335e-06
3.85185185e+00  4.31700664e-06
3.84958741e+00  4.32544451e-06
3.83333333e+00  4.38776060e-06
3.82588258e+00  4.41610869e-06
3.81481481e+00  4.45944702e-06
3.80215432e+00  4.50867325e-06
3.79629630e+00  4.53212042e-06
3.77842827e+00  4.60317803e-06
3.77777778e+00  4.60584155e-06
3.75925926e+00  4.68203942e-06
3.75495975e+00  4.69966369e-06
3.74074074e+00  4.75968407e-06
3.73158038e+00  4.79817176e-06
3.72222222e+00  4.83866456e-06
3.70828234e+00  4.89874461e-06
3.70370370e+00  4.91906861e-06
3.68518519e+00  5.00102394e-06
3.68509519e+00  5.00142555e-06
3.66666667e+00  5.08611322e-06
3.66227457e+00  5.10625874e-06
3.64814815e+00  5.17298089e-06
3.63960460e+00  5.21328930e-06
3.62962963e+00  5.26174706e-06
3.61710703e+00  5.32256330e-06
3.61111111e+00  5.35254245e-06
3.59480273e+00  5.43412775e-06
3.59259259e+00  5.44550897e-06
3.57407407e+00  5.54132569e-06
3.57278783e+00  5.54803067e-06
3.55555556e+00  5.64045361e-06
3.55111860e+00  5.66432107e-06
3.53703704e+00  5.74223549e-06
3.52968932e+00  5.78304899e-06
3.51851852e+00  5.84685325e-06
3.50851518e+00  5.90426552e-06
3.50000000e+00  5.95450204e-06
3.48761003e+00  6.02802284e-06
3.48148148e+00  6.06539072e-06
3.46698627e+00  6.15437419e-06
3.46296296e+00  6.17974233e-06
3.44665484e+00  6.28337395e-06
3.44444444e+00  6.29779449e-06
3.42662509e+00  6.41507763e-06
3.42592593e+00  6.41979973e-06
3.40740741e+00  6.54628081e-06
3.40693586e+00  6.54954190e-06
3.38888889e+00  6.67748540e-06
3.38758695e+00  6.68682464e-06
3.37037037e+00  6.81335234e-06
3.36853913e+00  6.82698491e-06
3.35185185e+00  6.95417805e-06
3.34979423e+00  6.97008304e-06
3.33333333e+00  7.10027379e-06
3.33135244e+00  7.11618060e-06
3.31481481e+00  7.25196557e-06
3.31321231e+00  7.26534045e-06
3.29629630e+00  7.40959405e-06
3.29537075e+00  7.41762680e-06
3.27782636e+00  7.57310517e-06
3.27777778e+00  7.57354586e-06
3.26065861e+00  7.73184247e-06
3.25925926e+00  7.74504025e-06
3.24379406e+00  7.89390701e-06
3.24074074e+00  7.92385936e-06
3.22722371e+00  8.05936853e-06
3.22222222e+00  8.11042107e-06
3.21093700e+00  8.22829823e-06
3.20370370e+00  8.30515593e-06
3.19492195e+00  8.40076881e-06
3.18518519e+00  8.50850626e-06
3.17918237e+00  8.57685449e-06
3.16666667e+00  8.72119924e-06
3.16370286e+00  8.75663104e-06
3.14852832e+00  8.94017583e-06
3.14814815e+00  8.94487110e-06
3.13392761e+00  9.12756784e-06
3.12962963e+00  9.18325630e-06
3.11959540e+00  9.31888770e-06
3.11111111e+00  9.43432191e-06
3.10549833e+00  9.51421776e-06
3.09259259e+00  9.69875278e-06
3.09160018e+00  9.71364207e-06
3.07827353e+00  9.91724644e-06
3.07407407e+00  9.98180442e-06
3.06521595e+00  1.01251185e-05
3.05555556e+00  1.02814018e-05
3.05227928e+00  1.03373477e-05
3.03969314e+00  1.05540253e-05
3.03703704e+00  1.06002748e-05
3.02754621e+00  1.07752447e-05
3.01851852e+00  1.09408335e-05
3.01542452e+00  1.10011010e-05
3.00368030e+00  1.12316913e-05
3.00000000e+00  1.13044062e-05
2.99236765e+00  1.14671150e-05
2.98148148e+00  1.16965199e-05
2.98100652e+00  1.17074733e-05
2.97057189e+00  1.19528697e-05
2.96296296e+00  1.21293106e-05
2.96004800e+00  1.22034098e-05
2.95005017e+00  1.24592014e-05
2.94444444e+00  1.26017838e-05
2.94020045e+00  1.27203545e-05
2.93064053e+00  1.29869815e-05
2.92592593e+00  1.31181389e-05
2.92132000e+00  1.32591973e-05
2.91219964e+00  1.35371188e-05
2.90740741e+00  1.36825557e-05
2.90327760e+00  1.38208658e-05
2.89459824e+00  1.41105603e-05
2.88888889e+00  1.42991399e-05
2.88595582e+00  1.44063270e-05
2.87771813e+00  1.47082931e-05
2.87037037e+00  1.49718696e-05
2.86924669e+00  1.50165887e-05
2.86145018e+00  1.53313463e-05
2.85325501e+00  1.56527015e-05
2.85185185e+00  1.57084637e-05
2.84569302e+00  1.59807925e-05
2.83796029e+00  1.63157605e-05
2.83333333e+00  1.65147506e-05
2.83035397e+00  1.66577496e-05
2.82309675e+00  1.70069071e-05
2.81548996e+00  1.73633831e-05
2.81481481e+00  1.73956610e-05
2.80861838e+00  1.77273312e-05
2.80152496e+00  1.80989078e-05
2.79629630e+00  1.83697796e-05
2.79443146e+00  1.84782728e-05
2.78784091e+00  1.88655897e-05
2.78093958e+00  1.92610249e-05
2.77777778e+00  1.94426870e-05
2.77434708e+00  1.96647488e-05
2.76796187e+00  2.00769349e-05
2.76128055e+00  2.04977608e-05
2.75925926e+00  2.06264448e-05
2.75507636e+00  2.09274074e-05
2.74892167e+00  2.13660598e-05
2.74248710e+00  2.18139065e-05
2.74074074e+00  2.19370157e-05
2.73656017e+00  2.22711404e-05
2.73065957e+00  2.27379583e-05
2.72449662e+00  2.32145610e-05
2.72222222e+00  2.33920051e-05
2.71873815e+00  2.37011535e-05
2.71311304e+00  2.41979454e-05
2.70724411e+00  2.47051504e-05
2.70370370e+00  2.50107421e-05
2.70154840e+00  2.52229867e-05
2.69621751e+00  2.57516772e-05
2.69066207e+00  2.62914494e-05
2.68518519e+00  2.68143787e-05
2.68492750e+00  2.68425356e-05
2.67990654e+00  2.74051729e-05
2.67468076e+00  2.79796035e-05
2.66924529e+00  2.85660745e-05
2.66666667e+00  2.88462403e-05
2.66411220e+00  2.91648384e-05
2.65922866e+00  2.97761527e-05
2.65415649e+00  3.04002806e-05
2.64889223e+00  3.10374906e-05
2.64814815e+00  3.11296668e-05
2.64423327e+00  3.16880569e-05
2.63953306e+00  3.23522596e-05
2.63466273e+00  3.30303844e-05
2.62962963e+00  3.37214983e-05
2.62962190e+00  3.37227231e-05
2.62529829e+00  3.44295737e-05
2.62082597e+00  3.51512404e-05
2.61620398e+00  3.58880337e-05
2.61143172e+00  3.66402706e-05
2.61111111e+00  3.66923060e-05
2.60730191e+00  3.74082750e-05
2.60309929e+00  3.81923772e-05
2.59876679e+00  3.89929147e-05
2.59430142e+00  3.98102320e-05
2.59259259e+00  4.01301990e-05
2.59021444e+00  4.06446809e-05
2.58624780e+00  4.14966203e-05
2.58216144e+00  4.23664169e-05
2.57794209e+00  4.32544451e-05
2.57407407e+00  4.40603493e-05
2.57365488e+00  4.41610869e-05
2.56985907e+00  4.50867325e-05
2.56594008e+00  4.60317803e-05
2.56189025e+00  4.69966369e-05
2.55770192e+00  4.79817176e-05
2.55555556e+00  4.84878489e-05
2.55373016e+00  4.89874461e-05
2.54999574e+00  5.00142555e-05
2.54613966e+00  5.10625874e-05
2.54215546e+00  5.21328930e-05
2.53803677e+00  5.32256330e-05
2.53703704e+00  5.34943124e-05
2.53433776e+00  5.43412775e-05
2.53069854e+00  5.54803067e-05
2.52694332e+00  5.66432107e-05
2.52306705e+00  5.78304899e-05
2.51906484e+00  5.90426552e-05
2.51851852e+00  5.92112389e-05
2.51556772e+00  6.02802284e-05
2.51206443e+00  6.15437419e-05
2.50845502e+00  6.28337395e-05
2.50473599e+00  6.41507763e-05
2.50090417e+00  6.54954190e-05
2.50000000e+00  6.58184240e-05
2.49750975e+00  6.68682464e-05
2.49418878e+00  6.82698491e-05
2.49077562e+00  6.97008304e-05
2.48726848e+00  7.11618060e-05
2.48366598e+00  7.26534045e-05
2.48148148e+00  7.35655417e-05
2.48024796e+00  7.41762680e-05
2.47715944e+00  7.57310517e-05
2.47399634e+00  7.73184247e-05
2.47075863e+00  7.89390701e-05
2.46744674e+00  8.05936853e-05
2.46406159e+00  8.22829823e-05
2.46296296e+00  8.28438292e-05
2.46104994e+00  8.40076881e-05
2.45819133e+00  8.57685449e-05
2.45528045e+00  8.75663104e-05
2.45231946e+00  8.94017583e-05
2.44931191e+00  9.12756784e-05
2.44626711e+00  9.31888770e-05
2.44444444e+00  9.43662878e-05
2.44344094e+00  9.51421776e-05
2.44095283e+00  9.71364207e-05
2.43845873e+00  9.91724644e-05
2.43596378e+00  1.01251185e-04
2.43347339e+00  1.03373477e-04
2.43099322e+00  1.05540253e-04
2.42852916e+00  1.07752447e-04
2.42608735e+00  1.10011010e-04
2.42592593e+00  1.10169037e-04
2.42410244e+00  1.12316913e-04
2.42217531e+00  1.14671150e-04
2.42028060e+00  1.17074733e-04
2.41842387e+00  1.19528697e-04
2.41661078e+00  1.22034098e-04
2.41484711e+00  1.24592014e-04
2.41313872e+00  1.27203545e-04
2.41149151e+00  1.29869815e-04
2.40991144e+00  1.32591973e-04
2.40840448e+00  1.35371188e-04
2.40740741e+00  1.37362745e-04
2.40705760e+00  1.38208658e-04
2.40596650e+00  1.41105603e-04
2.40494815e+00  1.44063270e-04
2.40400728e+00  1.47082931e-04
2.40314858e+00  1.50165887e-04
2.40237945e+00  1.53313463e-04
2.40172795e+00  1.56527015e-04
2.40120153e+00  1.59807925e-04
2.40080102e+00  1.63157605e-04
2.40052671e+00  1.66577496e-04
2.40037845e+00  1.70069071e-04
2.40035560e+00  1.73633831e-04
2.40045709e+00  1.77273312e-04
2.40068141e+00  1.80989078e-04
2.40102671e+00  1.84782728e-04
2.40149073e+00  1.88655897e-04
2.40207093e+00  1.92610249e-04
2.40276445e+00  1.96647488e-04
2.40356817e+00  2.00769349e-04
2.40447874e+00  2.04977608e-04
2.40549262e+00  2.09274074e-04
2.40660612e+00  2.13660598e-04
2.40740741e+00  2.16622050e-04
2.40790343e+00  2.18139065e-04
2.40948381e+00  2.22711404e-04
2.41116846e+00  2.27379583e-04

# top
2.41295218e+00  2.32145610e-04
2.41482978e+00  2.37011535e-04
2.41679611e+00  2.41979454e-04
2.41884606e+00  2.47051504e-04
2.42097465e+00  2.52229867e-04
2.42317698e+00  2.57516772e-04
2.42544835e+00  2.62914494e-04
2.42592593e+00  2.64029212e-04
2.42816206e+00  2.68425356e-04
2.43104083e+00  2.74051729e-04
2.43398181e+00  2.79796035e-04
2.43698007e+00  2.85660745e-04
2.44003091e+00  2.91648384e-04
2.44312712e+00  2.97761527e-04
2.44444444e+00  3.00354832e-04
2.44662052e+00  3.04002806e-04
2.45042172e+00  3.10374906e-04
2.45427897e+00  3.16880569e-04
2.45819759e+00  3.23522596e-04
2.46218318e+00  3.30303844e-04
2.46296296e+00  3.31614761e-04
2.46685297e+00  3.37227231e-04
2.47175440e+00  3.44295737e-04
2.47674874e+00  3.51512404e-04
2.48148148e+00  3.58346522e-04
2.48190969e+00  3.58880337e-04
2.48805156e+00  3.66402706e-04
2.49432451e+00  3.74082750e-04
2.50000000e+00  3.81001706e-04
2.50087175e+00  3.81923772e-04
2.50860040e+00  3.89929147e-04
2.51652403e+00  3.98102320e-04
2.51851852e+00  4.00114415e-04
2.52573326e+00  4.06446809e-04
2.53557062e+00  4.14966203e-04
2.53703704e+00  4.16199930e-04
2.54724445e+00  4.23664169e-04
2.55555556e+00  4.29592815e-04
2.56034701e+00  4.32544451e-04
2.57407407e+00  4.40666586e-04
2.57594119e+00  4.41610869e-04
2.59259259e+00  4.49651806e-04
2.59553725e+00  4.50867325e-04
2.61111111e+00  4.56983227e-04
2.62108261e+00  4.60317803e-04
2.62962963e+00  4.63026189e-04
2.64814815e+00  4.67963247e-04
2.65720624e+00  4.69966369e-04
2.66666667e+00  4.71935085e-04
2.68518519e+00  4.75056160e-04
2.70370370e+00  4.77508395e-04
2.72222222e+00  4.79343534e-04
2.72912730e+00  4.79817176e-04
2.74074074e+00  4.80559034e-04
2.75925926e+00  4.81256606e-04
2.77777778e+00  4.81548264e-04
2.79629630e+00  4.81559020e-04
2.81481481e+00  4.81289160e-04
2.83333333e+00  4.80732624e-04
2.85185185e+00  4.79885493e-04
2.85294701e+00  4.79817176e-04
2.87037037e+00  4.78671573e-04
2.88888889e+00  4.77140920e-04
2.90740741e+00  4.75301987e-04
2.92592593e+00  4.73161427e-04
2.94444444e+00  4.70728885e-04
2.94954381e+00  4.69966369e-04
2.96296296e+00  4.67879464e-04
2.98148148e+00  4.64693349e-04
3.00000000e+00  4.61244007e-04
3.00436274e+00  4.60317803e-04
3.01851852e+00  4.57225165e-04
3.03703704e+00  4.52691546e-04
3.04373296e+00  4.50867325e-04
3.05555556e+00  4.47588262e-04
3.07407407e+00  4.42079901e-04
3.07551772e+00  4.41610869e-04
3.09259259e+00  4.36018685e-04
3.10268254e+00  4.32544451e-04
3.11111111e+00  4.29631980e-04
3.12761211e+00  4.23664169e-04
3.12962963e+00  4.22935033e-04
3.14814815e+00  4.15882293e-04
3.15044279e+00  4.14966203e-04
3.16666667e+00  4.08545970e-04
3.17177396e+00  4.06446809e-04
3.18518519e+00  4.01002648e-04
3.19207361e+00  3.98102320e-04
3.20370370e+00  3.93282330e-04
3.21151249e+00  3.89929147e-04
3.22222222e+00  3.85416717e-04
3.23022987e+00  3.81923772e-04
3.24074074e+00  3.77438396e-04
3.24834092e+00  3.74082750e-04
3.25925926e+00  3.69377277e-04
3.26590676e+00  3.66402706e-04
3.27777778e+00  3.61222007e-04
3.28292970e+00  3.58880337e-04
3.29629630e+00  3.52966111e-04
3.29944332e+00  3.51512404e-04
3.31481481e+00  3.44613947e-04
3.31549222e+00  3.44295737e-04
3.33080478e+00  3.37227231e-04
3.33333333e+00  3.36091105e-04
3.34558641e+00  3.30303844e-04
3.35185185e+00  3.27441435e-04
3.35998706e+00  3.23522596e-04
3.37037037e+00  3.18695951e-04
3.37406214e+00  3.16880569e-04
3.38771495e+00  3.10374906e-04
3.38888889e+00  3.09824152e-04
3.40055727e+00  3.04002806e-04
3.40740741e+00  3.00722841e-04
3.41320166e+00  2.97761527e-04
3.42567964e+00  2.91648384e-04
3.42592593e+00  2.91528575e-04
3.43715952e+00  2.85660745e-04
3.44444444e+00  2.82030608e-04
3.44860332e+00  2.79796035e-04
3.45961267e+00  2.74051729e-04
3.46296296e+00  2.72342813e-04
3.47003820e+00  2.68425356e-04
3.48047252e+00  2.62914494e-04
3.48148148e+00  2.62384855e-04
3.48996409e+00  2.57516772e-04
3.49969987e+00  2.52229867e-04
3.50000000e+00  2.52067714e-04
3.50850598e+00  2.47051504e-04
3.51793264e+00  2.41979454e-04
3.51851852e+00  2.41673275e-04
3.52671957e+00  2.37011535e-04
3.53609190e+00  2.32145610e-04
3.53703704e+00  2.31670204e-04
3.54487421e+00  2.27379583e-04
3.55418812e+00  2.22711404e-04
3.55555556e+00  2.22049391e-04
3.56297188e+00  2.18139065e-04
3.57222328e+00  2.13660598e-04
3.57407407e+00  2.12798235e-04
3.58101446e+00  2.09274074e-04
3.59019933e+00  2.04977608e-04
3.59259259e+00  2.03904418e-04
3.59900385e+00  2.00769349e-04
3.60811821e+00  1.96647488e-04
3.61111111e+00  1.95355911e-04
3.61694187e+00  1.92610249e-04
3.62598182e+00  1.88655897e-04
3.62962963e+00  1.87140978e-04
3.63483034e+00  1.84782728e-04
3.64379204e+00  1.80989078e-04
3.64814815e+00  1.79248177e-04
3.65267106e+00  1.77273312e-04
3.66155073e+00  1.73633831e-04
3.66666667e+00  1.71666364e-04
3.67046578e+00  1.70069071e-04
3.67925975e+00  1.66577496e-04
3.68518519e+00  1.64384686e-04
3.68821628e+00  1.63157605e-04
3.69692094e+00  1.59807925e-04
3.70370370e+00  1.57392587e-04
3.70592432e+00  1.56527015e-04
3.71454239e+00  1.53313463e-04
3.72222222e+00  1.50689377e-04
3.72363364e+00  1.50165887e-04
3.73228526e+00  1.47082931e-04
3.74074074e+00  1.44344797e-04
3.74154719e+00  1.44063270e-04
3.75030953e+00  1.41105603e-04
3.75925926e+00  1.38368921e-04
3.75974883e+00  1.38208658e-04
3.76868043e+00  1.35371188e-04
3.77777778e+00  1.32752583e-04
3.77830307e+00  1.32591973e-04
3.78747277e+00  1.29869815e-04
3.79629630e+00  1.27486993e-04
3.79729302e+00  1.27203545e-04
3.80678299e+00  1.24592014e-04
3.81481481e+00  1.22564373e-04
3.81682887e+00  1.22034098e-04
3.82673864e+00  1.19528697e-04
3.83333333e+00  1.17978555e-04
3.83706004e+00  1.17074733e-04
3.84751221e+00  1.14671150e-04
3.85185185e+00  1.13725573e-04
3.85819338e+00  1.12316913e-04
3.86934171e+00  1.10011010e-04
3.87037037e+00  1.09804291e-04
3.88052101e+00  1.07752447e-04
3.88888889e+00  1.06177658e-04
3.89230633e+00  1.05540253e-04
3.90446462e+00  1.03373477e-04
3.90740741e+00  1.02869442e-04
3.91710480e+00  1.01251185e-04
3.92592593e+00  9.98592426e-05
3.93047994e+00  9.91724644e-05
3.94444444e+00  9.71638875e-05
3.94464877e+00  9.71364207e-05
3.95981051e+00  9.51421776e-05
3.96296296e+00  9.47423944e-05
3.97642652e+00  9.31888770e-05
3.98148148e+00  9.26215114e-05
3.99509181e+00  9.12756784e-05
4.00000000e+00  9.07984952e-05
4.01499248e+00  8.94017583e-05
4.01851852e+00  8.90778648e-05
4.03409017e+00  8.75663104e-05
4.03703704e+00  8.72855813e-05
4.05231923e+00  8.57685449e-05
4.05555556e+00  8.54543535e-05
4.07004600e+00  8.40076881e-05
4.07407407e+00  8.36152803e-05
4.08755084e+00  8.22829823e-05
4.09259259e+00  8.17971301e-05
4.10486026e+00  8.05936853e-05
4.11111111e+00  7.99915505e-05
4.12126039e+00  7.89390701e-05
4.12962963e+00  7.80839700e-05
4.13648402e+00  7.73184247e-05
4.14814815e+00  7.60362196e-05
4.15065506e+00  7.57310517e-05
4.16347526e+00  7.41762680e-05
4.16666667e+00  7.37916963e-05
4.17503966e+00  7.26534045e-05
4.18518519e+00  7.13027212e-05
4.18612432e+00  7.11618060e-05
4.19605005e+00  6.97008304e-05
4.20370370e+00  6.86747886e-05
4.20688978e+00  6.82698491e-05
4.21889562e+00  6.68682464e-05
4.22222222e+00  6.65088146e-05
4.23232320e+00  6.54954190e-05
4.24074074e+00  6.47170809e-05
4.24741485e+00  6.41507763e-05
4.25925926e+00  6.32052163e-05
4.26437269e+00  6.28337395e-05
4.27777778e+00  6.19006814e-05
4.28343811e+00  6.15437419e-05
4.29629630e+00  6.07543476e-05
4.30482105e+00  6.02802284e-05
4.31481481e+00  5.97315032e-05
4.32859790e+00  5.90426552e-05
4.33333333e+00  5.88061733e-05
4.35185185e+00  5.79496543e-05
4.35464698e+00  5.78304899e-05
4.37037037e+00  5.71501036e-05
4.38386750e+00  5.66432107e-05
4.38888889e+00  5.64505884e-05
4.40740741e+00  5.58613619e-05
4.42377591e+00  5.54803067e-05
4.42592593e+00  5.54282214e-05
4.44444444e+00  5.51585690e-05
4.46296296e+00  5.51015156e-05
4.48148148e+00  5.52901645e-05
4.48896249e+00  5.54803067e-05
4.50000000e+00  5.57539981e-05
4.51851852e+00  5.63944692e-05
4.52525001e+00  5.66432107e-05
4.53703704e+00  5.70735818e-05
4.55555556e+00  5.78064821e-05
4.55613496e+00  5.78304899e-05
4.57407407e+00  5.85674053e-05
4.58482772e+00  5.90426552e-05
4.59259259e+00  5.93833889e-05
4.61111111e+00  6.02518654e-05
4.61169153e+00  6.02802284e-05
4.62962963e+00  6.11532781e-05
4.63721856e+00  6.15437419e-05
4.64814815e+00  6.21057232e-05
4.66202665e+00  6.28337395e-05
4.66666667e+00  6.30781577e-05
4.68518519e+00  6.40545099e-05
4.68704821e+00  6.41507763e-05
4.70370370e+00  6.50193641e-05
4.71287994e+00  6.54954190e-05
4.72222222e+00  6.59856274e-05
4.73920783e+00  6.68682464e-05
4.74074074e+00  6.69489902e-05
4.75925926e+00  6.78788491e-05
4.76732483e+00  6.82698491e-05
4.77777778e+00  6.87859891e-05
4.79629630e+00  6.96660197e-05
4.79711515e+00  6.97008304e-05
4.81481481e+00  7.04712938e-05
4.83181848e+00  7.11618060e-05
4.83333333e+00  7.12249924e-05
4.85185185e+00  7.18592640e-05
4.87037037e+00  7.23743586e-05
4.88147193e+00  7.26534045e-05
4.88888889e+00  7.28376454e-05
4.90740741e+00  7.34163621e-05
4.92592593e+00  7.41400562e-05
4.92671344e+00  7.41762680e-05
4.94444444e+00  7.49939154e-05
4.95763946e+00  7.57310517e-05
4.96296296e+00  7.60301846e-05
4.98148148e+00  7.73025641e-05
4.98167625e+00  7.73184247e-05
5.00000000e+00  7.88404039e-05
5.00109657e+00  7.89390701e-05
5.01851852e+00  8.05445431e-05
5.01905523e+00  8.05936853e-05
5.03703704e+00  8.22794629e-05
5.03707482e+00  8.22829823e-05
5.05518889e+00  8.40076881e-05
5.05555556e+00  8.40434225e-05
5.07337726e+00  8.57685449e-05
5.07407407e+00  8.58375709e-05
5.09164534e+00  8.75663104e-05
5.09259259e+00  8.76616481e-05
5.11000128e+00  8.94017583e-05
5.11111111e+00  8.95152012e-05
5.12844769e+00  9.12756784e-05
5.12962963e+00  9.13986150e-05
5.14686180e+00  9.31888770e-05
5.14814815e+00  9.33260901e-05
5.16519957e+00  9.51421776e-05
5.16666667e+00  9.53025927e-05
5.18348907e+00  9.71364207e-05
5.18518519e+00  9.73211992e-05
5.20300600e+00  9.91724644e-05
5.20370370e+00  9.92417216e-05
5.22222222e+00  1.00981182e-04
5.22524636e+00  1.01251185e-04
5.24074074e+00  1.02572454e-04
5.25056229e+00  1.03373477e-04
5.25925926e+00  1.04054556e-04
5.27777778e+00  1.05448222e-04
5.27906604e+00  1.05540253e-04
5.29629630e+00  1.06720416e-04
5.31191336e+00  1.07752447e-04
5.31481481e+00  1.07935716e-04
5.33333333e+00  1.09042909e-04
5.35016809e+00  1.10011010e-04
5.35185185e+00  1.10103120e-04
5.37037037e+00  1.11055906e-04
5.38888889e+00  1.11966837e-04
5.39644688e+00  1.12316913e-04
5.40740741e+00  1.12796802e-04
5.42592593e+00  1.13559014e-04
5.44444444e+00  1.14276998e-04
5.45536311e+00  1.14671150e-04
5.46296296e+00  1.14928848e-04
5.48148148e+00  1.15508067e-04
5.50000000e+00  1.16042618e-04
5.51851852e+00  1.16531648e-04
5.53703704e+00  1.16974467e-04
5.54174951e+00  1.17074733e-04
5.55555556e+00  1.17349778e-04
5.57407407e+00  1.17673373e-04
5.59259259e+00  1.17952316e-04
5.61111111e+00  1.18186890e-04
5.62962963e+00  1.18377479e-04
5.64814815e+00  1.18524571e-04
5.66666667e+00  1.18628753e-04
5.68518519e+00  1.18690711e-04
5.70370370e+00  1.18711227e-04
5.72222222e+00  1.18691169e-04
5.74074074e+00  1.18631351e-04
5.75925926e+00  1.18532772e-04
5.77777778e+00  1.18396621e-04
5.79629630e+00  1.18224185e-04
5.81481481e+00  1.18016840e-04
5.83333333e+00  1.17776046e-04
5.85185185e+00  1.17503329e-04
5.87037037e+00  1.17200282e-04
5.87731468e+00  1.17074733e-04
5.88888889e+00  1.16851191e-04
5.90740741e+00  1.16462218e-04
5.92592593e+00  1.16045780e-04
5.94444444e+00  1.15603769e-04
5.96296296e+00  1.15138090e-04
5.98068783e+00  1.14671150e-04
5.98148148e+00  1.14648957e-04
6.00000000e+00  1.14099599e-04
6.01851852e+00  1.13530769e-04
6.03703704e+00  1.12944510e-04
6.05555556e+00  1.12342837e-04
6.05631761e+00  1.12316913e-04
6.07407407e+00  1.11679670e-04
6.09259259e+00  1.11001924e-04
6.11111111e+00  1.10313757e-04
6.11903336e+00  1.10011010e-04
6.12962963e+00  1.09585592e-04
6.14814815e+00  1.08826117e-04
6.16666667e+00  1.08061591e-04
6.17398891e+00  1.07752447e-04
6.18518519e+00  1.07257848e-04
6.20370370e+00  1.06428381e-04
6.22222222e+00  1.05599407e-04
6.22350711e+00  1.05540253e-04
6.24074074e+00  1.04713413e-04
6.25925926e+00  1.03827149e-04
6.26864220e+00  1.03373477e-04
6.27777778e+00  1.02914542e-04
6.29629630e+00  1.01975746e-04
6.31062278e+00  1.01251185e-04
6.31481481e+00  1.01031564e-04
6.33333333e+00  1.00045636e-04
6.34989900e+00  9.91724644e-05
6.35185185e+00  9.90661495e-05
6.37037037e+00  9.80390288e-05
6.38685499e+00  9.71364207e-05
6.38888889e+00  9.70217312e-05
6.40740741e+00  9.59597838e-05
6.42182502e+00  9.51421776e-05
6.42592593e+00  9.49033597e-05
6.44444444e+00  9.38132594e-05
6.45510449e+00  9.31888770e-05
6.46296296e+00  9.27175234e-05
6.48148148e+00  9.16061303e-05
6.48695761e+00  9.12756784e-05
6.50000000e+00  9.04719467e-05
6.51756423e+00  8.94017583e-05
6.51851852e+00  8.93424943e-05
6.53703704e+00  8.81753710e-05
6.54677422e+00  8.75663104e-05
6.55555556e+00  8.70079643e-05
6.57407407e+00  8.58373253e-05
6.57514748e+00  8.57685449e-05
6.59259259e+00  8.46352424e-05
6.60232237e+00  8.40076881e-05
6.61111111e+00  8.34340373e-05
6.62885349e+00  8.22829823e-05
6.62962963e+00  8.22321188e-05
6.64814815e+00  8.10033693e-05
6.65433842e+00  8.05936853e-05
6.66666667e+00  7.97715755e-05
6.67919501e+00  7.89390701e-05
6.68518519e+00  7.85387016e-05
6.70348808e+00  7.73184247e-05
6.70370370e+00  7.73039903e-05
6.72222222e+00  7.60487525e-05
6.72691157e+00  7.57310517e-05
6.74074074e+00  7.47925541e-05
6.74982290e+00  7.41762680e-05
6.75925926e+00  7.35359367e-05
6.77225372e+00  7.26534045e-05
6.77777778e+00  7.22788417e-05
6.79422248e+00  7.11618060e-05
6.79629630e+00  7.10213938e-05
6.81481481e+00  6.97607110e-05
6.81568661e+00  6.97008304e-05
6.83333333e+00  6.84980144e-05
6.83668494e+00  6.82698491e-05
6.85185185e+00  6.72484564e-05
6.85750834e+00  6.68682464e-05
6.87037037e+00  6.60133655e-05
6.87818065e+00  6.54954190e-05
6.88888889e+00  6.47934875e-05
6.89871971e+00  6.41507763e-05
6.90740741e+00  6.35895382e-05
6.91914291e+00  6.28337395e-05
6.92592593e+00  6.24022010e-05
6.93946732e+00  6.15437419e-05
6.94444444e+00  6.12321246e-05
6.95970976e+00  6.02802284e-05
6.96296296e+00  6.00799223e-05
6.97988693e+00  5.90426552e-05
6.98148148e+00  5.89461708e-05
7.00000000e+00  5.78313661e-05
7.00001457e+00  5.78304899e-05
7.01851852e+00  5.67317290e-05
7.02001908e+00  5.66432107e-05
7.03703704e+00  5.56522716e-05
7.04001192e+00  5.54803067e-05
7.05555556e+00  5.45933804e-05
7.06000949e+00  5.43412775e-05
7.07407407e+00  5.35554097e-05
7.08002866e+00  5.32256330e-05
7.09259259e+00  5.25386831e-05
7.10008691e+00  5.21328930e-05
7.11111111e+00  5.15434950e-05
7.12020248e+00  5.10625874e-05
7.12962963e+00  5.05701125e-05
7.14039457e+00  5.00142555e-05
7.14814815e+00  4.96187778e-05
7.16068355e+00  4.89874461e-05
7.16666667e+00  4.86897100e-05
7.18109114e+00  4.79817176e-05
7.18518519e+00  4.77831078e-05
7.20164072e+00  4.69966369e-05
7.20370370e+00  4.68991520e-05
7.22222222e+00  4.60377155e-05
7.22235123e+00  4.60317803e-05
7.24074074e+00  4.51945162e-05
7.24315316e+00  4.50867325e-05
7.25925926e+00  4.43742684e-05
7.26417728e+00  4.41610869e-05
7.27777778e+00  4.35770865e-05
7.28545725e+00  4.32544451e-05
7.29629630e+00  4.28030831e-05
7.30703068e+00  4.23664169e-05
7.31481481e+00  4.20523717e-05
7.32893987e+00  4.14966203e-05
7.33333333e+00  4.13250705e-05
7.35123264e+00  4.06446809e-05
7.35185185e+00  4.06213056e-05
7.37037037e+00  3.99350874e-05
7.37383863e+00  3.98102320e-05
7.38888889e+00  3.92713113e-05
7.39692271e+00  3.89929147e-05
7.40740741e+00  3.86312226e-05
7.42058148e+00  3.81923772e-05
7.42592593e+00  3.80149943e-05
7.44444444e+00  3.74221461e-05
7.44488872e+00  3.74082750e-05
7.46296296e+00  3.68449254e-05
7.46981276e+00  3.66402706e-05
7.48148148e+00  3.62918869e-05
7.49563153e+00  3.58880337e-05
7.50000000e+00  3.57633141e-05
7.51851852e+00  3.52482056e-05
7.52204894e+00  3.51512404e-05
7.53703704e+00  3.47391594e-05
7.54857180e+00  3.44295737e-05
7.55555556e+00  3.42419265e-05
7.57407407e+00  3.37548390e-05
7.57530422e+00  3.37227231e-05
7.59259259e+00  3.32707498e-05
7.60202267e+00  3.30303844e-05
7.61111111e+00  3.27983826e-05
7.62904353e+00  3.23522596e-05
7.62962963e+00  3.23376553e-05
7.64814815e+00  3.18790888e-05
7.65606010e+00  3.16880569e-05
7.66666667e+00  3.14314618e-05
7.68340056e+00  3.10374906e-05
7.68518519e+00  3.09953855e-05
7.70370370e+00  3.05627732e-05
7.71082746e+00  3.04002806e-05
7.72222222e+00  3.01397069e-05
7.73858415e+00  2.97761527e-05
7.74074074e+00  2.97281036e-05
7.75925926e+00  2.93202157e-05
7.76648990e+00  2.91648384e-05
7.77777778e+00  2.89214967e-05
7.79477525e+00  2.85660745e-05
7.79629630e+00  2.85341598e-05
7.81481481e+00  2.81497141e-05
7.82324258e+00  2.79796035e-05
7.83333333e+00  2.77751146e-05
7.85185185e+00  2.74115124e-05
7.85217762e+00  2.74051729e-05
7.87037037e+00  2.70495157e-05
7.88132143e+00  2.68425356e-05
7.88888889e+00  2.66988124e-05
7.90740741e+00  2.63561365e-05
7.91096460e+00  2.62914494e-05
7.92592593e+00  2.60178782e-05
7.94101727e+00  2.57516772e-05
7.94444444e+00  2.56908718e-05
7.96296296e+00  2.53678324e-05
7.97151633e+00  2.52229867e-05
7.98148148e+00  2.50530947e-05
8.00000000e+00  2.47464734e-05
8.00252128e+00  2.47051504e-05
8.01851852e+00  2.44399655e-05
8.03357282e+00  2.41979454e-05
8.03703704e+00  2.41415694e-05
8.05555556e+00  2.38432974e-05
8.06457968e+00  2.37011535e-05
8.07407407e+00  2.35495701e-05
8.09259259e+00  2.32603597e-05
8.09555047e+00  2.32145610e-05
8.11111111e+00  2.29700628e-05
8.12628542e+00  2.27379583e-05
8.12962963e+00  2.26860162e-05
8.14814815e+00  2.24006463e-05
8.15671000e+00  2.22711404e-05
8.16666667e+00  2.21180564e-05
8.18518519e+00  2.18390539e-05
8.18686062e+00  2.18139065e-05
8.20370370e+00  2.15566974e-05
8.21646308e+00  2.13660598e-05
8.22222222e+00  2.12784697e-05
8.24074074e+00  2.09997399e-05
8.24558839e+00  2.09274074e-05
8.25925926e+00  2.07195918e-05
8.27411575e+00  2.04977608e-05
8.27777778e+00  2.04420280e-05
8.29629630e+00  2.01615758e-05
8.30193412e+00  2.00769349e-05
8.31481481e+00  1.98796771e-05
8.32904030e+00  1.96647488e-05
8.33333333e+00  1.95985533e-05
8.35185185e+00  1.93143305e-05
8.35533552e+00  1.92610249e-05
8.37037037e+00  1.90260457e-05
8.38072651e+00  1.88655897e-05
8.38888889e+00  1.87363420e-05
8.40528980e+00  1.84782728e-05
8.40740741e+00  1.84445921e-05
8.42592593e+00  1.81525988e-05
8.42938220e+00  1.80989078e-05
8.44444444e+00  1.78684932e-05
8.45386287e+00  1.77273312e-05
8.46296296e+00  1.75928913e-05
8.47882636e+00  1.73633831e-05
8.48148148e+00  1.73254837e-05
8.50000000e+00  1.70643074e-05
8.50413453e+00  1.70069071e-05
8.51851852e+00  1.68096202e-05
8.52983765e+00  1.66577496e-05
8.53703704e+00  1.65622368e-05
8.55555556e+00  1.63217467e-05
8.55601977e+00  1.63157605e-05
8.57407407e+00  1.60852625e-05
8.58244715e+00  1.59807925e-05
8.59259259e+00  1.58553692e-05
8.60937266e+00  1.56527015e-05
8.61111111e+00  1.56318811e-05
8.62962963e+00  1.54120485e-05
8.63656659e+00  1.53313463e-05
8.64814815e+00  1.51975898e-05
8.66420231e+00  1.50165887e-05
8.66666667e+00  1.49889868e-05
8.68518519e+00  1.47836148e-05
8.69211068e+00  1.47082931e-05
8.70370370e+00  1.45829012e-05
8.72043731e+00  1.44063270e-05
8.72222222e+00  1.43875838e-05
8.74074074e+00  1.41946932e-05
8.74899374e+00  1.41105603e-05
8.75925926e+00  1.40063160e-05
8.77777778e+00  1.38228743e-05
8.77798155e+00  1.38208658e-05
8.79629630e+00  1.36408733e-05
8.80712668e+00  1.35371188e-05
8.81481481e+00  1.34636407e-05
8.83333333e+00  1.32899905e-05
8.83665297e+00  1.32591973e-05
8.85185185e+00  1.31184209e-05
8.86641424e+00  1.29869815e-05
8.87037037e+00  1.29513083e-05
8.88888889e+00  1.27862007e-05
8.89641220e+00  1.27203545e-05
8.90740741e+00  1.26241373e-05
8.92592593e+00  1.24660040e-05
8.92672683e+00  1.24592014e-05
8.94444444e+00  1.23086231e-05
8.95715217e+00  1.22034098e-05
8.96296296e+00  1.21552497e-05
8.98148148e+00  1.20039197e-05
8.98782588e+00  1.19528697e-05
9.00000000e+00  1.18547411e-05
9.01851852e+00  1.17092597e-05
9.01874677e+00  1.17074733e-05
9.03703704e+00  1.15639856e-05
9.04971192e+00  1.14671150e-05
9.05555556e+00  1.14223302e-05
9.07407407e+00  1.12823100e-05
9.08087367e+00  1.12316913e-05
9.09259259e+00  1.11441495e-05
9.11111111e+00  1.10090908e-05
9.11221211e+00  1.10011010e-05
9.12962963e+00  1.08741649e-05
9.14356167e+00  1.07752447e-05
9.14814815e+00  1.07425350e-05
9.16666667e+00  1.06119100e-05
9.17502179e+00  1.05540253e-05
9.18518519e+00  1.04832916e-05
9.20370370e+00  1.03570694e-05
9.20662128e+00  1.03373477e-05
9.22222222e+00  1.02313879e-05
9.23828855e+00  1.01251185e-05
9.24074074e+00  1.01088195e-05
9.25925926e+00  9.98667862e-06
9.27002823e+00  9.91724644e-06
9.27777778e+00  9.86702488e-06
9.29629630e+00  9.74906333e-06
9.30193573e+00  9.71364207e-06
9.31481481e+00  9.63231026e-06
9.33333333e+00  9.51841347e-06
9.33401944e+00  9.51421776e-06
9.35185185e+00  9.40454632e-06
9.36617730e+00  9.31888770e-06
9.37037037e+00  9.29366942e-06
9.38888889e+00  9.18360299e-06
9.39852252e+00  9.12756784e-06
9.40740741e+00  9.07557116e-06
9.42592593e+00  8.96935025e-06
9.43108537e+00  8.94017583e-06
9.44444444e+00  8.86414894e-06
9.46296296e+00  8.76165888e-06
9.46387822e+00  8.75663104e-06
9.48148148e+00  8.65927365e-06
9.49683853e+00  8.57685449e-06
9.50000000e+00  8.55977008e-06
9.51851852e+00  8.46081789e-06
9.53004706e+00  8.40076881e-06
9.53703704e+00  8.36409538e-06
9.55555556e+00  8.26865657e-06
9.56354484e+00  8.22829823e-06
9.57407407e+00  8.17470303e-06
9.59259259e+00  8.08266748e-06
9.59735195e+00  8.05936853e-06
9.61111111e+00  7.99147188e-06
9.62962963e+00  7.90273188e-06
9.63149131e+00  7.89390701e-06
9.64814815e+00  7.81428443e-06
9.66597488e+00  7.73184247e-06
9.66666667e+00  7.72861581e-06
9.68518519e+00  7.64302744e-06
9.70081863e+00  7.57310517e-06
9.70370370e+00  7.56008544e-06
9.72222222e+00  7.47759234e-06
9.73609777e+00  7.41762680e-06
9.74074074e+00  7.39737242e-06
9.75925926e+00  7.31787578e-06
9.77185211e+00  7.26534045e-06
9.77777778e+00  7.24037559e-06
9.79629630e+00  7.16378008e-06
9.80812776e+00  7.11618060e-06
9.81481481e+00  7.08899974e-06
9.83333333e+00  7.01521365e-06
9.84497827e+00  6.97008304e-06
9.85185185e+00  6.94315609e-06
9.87037037e+00  6.87209150e-06
9.88246611e+00  6.82698491e-06
9.88888889e+00  6.80276273e-06
9.90740741e+00  6.73433571e-06
9.92066438e+00  6.68682464e-06
9.92592593e+00  6.66774514e-06
9.94444444e+00  6.60187586e-06
9.95965895e+00  6.54954190e-06
9.96296296e+00  6.53803666e-06
9.98148148e+00  6.47464957e-06
9.99955122e+00  6.41507763e-06
1.00000000e+01  6.41357902e-06
1.00185185e+01  6.35199005e-06
1.00370370e+01  6.29153518e-06
1.00395311e+01  6.28337395e-06
1.00555556e+01  6.23027456e-06
1.00740741e+01  6.16991055e-06
1.00788488e+01  6.15437419e-06
1.00925926e+01  6.10910100e-06
1.01111111e+01  6.04897387e-06
1.01175969e+01  6.02802284e-06
1.01296296e+01  5.98868418e-06
1.01481481e+01  5.92893083e-06
1.01558520e+01  5.90426552e-06
1.01666667e+01  5.86923047e-06
1.01851852e+01  5.80997848e-06
1.01936848e+01  5.78304899e-06
1.02037037e+01  5.75093705e-06
1.02222222e+01  5.69230459e-06
1.02311616e+01  5.66432107e-06
1.02407407e+01  5.63399134e-06
1.02592593e+01  5.57608716e-06
1.02683447e+01  5.54803067e-06
1.02777778e+01  5.51857056e-06
1.02962963e+01  5.46149410e-06
1.03052934e+01  5.43412775e-06
1.03148148e+01  5.40484160e-06
1.03333333e+01  5.34868312e-06
1.03420651e+01  5.32256330e-06
1.03518519e+01  5.29296087e-06
1.03703704e+01  5.23780159e-06
1.03786994e+01  5.21328930e-06
1.03888889e+01  5.18290204e-06
1.04074074e+01  5.12824626e-06
1.04149067e+01  5.10625874e-06
1.04259259e+01  5.07347595e-06
1.04444444e+01  5.01895117e-06
1.04504178e+01  5.00142555e-06
1.04629630e+01  4.96404668e-06
1.04814815e+01  4.90948829e-06
1.04851262e+01  4.89874461e-06
1.05000000e+01  4.85418439e-06
1.05185185e+01  4.79943121e-06
1.05189421e+01  4.79817176e-06
1.05370370e+01  4.74344529e-06
1.05516776e+01  4.69966369e-06
1.05555556e+01  4.68786256e-06
1.05740741e+01  4.63136372e-06
1.05833493e+01  4.60317803e-06
1.05925926e+01  4.57457335e-06
1.06111111e+01  4.51744266e-06
1.06139390e+01  4.50867325e-06
1.06296296e+01  4.45908508e-06
1.06432834e+01  4.41610869e-06
1.06481481e+01  4.40049397e-06
1.06666667e+01  4.34081417e-06
1.06714146e+01  4.32544451e-06
1.06851852e+01  4.28018434e-06
1.06985857e+01  4.23664169e-06
1.07037037e+01  4.22014649e-06
1.07222222e+01  4.16115113e-06
1.07258625e+01  4.14966203e-06
1.07407407e+01  4.10310192e-06
1.07533083e+01  4.06446809e-06
1.07592593e+01  4.04632284e-06
1.07777778e+01  3.99055990e-06
1.07809709e+01  3.98102320e-06
1.07962963e+01  3.93559860e-06
1.08087665e+01  3.89929147e-06
1.08148148e+01  3.88180971e-06
1.08333333e+01  3.82893499e-06
1.08367575e+01  3.81923772e-06
1.08518519e+01  3.77677992e-06
1.08648634e+01  3.74082750e-06
1.08703704e+01  3.72570963e-06
1.08888889e+01  3.67542493e-06
1.08931248e+01  3.66402706e-06
1.09074074e+01  3.62582685e-06
1.09214975e+01  3.58880337e-06
1.09259259e+01  3.57723415e-06
1.09444444e+01  3.52928028e-06
1.09499704e+01  3.51512404e-06
1.09629630e+01  3.48201680e-06
1.09785626e+01  3.44295737e-06
1.09814815e+01  3.43568607e-06
1.10000000e+01  3.38983707e-06
1.10071870e+01  3.37227231e-06
1.10185185e+01  3.34470819e-06
1.10359474e+01  3.30303844e-06
1.10370370e+01  3.30044503e-06
1.10555556e+01  3.25650333e-06
1.10646626e+01  3.23522596e-06
1.10740741e+01  3.21332779e-06
1.10925926e+01  3.17090407e-06
1.10935111e+01  3.16880569e-06
1.11111111e+01  3.12869383e-06
1.11222412e+01  3.10374906e-06
1.11296296e+01  3.08714679e-06
1.11481481e+01  3.04604863e-06
1.11508760e+01  3.04002806e-06
1.11666667e+01  3.00507474e-06
1.11792790e+01  2.97761527e-06
1.11851852e+01  2.96471947e-06
1.12037037e+01  2.92470885e-06
1.12075394e+01  2.91648384e-06
1.12222222e+01  2.88491265e-06
1.12356039e+01  2.85660745e-06
1.12407407e+01  2.84571262e-06
1.12592593e+01  2.80681538e-06
1.12635111e+01  2.79796035e-06
1.12777778e+01  2.76817160e-06
1.12912396e+01  2.74051729e-06
1.12962963e+01  2.73010281e-06
1.13148148e+01  2.69234029e-06
1.13188143e+01  2.68425356e-06
1.13333333e+01  2.65482467e-06
1.13462093e+01  2.62914494e-06
1.13518519e+01  2.61786397e-06
1.13703704e+01  2.58125320e-06
1.13734715e+01  2.57516772e-06
1.13888889e+01  2.54484219e-06
1.14005359e+01  2.52229867e-06
1.14074074e+01  2.50896696e-06
1.14259259e+01  2.47352093e-06
1.14275048e+01  2.47051504e-06
1.14444444e+01  2.43819145e-06
1.14542414e+01  2.41979454e-06
1.14629630e+01  2.40337941e-06
1.14809211e+01  2.37011535e-06
1.14814815e+01  2.36907492e-06
1.15000000e+01  2.33483649e-06
1.15073473e+01  2.32145610e-06
1.15185185e+01  2.30106549e-06
1.15336987e+01  2.27379583e-06
1.15370370e+01  2.26778488e-06
1.15555556e+01  2.23473801e-06
1.15598738e+01  2.22711404e-06
1.15740741e+01  2.20198583e-06
1.15858998e+01  2.18139065e-06
1.15925926e+01  2.16970740e-06
1.16111111e+01  2.13785330e-06
1.16118401e+01  2.13660598e-06
1.16296296e+01  2.10609756e-06
1.16375435e+01  2.09274074e-06
1.16481481e+01  2.07479929e-06
1.16631766e+01  2.04977608e-06
1.16666667e+01  2.04395024e-06
1.16851852e+01  2.01335426e-06
1.16886473e+01  2.00769349e-06
1.17037037e+01  1.98301374e-06
1.17139566e+01  1.96647488e-06
1.17222222e+01  1.95310674e-06
1.17391888e+01  1.92610249e-06
1.17407407e+01  1.92362563e-06
1.17592593e+01  1.89430045e-06
1.17642149e+01  1.88655897e-06
1.17777778e+01  1.86531273e-06
1.17891215e+01  1.84782728e-06
1.17962963e+01  1.83673553e-06
1.18139438e+01  1.80989078e-06
1.18148148e+01  1.80856164e-06
1.18333333e+01  1.78051391e-06
1.18385475e+01  1.77273312e-06
1.18518519e+01  1.75281717e-06
1.18630413e+01  1.73633831e-06
1.18703704e+01  1.72550846e-06
1.18874427e+01  1.70069071e-06
1.18888889e+01  1.69858090e-06
1.19074074e+01  1.67181225e-06
1.19116433e+01  1.66577496e-06
1.19259259e+01  1.64534431e-06
1.19357119e+01  1.63157605e-06
1.19444444e+01  1.61924204e-06
1.19596793e+01  1.59807925e-06
1.19629630e+01  1.59349875e-06
1.19814815e+01  1.56800692e-06
1.19834921e+01  1.56527015e-06
1.20000000e+01  1.54270429e-06
1.20071202e+01  1.53313463e-06
1.20185185e+01  1.51774465e-06
1.20306368e+01  1.50165887e-06
1.20370370e+01  1.49312128e-06
1.20540371e+01  1.47082931e-06
1.20555556e+01  1.46882757e-06
1.20740741e+01  1.44469824e-06
1.20772405e+01  1.44063270e-06
1.20925926e+01  1.42081447e-06
1.21002854e+01  1.41105603e-06
1.21111111e+01  1.39724315e-06
1.21232015e+01  1.38208658e-06
1.21296296e+01  1.37397730e-06
1.21459826e+01  1.35371188e-06
1.21481481e+01  1.35100990e-06
1.21666667e+01  1.32823702e-06
1.21685780e+01  1.32591973e-06
1.21851852e+01  1.30564474e-06
1.21909802e+01  1.29869815e-06
1.22037037e+01  1.28333150e-06
1.22132314e+01  1.27203545e-06
1.22222222e+01  1.26128941e-06
1.22353241e+01  1.24592014e-06
1.22407407e+01  1.23951038e-06
1.22572501e+01  1.22034098e-06
1.22592593e+01  1.21798602e-06
1.22777778e+01  1.19664411e-06
1.22789738e+01  1.19528697e-06
1.22962963e+01  1.17543969e-06
1.23004729e+01  1.17074733e-06
1.23148148e+01  1.15446528e-06
1.23217821e+01  1.14671150e-06
1.23333333e+01  1.13371042e-06
1.23428907e+01  1.12316913e-06
1.23518519e+01  1.11316392e-06
1.23637869e+01  1.10011010e-06
1.23703704e+01  1.09281369e-06
1.23844582e+01  1.07752447e-06
1.23888889e+01  1.07264655e-06
1.24048907e+01  1.05540253e-06
1.24074074e+01  1.05265258e-06
1.24250744e+01  1.03373477e-06
1.24259259e+01  1.03281225e-06
1.24444444e+01  1.01311751e-06
1.24450245e+01  1.01251185e-06
1.24629630e+01  9.93718534e-07
1.24649043e+01  9.91724644e-07
1.24814815e+01  9.74792761e-07
1.24848314e+01  9.71364207e-07
1.25000000e+01  9.55563172e-07
1.25040038e+01  9.51421776e-07
1.25185185e+01  9.36139582e-07
1.25226141e+01  9.31888770e-07
1.25370370e+01  9.16639933e-07
1.25407618e+01  9.12756784e-07
1.25555556e+01  8.97033179e-07
1.25584321e+01  8.94017583e-07
1.25740741e+01  8.77284639e-07
1.25756104e+01  8.75663104e-07
1.25922797e+01  8.57685449e-07
1.25925926e+01  8.57339664e-07
1.26084117e+01  8.40076881e-07
1.26111111e+01  8.37060252e-07
1.26240048e+01  8.22829823e-07
1.26296296e+01  8.16463769e-07
1.26390449e+01  8.05936853e-07
1.26481481e+01  7.95483859e-07
1.26535181e+01  7.89390701e-07
1.26666667e+01  7.74042588e-07
1.26674106e+01  7.73184247e-07
1.26806748e+01  7.57310517e-07
1.26851852e+01  7.51726324e-07
1.26933219e+01  7.41762680e-07
1.27037037e+01  7.28592959e-07
1.27053443e+01  7.26534045e-07
1.27166886e+01  7.11618060e-07
1.27222222e+01  7.04009708e-07
1.27273664e+01  6.97008304e-07
1.27373530e+01  6.82698491e-07
1.27407407e+01  6.77542783e-07
1.27466189e+01  6.68682464e-07
1.27551606e+01  6.54954190e-07
1.27592593e+01  6.47847507e-07
1.27629489e+01  6.41507763e-07
1.27699601e+01  6.28337395e-07
1.27761953e+01  6.15437419e-07
1.27777778e+01  6.11717652e-07
1.27816022e+01  6.02802284e-07
1.27861751e+01  5.90426552e-07
1.27898980e+01  5.78304899e-07
1.27927440e+01  5.66432107e-07
1.27946866e+01  5.54803067e-07
1.27956993e+01  5.43412775e-07
1.27957556e+01  5.32256330e-07
1.27948289e+01  5.21328930e-07
