# PMNS Unitarity  (HNLimits id: pmns_unitarity)
# Source: mhostert/Heavy-Neutrino-Limits sheet Utau4
# Flavor: Utau
# Format: blank line separates "bottom" and "top" curves.
# mass_GeV  U2
# bottom
1.77700e+00  1.84900e-03
1.78829e+00  1.84900e-03
1.79965e+00  1.84900e-03
1.81108e+00  1.84900e-03
1.82259e+00  1.84900e-03
1.83417e+00  1.84900e-03
1.84582e+00  1.84900e-03
1.85755e+00  1.84900e-03
1.86935e+00  1.84900e-03
1.88122e+00  1.84900e-03
1.89317e+00  1.84900e-03
1.90520e+00  1.84900e-03
1.91730e+00  1.84900e-03
1.92949e+00  1.84900e-03
1.94174e+00  1.84900e-03
1.95408e+00  1.84900e-03
1.96649e+00  1.84900e-03
1.97899e+00  1.84900e-03
1.99156e+00  1.84900e-03
2.00421e+00  1.84900e-03
2.01694e+00  1.84900e-03
2.02976e+00  1.84900e-03
2.04265e+00  1.84900e-03
2.05563e+00  1.84900e-03
2.06869e+00  1.84900e-03
2.08183e+00  1.84900e-03
2.09506e+00  1.84900e-03
2.10837e+00  1.84900e-03
2.12176e+00  1.84900e-03
2.13524e+00  1.84900e-03
2.14880e+00  1.84900e-03
2.16246e+00  1.84900e-03
2.17619e+00  1.84900e-03
2.19002e+00  1.84900e-03
2.20393e+00  1.84900e-03
2.21793e+00  1.84900e-03
2.23202e+00  1.84900e-03
2.24620e+00  1.84900e-03
2.26047e+00  1.84900e-03
2.27483e+00  1.84900e-03
2.28929e+00  1.84900e-03
2.30383e+00  1.84900e-03
2.31847e+00  1.84900e-03
2.33319e+00  1.84900e-03
2.34802e+00  1.84900e-03
2.36293e+00  1.84900e-03
2.37795e+00  1.84900e-03
2.39305e+00  1.84900e-03
2.40825e+00  1.84900e-03
2.42355e+00  1.84900e-03
2.43895e+00  1.84900e-03
2.45445e+00  1.84900e-03
2.47004e+00  1.84900e-03
2.48573e+00  1.84900e-03
2.50152e+00  1.84900e-03
2.51741e+00  1.84900e-03
2.53341e+00  1.84900e-03
2.54950e+00  1.84900e-03
2.56570e+00  1.84900e-03
2.58200e+00  1.84900e-03
2.59840e+00  1.84900e-03
2.61491e+00  1.84900e-03
2.63152e+00  1.84900e-03
2.64824e+00  1.84900e-03
2.66506e+00  1.84900e-03
2.68199e+00  1.84900e-03
2.69903e+00  1.84900e-03
2.71618e+00  1.84900e-03
2.73343e+00  1.84900e-03
2.75080e+00  1.84900e-03
2.76828e+00  1.84900e-03
2.78586e+00  1.84900e-03
2.80356e+00  1.84900e-03
2.82137e+00  1.84900e-03
2.83930e+00  1.84900e-03
2.85733e+00  1.84900e-03
2.87549e+00  1.84900e-03
2.89375e+00  1.84900e-03
2.91214e+00  1.84900e-03
2.93064e+00  1.84900e-03
2.94926e+00  1.84900e-03
2.96799e+00  1.84900e-03
2.98685e+00  1.84900e-03
3.00582e+00  1.84900e-03
3.02492e+00  1.84900e-03
3.04414e+00  1.84900e-03
3.06347e+00  1.84900e-03
3.08294e+00  1.84900e-03
3.10252e+00  1.84900e-03
3.12223e+00  1.84900e-03
3.14207e+00  1.84900e-03
3.16203e+00  1.84900e-03
3.18212e+00  1.84900e-03
3.20233e+00  1.84900e-03
3.22268e+00  1.84900e-03
3.24315e+00  1.84900e-03
3.26375e+00  1.84900e-03
3.28449e+00  1.84900e-03
3.30535e+00  1.84900e-03
3.32635e+00  1.84900e-03
3.34749e+00  1.84900e-03
3.36875e+00  1.84900e-03
3.39015e+00  1.84900e-03
3.41169e+00  1.84900e-03
3.43336e+00  1.84900e-03
3.45518e+00  1.84900e-03
3.47713e+00  1.84900e-03
3.49922e+00  1.84900e-03
3.52145e+00  1.84900e-03
3.54382e+00  1.84900e-03
3.56633e+00  1.84900e-03
3.58899e+00  1.84900e-03
3.61179e+00  1.84900e-03
3.63473e+00  1.84900e-03
3.65783e+00  1.84900e-03
3.68106e+00  1.84900e-03
3.70445e+00  1.84900e-03
3.72798e+00  1.84900e-03
3.75167e+00  1.84900e-03
3.77550e+00  1.84900e-03
3.79949e+00  1.84900e-03
3.82362e+00  1.84900e-03
3.84792e+00  1.84900e-03
3.87236e+00  1.84900e-03
3.89696e+00  1.84900e-03
3.92172e+00  1.84900e-03
3.94663e+00  1.84900e-03
3.97171e+00  1.84900e-03
3.99694e+00  1.84900e-03
4.02233e+00  1.84900e-03
4.04788e+00  1.84900e-03
4.07360e+00  1.84900e-03
4.09948e+00  1.84900e-03
4.12552e+00  1.84900e-03
4.15173e+00  1.84900e-03
4.17811e+00  1.84900e-03
4.20465e+00  1.84900e-03
4.23136e+00  1.84900e-03
4.25824e+00  1.84900e-03
4.28530e+00  1.84900e-03
4.31252e+00  1.84900e-03
4.33992e+00  1.84900e-03
4.36749e+00  1.84900e-03
4.39524e+00  1.84900e-03
4.42316e+00  1.84900e-03
4.45126e+00  1.84900e-03
4.47954e+00  1.84900e-03
4.50799e+00  1.84900e-03
4.53663e+00  1.84900e-03
4.56545e+00  1.84900e-03
4.59446e+00  1.84900e-03
4.62365e+00  1.84900e-03
4.65302e+00  1.84900e-03
4.68258e+00  1.84900e-03
4.71233e+00  1.84900e-03
4.74227e+00  1.84900e-03
4.77239e+00  1.84900e-03
4.80271e+00  1.84900e-03
4.83322e+00  1.84900e-03
4.86393e+00  1.84900e-03
4.89483e+00  1.84900e-03
4.92592e+00  1.84900e-03
4.95722e+00  1.84900e-03
4.98871e+00  1.84900e-03
5.02040e+00  1.84900e-03
5.05230e+00  1.84900e-03
5.08440e+00  1.84900e-03
5.11670e+00  1.84900e-03
5.14920e+00  1.84900e-03
5.18191e+00  1.84900e-03
5.21483e+00  1.84900e-03
5.24796e+00  1.84900e-03
5.28130e+00  1.84900e-03
5.31486e+00  1.84900e-03
5.34862e+00  1.84900e-03
5.38260e+00  1.84900e-03
5.41680e+00  1.84900e-03
5.45121e+00  1.84900e-03
5.48584e+00  1.84900e-03
5.52069e+00  1.84900e-03
5.55576e+00  1.84900e-03
5.59106e+00  1.84900e-03
5.62658e+00  1.84900e-03
5.66232e+00  1.84900e-03
5.69830e+00  1.84900e-03
5.73450e+00  1.84900e-03
5.77093e+00  1.84900e-03
5.80759e+00  1.84900e-03
5.84448e+00  1.84900e-03
5.88161e+00  1.84900e-03
5.91898e+00  1.84900e-03
5.95658e+00  1.84900e-03
5.99442e+00  1.84900e-03
6.03251e+00  1.84900e-03
6.07083e+00  1.84900e-03
6.10940e+00  1.84900e-03
6.14821e+00  1.84900e-03
6.18727e+00  1.84900e-03
6.22658e+00  1.84900e-03
6.26613e+00  1.84900e-03
6.30594e+00  1.84900e-03
6.34600e+00  1.84900e-03
6.38632e+00  1.84900e-03
6.42689e+00  1.84900e-03
6.46772e+00  1.84900e-03
6.50881e+00  1.84900e-03
6.55016e+00  1.84900e-03
6.59177e+00  1.84900e-03
6.63365e+00  1.84900e-03
6.67579e+00  1.84900e-03
6.71820e+00  1.84900e-03
6.76088e+00  1.84900e-03
6.80383e+00  1.84900e-03
6.84706e+00  1.84900e-03
6.89056e+00  1.84900e-03
6.93433e+00  1.84900e-03
6.97839e+00  1.84900e-03
7.02272e+00  1.84900e-03
7.06733e+00  1.84900e-03
7.11223e+00  1.84900e-03
7.15741e+00  1.84900e-03
7.20289e+00  1.84900e-03
7.24864e+00  1.84900e-03
7.29469e+00  1.84900e-03
7.34104e+00  1.84900e-03
7.38767e+00  1.84900e-03
7.43461e+00  1.84900e-03
7.48184e+00  1.84900e-03
7.52937e+00  1.84900e-03
7.57720e+00  1.84900e-03
7.62534e+00  1.84900e-03
7.67379e+00  1.84900e-03
7.72254e+00  1.84900e-03
7.77160e+00  1.84900e-03
7.82097e+00  1.84900e-03
7.87066e+00  1.84900e-03
7.92066e+00  1.84900e-03
7.97098e+00  1.84900e-03
8.02162e+00  1.84900e-03
8.07258e+00  1.84900e-03
8.12386e+00  1.84900e-03
8.17547e+00  1.84900e-03
8.22741e+00  1.84900e-03
8.27968e+00  1.84900e-03
8.33228e+00  1.84900e-03
8.38521e+00  1.84900e-03
8.43848e+00  1.84900e-03
8.49209e+00  1.84900e-03
8.54604e+00  1.84900e-03
8.60033e+00  1.84900e-03
8.65497e+00  1.84900e-03
8.70995e+00  1.84900e-03
8.76529e+00  1.84900e-03
8.82097e+00  1.84900e-03
8.87701e+00  1.84900e-03
8.93341e+00  1.84900e-03
8.99016e+00  1.84900e-03
9.04727e+00  1.84900e-03
9.10475e+00  1.84900e-03
9.16259e+00  1.84900e-03
9.22080e+00  1.84900e-03
9.27938e+00  1.84900e-03
9.33833e+00  1.84900e-03
9.39766e+00  1.84900e-03
9.45736e+00  1.84900e-03
9.51744e+00  1.84900e-03
9.57791e+00  1.84900e-03
9.63875e+00  1.84900e-03
9.69999e+00  1.84900e-03
9.76161e+00  1.84900e-03
9.82363e+00  1.84900e-03
9.88603e+00  1.84900e-03
9.94884e+00  1.84900e-03
1.00120e+01  1.84900e-03
1.00756e+01  1.84900e-03
1.01397e+01  1.84900e-03
1.02041e+01  1.84900e-03
1.02689e+01  1.84900e-03
1.03341e+01  1.84900e-03
1.03998e+01  1.84900e-03
1.04659e+01  1.84900e-03
1.05323e+01  1.84900e-03
1.05993e+01  1.84900e-03
1.06666e+01  1.84900e-03
1.07344e+01  1.84900e-03
1.08026e+01  1.84900e-03
1.08712e+01  1.84900e-03
1.09402e+01  1.84900e-03
1.10097e+01  1.84900e-03
1.10797e+01  1.84900e-03
1.11501e+01  1.84900e-03
1.12209e+01  1.84900e-03
1.12922e+01  1.84900e-03
1.13639e+01  1.84900e-03
1.14361e+01  1.84900e-03
1.15088e+01  1.84900e-03
1.15819e+01  1.84900e-03
1.16555e+01  1.84900e-03
1.17295e+01  1.84900e-03
1.18040e+01  1.84900e-03
1.18790e+01  1.84900e-03
1.19545e+01  1.84900e-03
1.20304e+01  1.84900e-03
1.21069e+01  1.84900e-03
1.21838e+01  1.84900e-03
1.22612e+01  1.84900e-03
1.23391e+01  1.84900e-03
1.24175e+01  1.84900e-03
1.24964e+01  1.84900e-03
1.25758e+01  1.84900e-03
1.26556e+01  1.84900e-03
1.27360e+01  1.84900e-03
1.28170e+01  1.84900e-03
1.28984e+01  1.84900e-03
1.29803e+01  1.84900e-03
1.30628e+01  1.84900e-03
1.31458e+01  1.84900e-03
1.32293e+01  1.84900e-03
1.33133e+01  1.84900e-03
1.33979e+01  1.84900e-03
1.34830e+01  1.84900e-03
1.35687e+01  1.84900e-03
1.36549e+01  1.84900e-03
1.37416e+01  1.84900e-03
1.38289e+01  1.84900e-03
1.39168e+01  1.84900e-03
1.40052e+01  1.84900e-03
1.40942e+01  1.84900e-03
1.41837e+01  1.84900e-03
1.42738e+01  1.84900e-03
1.43645e+01  1.84900e-03
1.44558e+01  1.84900e-03
1.45476e+01  1.84900e-03
1.46400e+01  1.84900e-03
1.47330e+01  1.84900e-03
1.48266e+01  1.84900e-03
1.49208e+01  1.84900e-03
1.50156e+01  1.84900e-03
1.51110e+01  1.84900e-03
1.52070e+01  1.84900e-03
1.53036e+01  1.84900e-03
1.54008e+01  1.84900e-03
1.54987e+01  1.84900e-03
1.55971e+01  1.84900e-03
1.56962e+01  1.84900e-03
1.57959e+01  1.84900e-03
1.58963e+01  1.84900e-03
1.59973e+01  1.84900e-03
1.60989e+01  1.84900e-03
1.62012e+01  1.84900e-03
1.63041e+01  1.84900e-03
1.64077e+01  1.84900e-03
1.65119e+01  1.84900e-03
1.66168e+01  1.84900e-03
1.67224e+01  1.84900e-03
1.68286e+01  1.84900e-03
1.69355e+01  1.84900e-03
1.70431e+01  1.84900e-03
1.71514e+01  1.84900e-03
1.72604e+01  1.84900e-03
1.73700e+01  1.84900e-03
1.74804e+01  1.84900e-03
1.75914e+01  1.84900e-03
1.77032e+01  1.84900e-03
1.78156e+01  1.84900e-03
1.79288e+01  1.84900e-03
1.80427e+01  1.84900e-03
1.81573e+01  1.84900e-03
1.82727e+01  1.84900e-03
1.83888e+01  1.84900e-03
1.85056e+01  1.84900e-03
1.86232e+01  1.84900e-03
1.87415e+01  1.84900e-03
1.88605e+01  1.84900e-03
1.89804e+01  1.84900e-03
1.91009e+01  1.84900e-03
1.92223e+01  1.84900e-03
1.93444e+01  1.84900e-03
1.94673e+01  1.84900e-03
1.95910e+01  1.84900e-03
1.97154e+01  1.84900e-03
1.98407e+01  1.84900e-03
1.99667e+01  1.84900e-03
2.00936e+01  1.84900e-03
2.02212e+01  1.84900e-03
2.03497e+01  1.84900e-03
2.04790e+01  1.84900e-03
2.06091e+01  1.84900e-03
2.07400e+01  1.84900e-03
2.08718e+01  1.84900e-03
2.10044e+01  1.84900e-03
2.11378e+01  1.84900e-03
2.12721e+01  1.84900e-03
2.14072e+01  1.84900e-03
2.15432e+01  1.84900e-03
2.16801e+01  1.84900e-03
2.18178e+01  1.84900e-03
2.19564e+01  1.84900e-03
2.20959e+01  1.84900e-03
2.22363e+01  1.84900e-03
2.23775e+01  1.84900e-03
2.25197e+01  1.84900e-03
2.26628e+01  1.84900e-03
2.28067e+01  1.84900e-03
2.29516e+01  1.84900e-03
2.30974e+01  1.84900e-03
2.32442e+01  1.84900e-03
2.33919e+01  1.84900e-03
2.35405e+01  1.84900e-03
2.36900e+01  1.84900e-03
2.38405e+01  1.84900e-03
2.39920e+01  1.84900e-03
2.41444e+01  1.84900e-03
2.42978e+01  1.84900e-03
2.44521e+01  1.84900e-03
2.46075e+01  1.84900e-03
2.47638e+01  1.84900e-03
2.49211e+01  1.84900e-03
2.50795e+01  1.84900e-03
2.52388e+01  1.84900e-03
2.53991e+01  1.84900e-03
2.55605e+01  1.84900e-03
2.57229e+01  1.84900e-03
2.58863e+01  1.84900e-03
2.60507e+01  1.84900e-03
2.62162e+01  1.84900e-03
2.63828e+01  1.84900e-03
2.65504e+01  1.84900e-03
2.67191e+01  1.84900e-03
2.68888e+01  1.84900e-03
2.70596e+01  1.84900e-03
2.72315e+01  1.84900e-03
2.74045e+01  1.84900e-03
2.75786e+01  1.84900e-03
2.77538e+01  1.84900e-03
2.79302e+01  1.84900e-03
2.81076e+01  1.84900e-03
2.82862e+01  1.84900e-03
2.84659e+01  1.84900e-03
2.86467e+01  1.84900e-03
2.88287e+01  1.84900e-03
2.90118e+01  1.84900e-03
2.91961e+01  1.84900e-03
2.93816e+01  1.84900e-03
2.95683e+01  1.84900e-03
2.97561e+01  1.84900e-03
2.99452e+01  1.84900e-03
3.01354e+01  1.84900e-03
3.03269e+01  1.84900e-03
3.05195e+01  1.84900e-03
3.07134e+01  1.84900e-03
3.09085e+01  1.84900e-03
3.11049e+01  1.84900e-03
3.13025e+01  1.84900e-03
3.15014e+01  1.84900e-03
3.17015e+01  1.84900e-03
3.19029e+01  1.84900e-03
3.21056e+01  1.84900e-03
3.23095e+01  1.84900e-03
3.25148e+01  1.84900e-03
3.27213e+01  1.84900e-03
3.29292e+01  1.84900e-03
3.31384e+01  1.84900e-03
3.33489e+01  1.84900e-03
3.35608e+01  1.84900e-03
3.37740e+01  1.84900e-03
3.39886e+01  1.84900e-03
3.42045e+01  1.84900e-03
3.44218e+01  1.84900e-03
3.46405e+01  1.84900e-03
3.48606e+01  1.84900e-03
3.50820e+01  1.84900e-03
3.53049e+01  1.84900e-03
3.55292e+01  1.84900e-03
3.57549e+01  1.84900e-03
3.59820e+01  1.84900e-03
3.62106e+01  1.84900e-03
3.64407e+01  1.84900e-03
3.66722e+01  1.84900e-03
3.69052e+01  1.84900e-03
3.71396e+01  1.84900e-03
3.73756e+01  1.84900e-03
3.76130e+01  1.84900e-03
3.78520e+01  1.84900e-03
3.80924e+01  1.84900e-03
3.83344e+01  1.84900e-03
3.85780e+01  1.84900e-03
3.88230e+01  1.84900e-03
3.90697e+01  1.84900e-03
3.93179e+01  1.84900e-03
3.95677e+01  1.84900e-03
3.98191e+01  1.84900e-03
4.00720e+01  1.84900e-03
4.03266e+01  1.84900e-03
4.05828e+01  1.84900e-03
4.08406e+01  1.84900e-03
4.11001e+01  1.84900e-03
4.13612e+01  1.84900e-03
4.16239e+01  1.84900e-03
4.18884e+01  1.84900e-03
4.21545e+01  1.84900e-03
4.24223e+01  1.84900e-03
4.26918e+01  1.84900e-03
4.29630e+01  1.84900e-03
4.32359e+01  1.84900e-03
4.35106e+01  1.84900e-03
4.37870e+01  1.84900e-03
4.40652e+01  1.84900e-03
4.43452e+01  1.84900e-03
4.46269e+01  1.84900e-03
4.49104e+01  1.84900e-03
4.51957e+01  1.84900e-03
4.54828e+01  1.84900e-03
4.57718e+01  1.84900e-03
4.60626e+01  1.84900e-03
4.63552e+01  1.84900e-03
4.66497e+01  1.84900e-03
4.69460e+01  1.84900e-03
4.72443e+01  1.84900e-03
4.75444e+01  1.84900e-03
4.78465e+01  1.84900e-03
4.81504e+01  1.84900e-03
4.84563e+01  1.84900e-03
4.87642e+01  1.84900e-03
4.90740e+01  1.84900e-03
4.93857e+01  1.84900e-03
4.96995e+01  1.84900e-03
5.00152e+01  1.84900e-03
5.03330e+01  1.84900e-03
5.06527e+01  1.84900e-03
5.09745e+01  1.84900e-03
5.12984e+01  1.84900e-03
5.16242e+01  1.84900e-03
5.19522e+01  1.84900e-03
5.22823e+01  1.84900e-03
5.26144e+01  1.84900e-03
5.29487e+01  1.84900e-03
5.32850e+01  1.84900e-03
5.36236e+01  1.84900e-03
5.39642e+01  1.84900e-03
5.43071e+01  1.84900e-03
5.46521e+01  1.84900e-03
5.49993e+01  1.84900e-03
5.53487e+01  1.84900e-03
5.57003e+01  1.84900e-03
5.60542e+01  1.84900e-03
5.64103e+01  1.84900e-03
5.67686e+01  1.84900e-03
5.71293e+01  1.84900e-03
5.74922e+01  1.84900e-03
5.78575e+01  1.84900e-03
5.82250e+01  1.84900e-03
5.85949e+01  1.84900e-03
5.89672e+01  1.84900e-03
5.93418e+01  1.84900e-03
5.97188e+01  1.84900e-03
6.00982e+01  1.84900e-03
6.04800e+01  1.84900e-03
6.08642e+01  1.84900e-03
6.12509e+01  1.84900e-03
6.16400e+01  1.84900e-03
6.20316e+01  1.84900e-03
6.24257e+01  1.84900e-03
6.28222e+01  1.84900e-03
6.32213e+01  1.84900e-03
6.36230e+01  1.84900e-03
6.40272e+01  1.84900e-03
6.44339e+01  1.84900e-03
6.48433e+01  1.84900e-03
6.52552e+01  1.84900e-03
6.56698e+01  1.84900e-03
6.60870e+01  1.84900e-03
6.65068e+01  1.84900e-03
6.69293e+01  1.84900e-03
6.73545e+01  1.84900e-03
6.77824e+01  1.84900e-03
6.82131e+01  1.84900e-03
6.86464e+01  1.84900e-03
6.90825e+01  1.84900e-03
6.95214e+01  1.84900e-03
6.99630e+01  1.84900e-03
7.04075e+01  1.84900e-03
7.08548e+01  1.84900e-03
7.13049e+01  1.84900e-03
7.17579e+01  1.84900e-03
7.22138e+01  1.84900e-03
7.26726e+01  1.84900e-03
7.31343e+01  1.84900e-03
7.35989e+01  1.84900e-03
7.40665e+01  1.84900e-03
7.45370e+01  1.84900e-03
7.50105e+01  1.84900e-03
7.54871e+01  1.84900e-03
7.59666e+01  1.84900e-03
7.64492e+01  1.84900e-03
7.69349e+01  1.84900e-03
7.74237e+01  1.84900e-03
7.79155e+01  1.84900e-03
7.84105e+01  1.84900e-03
7.89087e+01  1.84900e-03
7.94100e+01  1.84900e-03
7.99144e+01  1.84900e-03
8.04221e+01  1.84900e-03
8.09331e+01  1.84900e-03
8.14472e+01  1.84900e-03
8.19646e+01  1.84900e-03
8.24854e+01  1.84900e-03
8.30094e+01  1.84900e-03
8.35367e+01  1.84900e-03
8.40674e+01  1.84900e-03
8.46015e+01  1.84900e-03
8.51390e+01  1.84900e-03
8.56799e+01  1.84900e-03
8.62242e+01  1.84900e-03
8.67719e+01  1.84900e-03
8.73232e+01  1.84900e-03
8.78780e+01  1.84900e-03
8.84362e+01  1.84900e-03
8.89981e+01  1.84900e-03
8.95635e+01  1.84900e-03
9.01325e+01  1.84900e-03
9.07051e+01  1.84900e-03
9.12813e+01  1.22500e-03
9.18612e+01  1.22500e-03
9.24448e+01  1.22500e-03
9.30321e+01  1.22500e-03
9.36231e+01  1.22500e-03
9.42179e+01  1.22500e-03
9.48165e+01  1.22500e-03
9.54188e+01  1.22500e-03
9.60250e+01  1.22500e-03
9.66350e+01  1.22500e-03
9.72490e+01  1.22500e-03
9.78668e+01  1.22500e-03
9.84885e+01  1.22500e-03
9.91142e+01  1.22500e-03
9.97439e+01  1.22500e-03
1.00378e+02  1.22500e-03
1.01015e+02  1.22500e-03
1.01657e+02  1.22500e-03
1.02303e+02  1.22500e-03
1.02953e+02  1.22500e-03
1.03607e+02  1.22500e-03
1.04265e+02  1.22500e-03
1.04927e+02  1.22500e-03
1.05594e+02  1.22500e-03
1.06265e+02  1.22500e-03
1.06940e+02  1.22500e-03
1.07619e+02  1.22500e-03
1.08303e+02  1.22500e-03
1.08991e+02  1.22500e-03
1.09683e+02  1.22500e-03
1.10380e+02  1.22500e-03
1.11081e+02  1.22500e-03
1.11787e+02  1.22500e-03
1.12497e+02  1.22500e-03
1.13212e+02  1.22500e-03
1.13931e+02  1.22500e-03
1.14655e+02  1.22500e-03
1.15383e+02  1.22500e-03
1.16116e+02  1.22500e-03
1.16854e+02  1.22500e-03
1.17596e+02  1.22500e-03
1.18344e+02  1.22500e-03
1.19095e+02  1.22500e-03
1.19852e+02  1.22500e-03
1.20613e+02  1.22500e-03
1.21380e+02  1.22500e-03
1.22151e+02  1.22500e-03
1.22927e+02  1.22500e-03
1.23708e+02  1.22500e-03
1.24494e+02  1.22500e-03
1.25285e+02  1.22500e-03
1.26080e+02  1.22500e-03
1.26881e+02  1.22500e-03
1.27688e+02  1.22500e-03
1.28499e+02  1.22500e-03
1.29315e+02  1.22500e-03
1.30137e+02  1.22500e-03
1.30963e+02  1.22500e-03
1.31795e+02  1.22500e-03
1.32633e+02  1.22500e-03
1.33475e+02  1.22500e-03
1.34323e+02  1.22500e-03
1.35177e+02  1.22500e-03
1.36035e+02  1.22500e-03
1.36899e+02  1.22500e-03
1.37769e+02  1.22500e-03
1.38644e+02  1.22500e-03
1.39525e+02  1.22500e-03
1.40412e+02  1.22500e-03
1.41304e+02  1.22500e-03
1.42201e+02  1.22500e-03
1.43105e+02  1.22500e-03
1.44014e+02  1.22500e-03
1.44929e+02  1.22500e-03
1.45850e+02  1.22500e-03
1.46776e+02  1.22500e-03
1.47709e+02  1.22500e-03
1.48647e+02  1.22500e-03
1.49591e+02  1.22500e-03
1.50542e+02  1.22500e-03
1.51498e+02  1.22500e-03
1.52460e+02  1.22500e-03
1.53429e+02  1.22500e-03
1.54404e+02  1.22500e-03
1.55385e+02  1.22500e-03
1.56372e+02  1.22500e-03
1.57365e+02  1.22500e-03
1.58365e+02  1.22500e-03
1.59371e+02  1.22500e-03
1.60383e+02  1.22500e-03
1.61402e+02  1.22500e-03
1.62428e+02  1.22500e-03
1.63460e+02  1.22500e-03
1.64498e+02  1.22500e-03
1.65543e+02  1.22500e-03
1.66595e+02  1.22500e-03
1.67653e+02  1.22500e-03
1.68718e+02  1.22500e-03
1.69790e+02  1.22500e-03
1.70869e+02  1.22500e-03
1.71954e+02  1.22500e-03
1.73047e+02  1.22500e-03
1.74146e+02  1.22500e-03
1.75252e+02  1.22500e-03
1.76366e+02  1.22500e-03
1.77486e+02  1.22500e-03
1.78614e+02  1.22500e-03
1.79749e+02  1.22500e-03
1.80890e+02  1.22500e-03
1.82040e+02  1.22500e-03
1.83196e+02  1.22500e-03
1.84360e+02  1.22500e-03
1.85531e+02  1.22500e-03
1.86710e+02  1.22500e-03
1.87896e+02  1.22500e-03
1.89090e+02  1.22500e-03
1.90291e+02  1.22500e-03
1.91500e+02  1.22500e-03
1.92716e+02  1.22500e-03
1.93941e+02  1.22500e-03
1.95173e+02  1.22500e-03
1.96413e+02  1.22500e-03
1.97661e+02  1.22500e-03
1.98916e+02  1.22500e-03
2.00180e+02  1.22500e-03
2.01452e+02  1.22500e-03
2.02731e+02  1.22500e-03
2.04019e+02  1.22500e-03
2.05316e+02  1.22500e-03
2.06620e+02  1.22500e-03
2.07933e+02  1.22500e-03
2.09254e+02  1.22500e-03
2.10583e+02  1.22500e-03
2.11921e+02  1.22500e-03
2.13267e+02  1.22500e-03
2.14622e+02  1.22500e-03
2.15985e+02  1.22500e-03
2.17358e+02  1.22500e-03
2.18738e+02  1.22500e-03
2.20128e+02  1.22500e-03
2.21526e+02  1.22500e-03
2.22934e+02  1.22500e-03
2.24350e+02  1.22500e-03
2.25775e+02  1.22500e-03
2.27210e+02  1.22500e-03
2.28653e+02  1.22500e-03
2.30106e+02  1.22500e-03
2.31568e+02  1.22500e-03
2.33039e+02  1.22500e-03
2.34519e+02  1.22500e-03
2.36009e+02  1.22500e-03
2.37508e+02  1.22500e-03
2.39017e+02  1.22500e-03
2.40536e+02  1.22500e-03
2.42064e+02  1.22500e-03
2.43602e+02  1.22500e-03
2.45149e+02  1.22500e-03
2.46707e+02  1.22500e-03
2.48274e+02  1.22500e-03
2.49851e+02  1.22500e-03
2.51439e+02  1.22500e-03
2.53036e+02  1.22500e-03
2.54643e+02  1.22500e-03
2.56261e+02  1.22500e-03
2.57889e+02  1.22500e-03
2.59528e+02  1.22500e-03
2.61176e+02  1.22500e-03
2.62836e+02  1.22500e-03
2.64505e+02  1.22500e-03
2.66186e+02  1.22500e-03
2.67877e+02  1.22500e-03
2.69579e+02  1.22500e-03
2.71291e+02  1.22500e-03
2.73015e+02  1.22500e-03
2.74749e+02  1.22500e-03
2.76495e+02  1.22500e-03
2.78251e+02  1.22500e-03
2.80019e+02  1.22500e-03
2.81798e+02  1.22500e-03
2.83588e+02  1.22500e-03
2.85390e+02  1.22500e-03
2.87203e+02  1.22500e-03
2.89027e+02  1.22500e-03
2.90863e+02  1.22500e-03
2.92711e+02  1.22500e-03
2.94571e+02  1.22500e-03
2.96442e+02  1.22500e-03
2.98325e+02  1.22500e-03
3.00221e+02  1.22500e-03
3.02128e+02  1.22500e-03
3.04047e+02  1.22500e-03
3.05979e+02  1.22500e-03
3.07923e+02  1.22500e-03
3.09879e+02  1.22500e-03
3.11848e+02  1.22500e-03
3.13829e+02  1.22500e-03
3.15823e+02  1.22500e-03
3.17829e+02  1.22500e-03
3.19848e+02  1.22500e-03
3.21880e+02  1.22500e-03
3.23925e+02  1.22500e-03
3.25983e+02  1.22500e-03
3.28054e+02  1.22500e-03
3.30138e+02  1.22500e-03
3.32235e+02  1.22500e-03
3.34346e+02  1.22500e-03
3.36470e+02  1.22500e-03
3.38607e+02  1.22500e-03
3.40759e+02  1.22500e-03
3.42923e+02  1.22500e-03
3.45102e+02  1.22500e-03
3.47294e+02  1.22500e-03
3.49501e+02  1.22500e-03
3.51721e+02  1.22500e-03
3.53956e+02  1.22500e-03
3.56204e+02  1.22500e-03
3.58467e+02  1.22500e-03
3.60744e+02  1.22500e-03
3.63036e+02  1.22500e-03
3.65343e+02  1.22500e-03
3.67664e+02  1.22500e-03
3.69999e+02  1.22500e-03
3.72350e+02  1.22500e-03
3.74715e+02  1.22500e-03
3.77096e+02  1.22500e-03
3.79492e+02  1.22500e-03
3.81902e+02  1.22500e-03
3.84329e+02  1.22500e-03
3.86770e+02  1.22500e-03
3.89227e+02  1.22500e-03
3.91700e+02  1.22500e-03
3.94189e+02  1.22500e-03
3.96693e+02  1.22500e-03
3.99213e+02  1.22500e-03
4.01749e+02  1.22500e-03
4.04301e+02  1.22500e-03
4.06870e+02  1.22500e-03
4.09455e+02  1.22500e-03
4.12056e+02  1.22500e-03
4.14674e+02  1.22500e-03
4.17308e+02  1.22500e-03
4.19959e+02  1.22500e-03
4.22627e+02  1.22500e-03
4.25312e+02  1.22500e-03
4.28014e+02  1.22500e-03
4.30733e+02  1.22500e-03
4.33470e+02  1.22500e-03
4.36223e+02  1.22500e-03
4.38995e+02  1.22500e-03
4.41784e+02  1.22500e-03
4.44590e+02  1.22500e-03
4.47415e+02  1.22500e-03
4.50257e+02  1.22500e-03
4.53118e+02  1.22500e-03
4.55996e+02  1.22500e-03
4.58893e+02  1.22500e-03
4.61808e+02  1.22500e-03
4.64742e+02  1.22500e-03
4.67695e+02  1.22500e-03
4.70666e+02  1.22500e-03
4.73656e+02  1.22500e-03
4.76665e+02  1.22500e-03
4.79693e+02  1.22500e-03
4.82741e+02  1.22500e-03
4.85808e+02  1.22500e-03
4.88894e+02  1.22500e-03
4.92000e+02  1.22500e-03
4.95126e+02  1.22500e-03
4.98271e+02  1.22500e-03
5.01436e+02  1.22500e-03
5.04622e+02  1.22500e-03
5.07828e+02  1.22500e-03
5.11054e+02  1.22500e-03
5.14301e+02  1.22500e-03
5.17568e+02  1.22500e-03
5.20856e+02  1.22500e-03
5.24165e+02  1.22500e-03
5.27495e+02  1.22500e-03
5.30846e+02  1.22500e-03
5.34219e+02  1.22500e-03
5.37613e+02  1.22500e-03
5.41028e+02  1.22500e-03
5.44465e+02  1.22500e-03
5.47924e+02  1.22500e-03
5.51405e+02  1.22500e-03
5.54908e+02  1.22500e-03
5.58433e+02  1.22500e-03
5.61981e+02  1.22500e-03
5.65551e+02  1.22500e-03
5.69144e+02  1.22500e-03
5.72760e+02  1.22500e-03
5.76398e+02  1.22500e-03
5.80060e+02  1.22500e-03
5.83745e+02  1.22500e-03
5.87454e+02  1.22500e-03
5.91186e+02  1.22500e-03
5.94942e+02  1.22500e-03
5.98721e+02  1.22500e-03
6.02525e+02  1.22500e-03
6.06353e+02  1.22500e-03
6.10205e+02  1.22500e-03
6.14081e+02  1.22500e-03
6.17983e+02  1.22500e-03
6.21909e+02  1.22500e-03
6.25860e+02  1.22500e-03
6.29836e+02  1.22500e-03
6.33837e+02  1.22500e-03
6.37864e+02  1.22500e-03
6.41916e+02  1.22500e-03
6.45994e+02  1.22500e-03
6.50098e+02  1.22500e-03
6.54228e+02  1.22500e-03
6.58384e+02  1.22500e-03
6.62567e+02  1.22500e-03
6.66776e+02  1.22500e-03
6.71012e+02  1.22500e-03
6.75275e+02  1.22500e-03
6.79565e+02  1.22500e-03
6.83882e+02  1.22500e-03
6.88227e+02  1.22500e-03
6.92599e+02  1.22500e-03
6.96999e+02  1.22500e-03
7.01427e+02  1.22500e-03
7.05883e+02  1.22500e-03
7.10368e+02  1.22500e-03
7.14880e+02  1.22500e-03
7.19422e+02  1.22500e-03
7.23992e+02  1.22500e-03
7.28592e+02  1.22500e-03
7.33221e+02  1.22500e-03
7.37879e+02  1.22500e-03
7.42566e+02  1.22500e-03
7.47284e+02  1.22500e-03
7.52031e+02  1.22500e-03
7.56809e+02  1.22500e-03
7.61617e+02  1.22500e-03
7.66455e+02  1.22500e-03
7.71325e+02  1.22500e-03
7.76225e+02  1.22500e-03
7.81156e+02  1.22500e-03
7.86119e+02  1.22500e-03
7.91113e+02  1.22500e-03
7.96139e+02  1.22500e-03
8.01197e+02  1.22500e-03
8.06286e+02  1.22500e-03
8.11409e+02  1.22500e-03
8.16564e+02  1.22500e-03
8.21751e+02  1.22500e-03
8.26972e+02  1.22500e-03
8.32225e+02  1.22500e-03
8.37512e+02  1.22500e-03
8.42833e+02  1.22500e-03
8.48188e+02  1.22500e-03
8.53576e+02  1.22500e-03
8.58999e+02  1.22500e-03
8.64456e+02  1.22500e-03
8.69948e+02  1.22500e-03
8.75474e+02  1.22500e-03
8.81036e+02  1.22500e-03
8.86633e+02  1.22500e-03
8.92266e+02  1.22500e-03
8.97935e+02  1.22500e-03
9.03639e+02  1.22500e-03
9.09380e+02  1.22500e-03
9.15157e+02  1.22500e-03
9.20971e+02  1.22500e-03
9.26822e+02  1.22500e-03
9.32710e+02  1.22500e-03
9.38635e+02  1.22500e-03
9.44598e+02  1.22500e-03
9.50599e+02  1.22500e-03
9.56638e+02  1.22500e-03
9.62716e+02  1.22500e-03
9.68832e+02  1.22500e-03
9.74987e+02  1.22500e-03
9.81181e+02  1.22500e-03
9.87414e+02  1.22500e-03
9.93687e+02  1.22500e-03
1.00000e+03  1.22500e-03
