# K+ -> pi+ + inv (based on E949 data), two lobes around the pi+ veto gap -- existing exclusion
# Extracted from arXiv:2305.01715 (FIPs 2022 report), ALPs_fermions_fips2022_text_logo.pdf
# Date: 2026-07-12
# NOTE: pre-GKOZ phenomenology (see module docstring).
# Source y axis g_Y = 2 v_h/f; stored as 1/f (BNT) = g_Y/246.
# Format: chains separated by blank line; each row "mass_GeV  invf_GeV^-1"
# chain: 106 vertices
9.999958e-03  4.065312e-03
9.999958e-03  9.991418e-07
1.099985e-02  9.963928e-07
1.299980e-02  9.935867e-07
1.499996e-02  9.879983e-07
1.699992e-02  9.823773e-07
1.899977e-02  9.769154e-07
2.099973e-02  9.714207e-07
2.299960e-02  9.659569e-07
2.499989e-02  9.606498e-07
2.699994e-02  9.498110e-07
2.899988e-02  9.391566e-07
3.099984e-02  9.313048e-07
3.299953e-02  9.235196e-07
3.499950e-02  9.158591e-07
3.699950e-02  9.082621e-07
3.899933e-02  9.007281e-07
4.099962e-02  8.958968e-07
4.299959e-02  8.885232e-07
4.499984e-02  8.812112e-07
4.699950e-02  8.765416e-07
4.899957e-02  8.693847e-07
5.099971e-02  8.647786e-07
5.299967e-02  8.577736e-07
5.499913e-02  8.508261e-07
5.699926e-02  8.415027e-07
5.899926e-02  8.347413e-07
6.099980e-02  8.185312e-07
6.299914e-02  7.934759e-07
6.499979e-02  7.781177e-07
6.699885e-02  7.719166e-07
6.899981e-02  7.680275e-07
7.099914e-02  7.641083e-07
7.299900e-02  7.602593e-07
7.499961e-02  7.564789e-07
7.699921e-02  7.526684e-07
7.899972e-02  7.489752e-07
8.099972e-02  7.388265e-07
8.299912e-02  7.247169e-07
8.499938e-02  7.128836e-07
8.699950e-02  6.952452e-07
8.899867e-02  6.800465e-07
9.099880e-02  6.709205e-07
9.299943e-02  6.638727e-07
9.499861e-02  6.568995e-07
9.699889e-02  6.709641e-07
9.899850e-02  6.853299e-07
1.009988e-01  7.122297e-07
1.029983e-01  7.488276e-07
1.049984e-01  7.872548e-07
1.069994e-01  8.617772e-07
1.089982e-01  9.406362e-07
1.109984e-01  1.075229e-06
1.129987e-01  1.290797e-06
1.149995e-01  1.527385e-06
1.169996e-01  1.871144e-06
1.189998e-01  2.298745e-06
1.209986e-01  3.044110e-06
1.229987e-01  4.370699e-06
1.229987e-01  4.480635e-04
1.209986e-01  4.828809e-04
1.189998e-01  5.139591e-04
1.169996e-01  5.422153e-04
1.149995e-01  5.715000e-04
1.129987e-01  6.002758e-04
1.109984e-01  6.311214e-04
1.089982e-01  6.608155e-04
1.069994e-01  6.895061e-04
1.049984e-01  7.193948e-04
1.029983e-01  7.476807e-04
1.009988e-01  7.774862e-04
9.899850e-02  8.082679e-04
9.699889e-02  8.396624e-04
9.499861e-02  8.728486e-04
9.299943e-02  9.058597e-04
9.099880e-02  9.401811e-04
8.899867e-02  9.746518e-04
8.699950e-02  1.010585e-03
8.499938e-02  1.048393e-03
8.299912e-02  1.089328e-03
8.099972e-02  1.132605e-03
7.899972e-02  1.178914e-03
7.699921e-02  1.227359e-03
7.499961e-02  1.279136e-03
7.299900e-02  1.334497e-03
7.099914e-02  1.393807e-03
6.899981e-02  1.457472e-03
6.699885e-02  1.522447e-03
6.499979e-02  1.591363e-03
6.299914e-02  1.664380e-03
6.099980e-02  1.741775e-03
5.899926e-02  1.826119e-03
5.699926e-02  1.916433e-03
5.499913e-02  2.014249e-03
5.299967e-02  2.121366e-03
5.099971e-02  2.236233e-03
4.899957e-02  2.356546e-03
4.699950e-02  2.487897e-03
4.499984e-02  2.633296e-03
4.299959e-02  2.791767e-03
4.099962e-02  2.967550e-03
3.899933e-02  3.164347e-03
3.699950e-02  3.373974e-03
3.499950e-02  3.607648e-03
3.299953e-02  3.871445e-03
3.166722e-02  4.065312e-03

# chain: 65 vertices
1.489987e-01  9.553016e-06
1.509999e-01  8.773402e-06
1.529996e-01  7.560267e-06
1.549995e-01  6.478662e-06
1.569988e-01  5.379028e-06
1.589995e-01  4.402928e-06
1.609984e-01  3.840939e-06
1.629997e-01  3.389807e-06
1.649979e-01  3.009372e-06
1.670000e-01  2.813896e-06
1.690004e-01  2.608777e-06
1.709983e-01  2.460858e-06
1.729985e-01  2.321320e-06
1.749978e-01  2.215266e-06
1.769984e-01  2.176098e-06
1.789997e-01  2.125317e-06
1.809986e-01  2.063914e-06
1.829999e-01  1.992748e-06
1.849978e-01  1.940894e-06
1.870002e-01  1.923531e-06
1.889980e-01  1.906326e-06
1.909995e-01  1.905826e-06
1.929983e-01  1.916480e-06
1.950000e-01  1.927194e-06
1.969981e-01  1.932510e-06
1.989984e-01  1.943569e-06
2.010003e-01  1.960469e-06
2.029974e-01  1.983361e-06
2.049985e-01  2.006651e-06
2.070000e-01  2.036217e-06
2.089987e-01  2.067979e-06
2.110003e-01  2.169258e-06
2.110003e-01  1.760756e-05
2.089987e-01  9.053925e-05
2.070000e-01  1.280406e-04
2.049985e-01  1.330663e-04
2.029974e-01  1.382528e-04
2.010003e-01  1.436794e-04
1.989984e-01  1.492796e-04
1.969981e-01  1.550780e-04
1.950000e-01  1.610803e-04
1.929983e-01  1.674137e-04
1.909995e-01  1.740419e-04
1.889980e-01  1.808494e-04
1.870002e-01  1.868784e-04
1.849978e-01  1.919972e-04
1.829999e-01  1.968811e-04
1.809986e-01  2.017174e-04
1.789997e-01  2.068759e-04
1.769984e-01  2.123611e-04
1.749978e-01  2.182064e-04
1.729985e-01  2.234639e-04
1.709983e-01  2.285930e-04
1.690004e-01  2.338858e-04
1.670000e-01  2.388465e-04
1.649979e-01  2.442325e-04
1.629997e-01  2.481074e-04
1.609984e-01  2.512680e-04
1.589995e-01  2.539187e-04
1.569988e-01  2.541686e-04
1.549995e-01  2.546859e-04
1.529996e-01  2.562442e-04
1.509999e-01  2.578965e-04
1.489987e-01  2.623665e-04
1.489987e-01  9.553016e-06
