# LHCb B0 -> K*0 mu mu excluded (FIPs 2022 version)
# Extracted from arXiv:2305.01715 (FIPs 2022 report), ALPs_fermions_fips2022_text_logo.pdf
# Date: 2026-07-12
# NOTE: pre-GKOZ phenomenology (see module docstring).
# Source y axis g_Y = 2 v_h/f; stored as 1/f (BNT) = g_Y/246.
# Format: chains separated by blank line; each row "mass_GeV  invf_GeV^-1"
# chain: 1075 vertices
2.496443e-01  4.065312e-03
2.500336e-01  7.317318e-06
2.506088e-01  7.230488e-06
2.511892e-01  7.149853e-06
2.517672e-01  7.082177e-06
2.523464e-01  7.030801e-06
2.529269e-01  6.989885e-06
2.535129e-01  6.949652e-06
2.540961e-01  6.909657e-06
2.546807e-01  6.869446e-06
2.552706e-01  6.829011e-06
2.558579e-01  6.786592e-06
2.564466e-01  6.741346e-06
2.570406e-01  6.695518e-06
2.576319e-01  6.650001e-06
2.582247e-01  6.604800e-06
2.588188e-01  6.559900e-06
2.594182e-01  6.516159e-06
2.600151e-01  6.472710e-06
2.606133e-01  6.431661e-06
2.612130e-01  6.390457e-06
2.618180e-01  6.349098e-06
2.624203e-01  6.308833e-06
2.630241e-01  6.268410e-06
2.636333e-01  6.228252e-06
2.642398e-01  6.190785e-06
2.648478e-01  6.157172e-06
2.654612e-01  6.128162e-06
2.660719e-01  6.100895e-06
2.666842e-01  6.073748e-06
2.672977e-01  6.046717e-06
2.679168e-01  6.019812e-06
2.685332e-01  5.974575e-06
2.691510e-01  5.914146e-06
2.697745e-01  5.817579e-06
2.703951e-01  5.722594e-06
2.710172e-01  5.628789e-06
2.716408e-01  5.538699e-06
2.722700e-01  5.450051e-06
2.728963e-01  5.362822e-06
2.735243e-01  5.276989e-06
2.741535e-01  5.192192e-06
2.747885e-01  5.108758e-06
2.754208e-01  5.026660e-06
2.760587e-01  4.946534e-06
2.766939e-01  4.876310e-06
2.773304e-01  4.810554e-06
2.779684e-01  4.748796e-06
2.786124e-01  4.687526e-06
2.792533e-01  4.624315e-06
2.798957e-01  4.557175e-06
2.805398e-01  4.436553e-06
2.811895e-01  4.308936e-06
2.818366e-01  4.184717e-06
2.824849e-01  4.083583e-06
2.831392e-01  3.996672e-06
2.837907e-01  3.931418e-06
2.844436e-01  3.866973e-06
2.851024e-01  3.803585e-06
2.857584e-01  3.741237e-06
2.864158e-01  3.679667e-06
2.870748e-01  3.618875e-06
2.877397e-01  3.559319e-06
2.884017e-01  3.503501e-06
2.890653e-01  3.452633e-06
2.897348e-01  3.420401e-06
2.904013e-01  3.388470e-06
2.910696e-01  3.356619e-06
2.917437e-01  3.325283e-06
2.924149e-01  3.294243e-06
2.930877e-01  3.263278e-06
2.937620e-01  3.232600e-06
2.944423e-01  3.202213e-06
2.951199e-01  3.173154e-06
2.957988e-01  3.149105e-06
2.964794e-01  3.126467e-06
2.971661e-01  3.104398e-06
2.978497e-01  3.082282e-06
2.985351e-01  3.060327e-06
2.992265e-01  3.038726e-06
2.999151e-01  3.017080e-06
3.006050e-01  2.995586e-06
3.013012e-01  2.973076e-06
3.019945e-01  2.949191e-06
3.026893e-01  2.924917e-06
3.033856e-01  2.900844e-06
3.040885e-01  2.876972e-06
3.047880e-01  2.853108e-06
3.054892e-01  2.829441e-06
3.061969e-01  2.805971e-06
3.069013e-01  2.782696e-06
3.076073e-01  2.764504e-06
3.083199e-01  2.748773e-06
3.090292e-01  2.735107e-06
3.097402e-01  2.721684e-06
3.104529e-01  2.707264e-06
3.111719e-01  2.692568e-06
3.118878e-01  2.677949e-06
3.126054e-01  2.663412e-06
3.133294e-01  2.648778e-06
3.140503e-01  2.631633e-06
3.147729e-01  2.579513e-06
3.154972e-01  2.543560e-06
3.162278e-01  2.517340e-06
3.169554e-01  2.496621e-06
3.176847e-01  2.476075e-06
3.184205e-01  2.455534e-06
3.191530e-01  2.435326e-06
3.198874e-01  2.415125e-06
3.206233e-01  2.408165e-06
3.213659e-01  2.405481e-06
3.221054e-01  2.404851e-06
3.228464e-01  2.404220e-06
3.235943e-01  2.403590e-06
3.243387e-01  2.396034e-06
3.250849e-01  2.379746e-06
3.258380e-01  2.360315e-06
3.265876e-01  2.341043e-06
3.273389e-01  2.321929e-06
3.280919e-01  2.302821e-06
3.288520e-01  2.284019e-06
3.296085e-01  2.265220e-06
3.303670e-01  2.254992e-06
3.311270e-01  2.255437e-06
3.318939e-01  2.262696e-06
3.326576e-01  2.270129e-06
3.334229e-01  2.271022e-06
3.341951e-01  2.264923e-06
3.349641e-01  2.252923e-06
3.357347e-01  2.241133e-06
3.365123e-01  2.229257e-06
3.372866e-01  2.217446e-06
3.380627e-01  2.205698e-06
3.388404e-01  2.194010e-06
3.396252e-01  2.182386e-06
3.404067e-01  2.170821e-06
3.411898e-01  2.159603e-06
3.419747e-01  2.149146e-06
3.427669e-01  2.138601e-06
3.435555e-01  2.128107e-06
3.443458e-01  2.117665e-06
3.451435e-01  2.107274e-06
3.459376e-01  2.096932e-06
3.467334e-01  2.086643e-06
3.475366e-01  2.076267e-06
3.483362e-01  2.066079e-06
3.491375e-01  2.055806e-06
3.499409e-01  2.045719e-06
3.507514e-01  2.036214e-06
3.515583e-01  2.027952e-06
3.523672e-01  2.020119e-06
3.531833e-01  2.012449e-06
3.539958e-01  2.004677e-06
3.548104e-01  1.996934e-06
3.556268e-01  1.989352e-06
3.564503e-01  1.981668e-06
3.572705e-01  1.974016e-06
3.580926e-01  1.968973e-06
3.589220e-01  1.984010e-06
3.597477e-01  2.004282e-06
3.605755e-01  2.025293e-06
3.614106e-01  2.038353e-06
3.622420e-01  2.035681e-06
3.630755e-01  2.015222e-06
3.639108e-01  1.994839e-06
3.647537e-01  1.974662e-06
3.655930e-01  1.957256e-06
3.664340e-01  1.941147e-06
3.672829e-01  1.925045e-06
3.681278e-01  1.909203e-06
3.689747e-01  1.893366e-06
3.698236e-01  1.877537e-06
3.706803e-01  1.873847e-06
3.715330e-01  1.890636e-06
3.723878e-01  1.918114e-06
3.732504e-01  1.945992e-06
3.741091e-01  1.973499e-06
3.749699e-01  1.994839e-06
3.758326e-01  2.014563e-06
3.767030e-01  2.034479e-06
3.775698e-01  2.054728e-06
3.784384e-01  2.075179e-06
3.793149e-01  9.190401e-06
3.799004e-01  4.065312e-03
5.003510e-01  4.065312e-03
5.011854e-01  1.486373e-06
5.023384e-01  1.516007e-06
5.035019e-01  1.532102e-06
5.046604e-01  1.511144e-06
5.058214e-01  1.476753e-06
5.069851e-01  1.439458e-06
5.081595e-01  1.393018e-06
5.093286e-01  1.358640e-06
5.105003e-01  1.353837e-06
5.116829e-01  1.351441e-06
5.128601e-01  1.349050e-06
5.140399e-01  1.346663e-06
5.152227e-01  1.344281e-06
5.164160e-01  1.341901e-06
5.176043e-01  1.339001e-06
5.187951e-01  1.329462e-06
5.199966e-01  1.317052e-06
5.211931e-01  1.304586e-06
5.223922e-01  1.292237e-06
5.235942e-01  1.280006e-06
5.248069e-01  1.277155e-06
5.260142e-01  1.286740e-06
5.272246e-01  1.298014e-06
5.284457e-01  1.309386e-06
5.296616e-01  1.320858e-06
5.308801e-01  1.332430e-06
5.321015e-01  1.327110e-06
5.333341e-01  1.320165e-06
5.345611e-01  1.313169e-06
5.357908e-01  1.306212e-06
5.370320e-01  1.299717e-06
5.382675e-01  1.316360e-06
5.395058e-01  1.362835e-06
5.407556e-01  1.410856e-06
5.419996e-01  1.397227e-06
5.432465e-01  1.368746e-06
5.444965e-01  1.340671e-06
5.457576e-01  1.313169e-06
5.470132e-01  1.286150e-06
5.482718e-01  1.259685e-06
5.495417e-01  1.241395e-06
5.508059e-01  1.251203e-06
5.520733e-01  1.271221e-06
5.533436e-01  1.291644e-06
5.546250e-01  1.312396e-06
5.559012e-01  1.333566e-06
5.571803e-01  1.339177e-06
5.584705e-01  1.334704e-06
5.597556e-01  1.330247e-06
5.610436e-01  1.325632e-06
5.623343e-01  1.321118e-06
5.636367e-01  1.316533e-06
5.649336e-01  1.312050e-06
5.662333e-01  1.307498e-06
5.675447e-01  1.305013e-06
5.688506e-01  1.305441e-06
5.701593e-01  1.305870e-06
5.714798e-01  1.306212e-06
5.727948e-01  1.306555e-06
5.741126e-01  1.306897e-06
5.754333e-01  1.307326e-06
5.767663e-01  1.307669e-06
5.780932e-01  1.308012e-06
5.794231e-01  1.308355e-06
5.807654e-01  1.299632e-06
5.821015e-01  1.275480e-06
5.834409e-01  1.249892e-06
5.847831e-01  1.224736e-06
5.861375e-01  1.200558e-06
5.874862e-01  1.188336e-06
5.888378e-01  1.188648e-06
5.902016e-01  1.189038e-06
5.915596e-01  1.189350e-06
5.929205e-01  1.189741e-06
5.942848e-01  1.190053e-06
5.956613e-01  1.190443e-06
5.970319e-01  1.200793e-06
5.984054e-01  1.214577e-06
5.997913e-01  1.228517e-06
6.011715e-01  1.241232e-06
6.025545e-01  1.237006e-06
6.039500e-01  1.222728e-06
6.053397e-01  1.208457e-06
6.067323e-01  1.194432e-06
6.081281e-01  1.189350e-06
6.095369e-01  1.190209e-06
6.109392e-01  1.191068e-06
6.123447e-01  1.191927e-06
6.137632e-01  1.192788e-06
6.151752e-01  1.193649e-06
6.165904e-01  1.194509e-06
6.180092e-01  1.195371e-06
6.194406e-01  1.193101e-06
6.208656e-01  1.186857e-06
6.222942e-01  1.180645e-06
6.237355e-01  1.174467e-06
6.251704e-01  1.168244e-06
6.266089e-01  1.162130e-06
6.280508e-01  1.156125e-06
6.295051e-01  1.153927e-06
6.309536e-01  1.153625e-06
6.324054e-01  1.153398e-06
6.338701e-01  1.153095e-06
6.353284e-01  1.152868e-06
6.367903e-01  1.152642e-06
6.382552e-01  1.152340e-06
6.397335e-01  1.152112e-06
6.412055e-01  1.151810e-06
6.426806e-01  1.151583e-06
6.441691e-01  1.151281e-06
6.456514e-01  1.151056e-06
6.471367e-01  1.150753e-06
6.486359e-01  1.147512e-06
6.501281e-01  1.135012e-06
6.516237e-01  1.120956e-06
6.531228e-01  1.107001e-06
6.546358e-01  1.095589e-06
6.561418e-01  1.094009e-06
6.576516e-01  1.094511e-06
6.591748e-01  1.095014e-06
6.606912e-01  1.095589e-06
6.622115e-01  1.096307e-06
6.637349e-01  1.097027e-06
6.652722e-01  1.097746e-06
6.668030e-01  1.098466e-06
6.683370e-01  1.099259e-06
6.698849e-01  1.099981e-06
6.714263e-01  1.113117e-06
6.729710e-01  1.128554e-06
6.745296e-01  1.144206e-06
6.760817e-01  1.152188e-06
6.776374e-01  1.152491e-06
6.791963e-01  1.152793e-06
6.807694e-01  1.153095e-06
6.823358e-01  1.153398e-06
6.839056e-01  1.153700e-06
6.854896e-01  1.154003e-06
6.870669e-01  1.154306e-06
6.886475e-01  1.154609e-06
6.902318e-01  1.154987e-06
6.918307e-01  1.155291e-06
6.934223e-01  1.155594e-06
6.950175e-01  1.153246e-06
6.966276e-01  1.143530e-06
6.982302e-01  1.133970e-06
6.998365e-01  1.124343e-06
7.014468e-01  1.114871e-06
7.030715e-01  1.105622e-06
7.046889e-01  1.102292e-06
7.063104e-01  1.100197e-06
7.079463e-01  1.098107e-06
7.095753e-01  1.096020e-06
7.112077e-01  1.093865e-06
7.128549e-01  1.091787e-06
7.144952e-01  1.089712e-06
7.161389e-01  1.083157e-06
7.177867e-01  1.069672e-06
7.194492e-01  1.056426e-06
7.211043e-01  1.044027e-06
7.227636e-01  1.043273e-06
7.244376e-01  1.043206e-06
7.261041e-01  1.043206e-06
7.277749e-01  1.043137e-06
7.294492e-01  1.043069e-06
7.311387e-01  1.043069e-06
7.328210e-01  1.043069e-06
7.345069e-01  1.041838e-06
7.362084e-01  1.027385e-06
7.379021e-01  1.008887e-06
7.395997e-01  1.002293e-06
7.413015e-01  1.034144e-06
7.430184e-01  1.072552e-06
7.447277e-01  1.112532e-06
7.464414e-01  1.144656e-06
7.481702e-01  1.140684e-06
7.498914e-01  1.131816e-06
7.516169e-01  1.123016e-06
7.533577e-01  1.114213e-06
7.550908e-01  1.105695e-06
7.568283e-01  1.102436e-06
7.585694e-01  1.102363e-06
7.603263e-01  1.102219e-06
7.620758e-01  1.102147e-06
7.638294e-01  1.102003e-06
7.655981e-01  1.101930e-06
7.673598e-01  1.101858e-06
7.691255e-01  1.101714e-06
7.708949e-01  1.101641e-06
7.726803e-01  1.101497e-06
7.744583e-01  1.101424e-06
7.762399e-01  1.101352e-06
7.780378e-01  1.101208e-06
7.798280e-01  1.101135e-06
7.816221e-01  1.101064e-06
7.834202e-01  1.144356e-06
7.852351e-01  1.205924e-06
7.870415e-01  1.259685e-06
7.888521e-01  1.188259e-06
7.906796e-01  1.120735e-06
7.924985e-01  1.091429e-06
7.943217e-01  1.134788e-06
7.961494e-01  1.178712e-06
7.979934e-01  1.178557e-06
7.998292e-01  1.152037e-06
8.016696e-01  1.127075e-06
8.035264e-01  1.125893e-06
8.053753e-01  1.129368e-06
8.072281e-01  1.132855e-06
8.090977e-01  1.136353e-06
8.109594e-01  1.139936e-06
8.128251e-01  1.123238e-06
8.146954e-01  1.086928e-06
8.165823e-01  1.051724e-06
8.184609e-01  1.017593e-06
8.203441e-01  1.005650e-06
8.222441e-01  1.026307e-06
8.241357e-01  1.047387e-06
8.260321e-01  1.068971e-06
8.279324e-01  1.072904e-06
8.298504e-01  1.043547e-06
8.317594e-01  1.014528e-06
8.336729e-01  9.892301e-07
8.356042e-01  9.977010e-07
8.375265e-01  1.012002e-06
8.394533e-01  1.026576e-06
8.413849e-01  1.026980e-06
8.433336e-01  1.016393e-06
8.452737e-01  1.005981e-06
8.472187e-01  9.956093e-07
8.491809e-01  9.853450e-07
8.511345e-01  9.765313e-07
8.530930e-01  9.779416e-07
8.550688e-01  9.793529e-07
8.570359e-01  9.807673e-07
8.590080e-01  9.821837e-07
8.609841e-01  9.836021e-07
8.629783e-01  9.850867e-07
8.649640e-01  9.836021e-07
8.669543e-01  9.764033e-07
8.689618e-01  9.692571e-07
8.709613e-01  9.621633e-07
8.729654e-01  9.550583e-07
8.749737e-01  9.480684e-07
8.770002e-01  9.410684e-07
8.790182e-01  9.409441e-07
8.810404e-01  9.465771e-07
8.830809e-01  9.522438e-07
8.851129e-01  9.580067e-07
8.871491e-01  9.638055e-07
8.891901e-01  9.674149e-07
8.912499e-01  9.264921e-07
8.933003e-01  9.175426e-07
8.953553e-01  9.086194e-07
8.974295e-01  8.997245e-07
8.994941e-01  8.909746e-07
9.015634e-01  8.892812e-07
9.036379e-01  8.904487e-07
9.057308e-01  8.916177e-07
9.078149e-01  8.927874e-07
9.099033e-01  8.940186e-07
9.120108e-01  8.951915e-07
9.141093e-01  8.966611e-07
9.162122e-01  9.032720e-07
9.183343e-01  9.107078e-07
9.204474e-01  9.182049e-07
9.225649e-01  9.257025e-07
9.246877e-01  9.306945e-07
9.268294e-01  9.352838e-07
9.289616e-01  9.412530e-07
9.310991e-01  9.473845e-07
9.332556e-01  9.535560e-07
9.354026e-01  9.597677e-07
9.375550e-01  9.663369e-07
9.397119e-01  9.609017e-07
9.418888e-01  9.553087e-07
9.440556e-01  9.575677e-07
9.462274e-01  9.541822e-07
9.484194e-01  9.526184e-07
9.506013e-01  9.748030e-07
9.527882e-01  9.683671e-07
9.549954e-01  9.816687e-07
9.571924e-01  9.920894e-07
9.593944e-01  9.834732e-07
9.616020e-01  9.641847e-07
9.638292e-01  9.452120e-07
9.660465e-01  9.179641e-07
9.682694e-01  8.716114e-07
9.705120e-01  8.480964e-07
9.727447e-01  8.337561e-07
9.749830e-01  8.255941e-07
9.772264e-01  8.183166e-07
9.794893e-01  8.109961e-07
9.817431e-01  8.037942e-07
9.840021e-01  7.966044e-07
9.862811e-01  7.856043e-07
9.885501e-01  7.711568e-07
9.908248e-01  7.570250e-07
9.931042e-01  7.430547e-07
9.954043e-01  7.293422e-07
9.976947e-01  7.195071e-07
9.999900e-01  7.339486e-07
1.002306e+00  7.511401e-07
1.004612e+00  7.687835e-07
1.006923e+00  7.868940e-07
1.009240e+00  8.054828e-07
1.011578e+00  8.179940e-07
1.013905e+00  8.276540e-07
1.016238e+00  8.374281e-07
1.018592e+00  8.473735e-07
1.020935e+00  8.550215e-07
1.023284e+00  8.591817e-07
1.025638e+00  8.633613e-07
1.028014e+00  8.675621e-07
1.030379e+00  8.718400e-07
1.032750e+00  8.760820e-07
1.035142e+00  8.646081e-07
1.037524e+00  8.515519e-07
1.039910e+00  8.389128e-07
1.042319e+00  8.311360e-07
1.044717e+00  8.235393e-07
1.047121e+00  8.160651e-07
1.049530e+00  8.125933e-07
1.051961e+00  8.184771e-07
1.054381e+00  8.234305e-07
1.056807e+00  8.283600e-07
1.059238e+00  8.333740e-07
1.061692e+00  8.384176e-07
1.064135e+00  8.610436e-07
1.066599e+00  8.869516e-07
1.069037e+00  9.136994e-07
1.071513e+00  9.413152e-07
1.073978e+00  9.473229e-07
1.076466e+00  9.480067e-07
1.078942e+00  9.486900e-07
1.081424e+00  9.493748e-07
1.083930e+00  9.500601e-07
1.086423e+00  9.507459e-07
1.088923e+00  9.514322e-07
1.091428e+00  9.521189e-07
1.093956e+00  9.264310e-07
1.096473e+00  8.941358e-07
1.099013e+00  8.628525e-07
1.101541e+00  8.179408e-07
1.104075e+00  7.768432e-07
1.106616e+00  7.880817e-07
1.109162e+00  7.995356e-07
1.111731e+00  8.111560e-07
1.114289e+00  8.229453e-07
1.116853e+00  8.349602e-07
1.119439e+00  8.472065e-07
1.122015e+00  8.436580e-07
1.124596e+00  8.357276e-07
1.127201e+00  8.278172e-07
1.129794e+00  8.199816e-07
1.132394e+00  8.122201e-07
1.134999e+00  8.045330e-07
1.137628e+00  7.968651e-07
1.140245e+00  7.990637e-07
1.142869e+00  8.028985e-07
1.145498e+00  8.068051e-07
1.148151e+00  8.107299e-07
1.150793e+00  8.146746e-07
1.153441e+00  8.186385e-07
1.156112e+00  8.226752e-07
1.158772e+00  8.213811e-07
1.161438e+00  8.173508e-07
1.164128e+00  8.133931e-07
1.166806e+00  8.094554e-07
1.169491e+00  8.054828e-07
1.172200e+00  8.015834e-07
1.174897e+00  7.920715e-07
1.177600e+00  7.716123e-07
1.180309e+00  7.515830e-07
1.183043e+00  7.471597e-07
1.185765e+00  7.478465e-07
1.188493e+00  7.484844e-07
1.191228e+00  7.491229e-07
1.193987e+00  7.498107e-07
1.196734e+00  7.504999e-07
1.199487e+00  7.511401e-07
1.202247e+00  7.518297e-07
1.205032e+00  7.524710e-07
1.207804e+00  7.500568e-07
1.210601e+00  7.401846e-07
1.213387e+00  7.303955e-07
1.216178e+00  7.267156e-07
1.218976e+00  7.313537e-07
1.221800e+00  7.359735e-07
1.224611e+00  7.406707e-07
1.227428e+00  7.453979e-07
1.230271e+00  7.509424e-07
1.233102e+00  7.641083e-07
1.235938e+00  7.775051e-07
1.238802e+00  7.911890e-07
1.241652e+00  8.051661e-07
1.244508e+00  8.193901e-07
1.247372e+00  8.188532e-07
1.250261e+00  8.153165e-07
1.253137e+00  8.117415e-07
1.256020e+00  8.081822e-07
1.258929e+00  8.046385e-07
1.261826e+00  8.011103e-07
1.264729e+00  7.975976e-07
1.267639e+00  7.940486e-07
1.270555e+00  7.905669e-07
1.273498e+00  7.870484e-07
1.276429e+00  7.835973e-07
1.279365e+00  7.779643e-07
1.282328e+00  7.719166e-07
1.285279e+00  7.658646e-07
1.288236e+00  7.598607e-07
1.291219e+00  7.539040e-07
1.294190e+00  7.479932e-07
1.297168e+00  7.421294e-07
1.300173e+00  7.369877e-07
1.303164e+00  7.319300e-07
1.306162e+00  7.268589e-07
1.309167e+00  7.218230e-07
1.312199e+00  7.168220e-07
1.315218e+00  7.118093e-07
1.318244e+00  7.068776e-07
1.321298e+00  7.019345e-07
1.324337e+00  7.041480e-07
1.327385e+00  7.085023e-07
1.330438e+00  7.128836e-07
1.333520e+00  7.173394e-07
1.336588e+00  7.218230e-07
1.339663e+00  7.218230e-07
1.342746e+00  7.180928e-07
1.345856e+00  7.143348e-07
1.348952e+00  7.105964e-07
1.352056e+00  7.068316e-07
1.355187e+00  7.031325e-07
1.358305e+00  6.994528e-07
1.361430e+00  6.957923e-07
1.364583e+00  6.921059e-07
1.367723e+00  6.884384e-07
1.370870e+00  6.848355e-07
1.374024e+00  6.812072e-07
1.377207e+00  6.800465e-07
1.380375e+00  6.829520e-07
1.383572e+00  6.859145e-07
1.386756e+00  6.888450e-07
1.389946e+00  6.918331e-07
1.393144e+00  6.948348e-07
1.396371e+00  6.978488e-07
1.399583e+00  7.008766e-07
1.402803e+00  7.038704e-07
1.406053e+00  7.066463e-07
1.409287e+00  7.094325e-07
1.412529e+00  7.122760e-07
1.415780e+00  7.151316e-07
1.419059e+00  7.179513e-07
1.422324e+00  7.208766e-07
1.425596e+00  7.220600e-07
1.428876e+00  7.157417e-07
1.432186e+00  7.095255e-07
1.435481e+00  7.033169e-07
1.438784e+00  6.971173e-07
1.442116e+00  6.910172e-07
1.445434e+00  6.849253e-07
1.448760e+00  6.788878e-07
1.452093e+00  6.764876e-07
1.455456e+00  6.743172e-07
1.458805e+00  6.721537e-07
1.462183e+00  6.699965e-07
1.465548e+00  6.678469e-07
1.468920e+00  6.657042e-07
1.472299e+00  6.635684e-07
1.475710e+00  6.614388e-07
1.479104e+00  6.597061e-07
1.482507e+00  6.695575e-07
1.485941e+00  6.796009e-07
1.489360e+00  6.897942e-07
1.492786e+00  7.002330e-07
1.496244e+00  7.037781e-07
1.499663e+00  6.948800e-07
1.503137e+00  6.860497e-07
1.506595e+00  6.773310e-07
1.510061e+00  6.687238e-07
1.513559e+00  6.602252e-07
1.517041e+00  6.532904e-07
1.520531e+00  6.498292e-07
1.524053e+00  6.463857e-07
1.527560e+00  6.429611e-07
1.531075e+00  6.395540e-07
1.534620e+00  6.361656e-07
1.538151e+00  6.327534e-07
1.541691e+00  6.313441e-07
1.545237e+00  6.320066e-07
1.548816e+00  6.327116e-07
1.552380e+00  6.333762e-07
1.555952e+00  6.340827e-07
1.559531e+00  6.347900e-07
1.563144e+00  6.355401e-07
1.566740e+00  6.362490e-07
1.570344e+00  6.380881e-07
1.573982e+00  6.418232e-07
1.577603e+00  6.455808e-07
1.581232e+00  6.493605e-07
1.584871e+00  6.531616e-07
1.588541e+00  6.570290e-07
1.592196e+00  6.547061e-07
1.595884e+00  6.515360e-07
1.599556e+00  6.483391e-07
1.603236e+00  6.451998e-07
1.606925e+00  6.420339e-07
1.610646e+00  6.388836e-07
1.614353e+00  6.357487e-07
1.618066e+00  6.326286e-07
1.621814e+00  6.349984e-07
1.625546e+00  6.391349e-07
1.629285e+00  6.433409e-07
1.633034e+00  6.476166e-07
1.636817e+00  6.518778e-07
1.640582e+00  6.562103e-07
1.644357e+00  6.605722e-07
1.648140e+00  6.503829e-07
1.651957e+00  6.375021e-07
1.655759e+00  6.288645e-07
1.659593e+00  6.362070e-07
1.663412e+00  6.436783e-07
1.667239e+00  6.512368e-07
1.671074e+00  6.534192e-07
1.674920e+00  6.418232e-07
1.678799e+00  6.304336e-07
1.682661e+00  6.192461e-07
1.686533e+00  6.081768e-07
1.690439e+00  5.999366e-07
1.694328e+00  5.961319e-07
1.698227e+00  5.923514e-07
1.702160e+00  5.885948e-07
1.706076e+00  5.848621e-07
1.710001e+00  5.963664e-07
1.713962e+00  6.129018e-07
1.717905e+00  6.299789e-07
1.721858e+00  6.475739e-07
1.725820e+00  6.519632e-07
1.729816e+00  6.509807e-07
1.733796e+00  6.499567e-07
1.737786e+00  6.489772e-07
1.741811e+00  6.479563e-07
1.745818e+00  6.469798e-07
1.749835e+00  6.459621e-07
1.753861e+00  6.449880e-07
1.757923e+00  6.232800e-07
1.761968e+00  5.809245e-07
1.766021e+00  5.811908e-07
1.770111e+00  5.816866e-07
1.774184e+00  5.821828e-07
1.778266e+00  5.827179e-07
1.782385e+00  5.832150e-07
1.786486e+00  5.837504e-07
1.790596e+00  5.885559e-07
1.794715e+00  5.941022e-07
1.798873e+00  5.996611e-07
1.803011e+00  6.024600e-07
1.807159e+00  6.022623e-07
1.811345e+00  6.020652e-07
1.815512e+00  6.019068e-07
1.819689e+00  6.017098e-07
1.823904e+00  6.015521e-07
1.828100e+00  6.013944e-07
1.832307e+00  6.012361e-07
1.836522e+00  5.989533e-07
1.840748e+00  5.930121e-07
1.845011e+00  5.870911e-07
1.849257e+00  5.812292e-07
1.853511e+00  5.808477e-07
1.857804e+00  5.902571e-07
1.862079e+00  5.998970e-07
1.866363e+00  6.014732e-07
1.870656e+00  6.008818e-07
1.874990e+00  6.002909e-07
1.879303e+00  5.997001e-07
1.883627e+00  5.990714e-07
1.887990e+00  5.984824e-07
1.892333e+00  5.978939e-07
1.896687e+00  5.973060e-07
1.901081e+00  5.967187e-07
1.905454e+00  5.960926e-07
1.909838e+00  5.955064e-07
1.914262e+00  5.949209e-07
1.918666e+00  5.943359e-07
1.923080e+00  5.937123e-07
1.927505e+00  5.906832e-07
1.931969e+00  5.877072e-07
1.936414e+00  5.847087e-07
1.940869e+00  5.817250e-07
1.945365e+00  5.787565e-07
1.949840e+00  5.758031e-07
1.954326e+00  5.728648e-07
1.958823e+00  5.699421e-07
1.963359e+00  5.750481e-07
1.967877e+00  5.805432e-07
1.972405e+00  5.860521e-07
1.976972e+00  5.916914e-07
1.981521e+00  5.887492e-07
1.986081e+00  5.857835e-07
1.990650e+00  5.828322e-07
1.995260e+00  5.798963e-07
1.999852e+00  5.769753e-07
2.004452e+00  5.740310e-07
2.009096e+00  5.728276e-07
2.013718e+00  5.772022e-07
2.018350e+00  5.815725e-07
2.023026e+00  5.860521e-07
2.027680e+00  5.888647e-07
2.032345e+00  5.818775e-07
2.037020e+00  5.750107e-07
2.041739e+00  5.723015e-07
2.046436e+00  5.767484e-07
2.051144e+00  5.811908e-07
2.055896e+00  5.857067e-07
2.060625e+00  5.886331e-07
2.065367e+00  5.884405e-07
2.070118e+00  5.882474e-07
2.074913e+00  5.880931e-07
2.079687e+00  5.879001e-07
2.084473e+00  5.877072e-07
2.089300e+00  5.875149e-07
2.094107e+00  5.873221e-07
2.098926e+00  5.871293e-07
2.103754e+00  5.869372e-07
2.108627e+00  5.867446e-07
2.113479e+00  5.865907e-07
2.118341e+00  5.863982e-07
2.123214e+00  5.862057e-07
2.128133e+00  5.860139e-07
2.133029e+00  5.849768e-07
2.137936e+00  5.827558e-07
2.142888e+00  5.805432e-07
2.147818e+00  5.783390e-07
2.152759e+00  5.761052e-07
2.157746e+00  5.739178e-07
2.162710e+00  5.717016e-07
2.167686e+00  5.695310e-07
2.172673e+00  5.675543e-07
2.177706e+00  5.671081e-07
2.182715e+00  5.666616e-07
2.187738e+00  5.662902e-07
2.192805e+00  5.658818e-07
2.197849e+00  5.654736e-07
2.202907e+00  5.650657e-07
2.207976e+00  5.646214e-07
2.213088e+00  5.642881e-07
2.218181e+00  5.682619e-07
2.223285e+00  5.723015e-07
2.228433e+00  5.763324e-07
2.233561e+00  5.796300e-07
2.238700e+00  5.764454e-07
2.243885e+00  5.732410e-07
2.249047e+00  5.700539e-07
2.254222e+00  5.669219e-07
2.259443e+00  5.637705e-07
2.264642e+00  5.620720e-07
2.269852e+00  5.618509e-07
2.275074e+00  5.616294e-07
2.280345e+00  5.614086e-07
2.285591e+00  5.611878e-07
2.290849e+00  5.609671e-07
2.296156e+00  5.607095e-07
2.301438e+00  5.604890e-07
2.306732e+00  5.602686e-07
2.312039e+00  5.600478e-07
2.317395e+00  5.598275e-07
2.322726e+00  5.596074e-07
2.328071e+00  5.593504e-07
2.333463e+00  5.590935e-07
2.338831e+00  5.588736e-07
2.344213e+00  5.575558e-07
2.349606e+00  5.555845e-07
2.355048e+00  5.535843e-07
2.360467e+00  5.516270e-07
2.365898e+00  5.496405e-07
2.371341e+00  5.476616e-07
2.376833e+00  5.456893e-07
2.382302e+00  5.437246e-07
2.387783e+00  5.434390e-07
2.393313e+00  5.447595e-07
2.398820e+00  5.460832e-07
2.404339e+00  5.474101e-07
2.409907e+00  5.487402e-07
2.415453e+00  5.501093e-07
2.421010e+00  5.514460e-07
2.426579e+00  5.498930e-07
2.432200e+00  5.477690e-07
2.437796e+00  5.456177e-07
2.443404e+00  5.434749e-07
2.449064e+00  5.413405e-07
2.454699e+00  5.391788e-07
2.460346e+00  5.370613e-07
2.466045e+00  5.348819e-07
2.471718e+00  5.327109e-07
2.477405e+00  5.305492e-07
2.483105e+00  5.283962e-07
2.488856e+00  5.293675e-07
2.494582e+00  5.309321e-07
2.500322e+00  5.325014e-07
2.506113e+00  5.340753e-07
2.511878e+00  5.356892e-07
2.517658e+00  5.373080e-07
2.523451e+00  5.388962e-07
2.529296e+00  5.405598e-07
2.535115e+00  5.422286e-07
2.540948e+00  5.440098e-07
2.546833e+00  5.451527e-07
2.552692e+00  5.420507e-07
2.558566e+00  5.388606e-07
2.564452e+00  5.356190e-07
2.570393e+00  5.325712e-07
2.576306e+00  5.295063e-07
2.582233e+00  5.264938e-07
2.588215e+00  5.241853e-07
2.594169e+00  5.231204e-07
2.600137e+00  5.220921e-07
2.606119e+00  5.210315e-07
2.612156e+00  5.199735e-07
2.618165e+00  5.189514e-07
2.624188e+00  5.179314e-07
2.630268e+00  5.169470e-07
2.636319e+00  5.159309e-07
2.642385e+00  5.149167e-07
2.648505e+00  5.138707e-07
2.654598e+00  5.182031e-07
2.660706e+00  5.304451e-07
2.666828e+00  5.431900e-07
2.673004e+00  5.452602e-07
2.679154e+00  5.448669e-07
2.685319e+00  5.444739e-07
2.691537e+00  5.440811e-07
2.697730e+00  5.436887e-07
2.703938e+00  5.432965e-07
2.710158e+00  5.429046e-07
2.716435e+00  5.424778e-07
2.722686e+00  5.420865e-07
2.728949e+00  5.416602e-07
2.735270e+00  5.412695e-07
2.741564e+00  5.408791e-07
2.747871e+00  5.404890e-07
2.754235e+00  5.400991e-07
2.760573e+00  5.397095e-07
2.766924e+00  5.393558e-07
2.773289e+00  5.368501e-07
2.779713e+00  5.324316e-07
2.786108e+00  5.280500e-07
2.792518e+00  5.237039e-07
2.798987e+00  5.209632e-07
2.805426e+00  5.201099e-07
2.811880e+00  5.192917e-07
2.818350e+00  5.184412e-07
2.824878e+00  5.175915e-07
2.831376e+00  5.167437e-07
2.837891e+00  5.158968e-07
2.844464e+00  5.150853e-07
2.851008e+00  5.142416e-07
2.857568e+00  5.133993e-07
2.864187e+00  5.125917e-07
2.870777e+00  5.117516e-07
2.877381e+00  5.105449e-07
2.884002e+00  5.079065e-07
2.890682e+00  5.052814e-07
2.897333e+00  5.026702e-07
2.903999e+00  5.000726e-07
2.910725e+00  4.975208e-07
2.917422e+00  4.949497e-07
2.924134e+00  6.676662e-06
2.930861e+00  6.706503e-06
2.937651e+00  6.736484e-06
2.942230e+00  4.065312e-03
3.200732e+00  4.065312e-03
3.206265e+00  4.845107e-07
3.213642e+00  4.803975e-07
3.221036e+00  4.763502e-07
3.228496e+00  4.722745e-07
3.235925e+00  4.682038e-07
3.243370e+00  4.714392e-07
3.250833e+00  4.799563e-07
3.258362e+00  4.886278e-07
3.265859e+00  4.881791e-07
3.273373e+00  4.868681e-07
3.280954e+00  4.855927e-07
3.288503e+00  4.842887e-07
3.296069e+00  4.829881e-07
3.303703e+00  4.816911e-07
3.311305e+00  4.760999e-07
3.318922e+00  4.697108e-07
3.326558e+00  4.633768e-07
3.334264e+00  4.626785e-07
3.341934e+00  4.695877e-07
3.349623e+00  4.766310e-07
3.357382e+00  4.840343e-07
3.365106e+00  4.877631e-07
3.372848e+00  4.858790e-07
3.380609e+00  4.839708e-07
3.388438e+00  4.820701e-07
3.396234e+00  4.801768e-07
3.404048e+00  4.782910e-07
3.411932e+00  4.763811e-07
3.419782e+00  4.753201e-07
3.427651e+00  4.747591e-07
3.435538e+00  4.742301e-07
3.443493e+00  4.737330e-07
3.451417e+00  4.733292e-07
3.459358e+00  4.729566e-07
3.467369e+00  4.725847e-07
3.475347e+00  4.722126e-07
3.483344e+00  4.718413e-07
3.491358e+00  4.733292e-07
3.499444e+00  4.753201e-07
3.507496e+00  4.773194e-07
3.515565e+00  4.793270e-07
3.523708e+00  4.759127e-07
3.531816e+00  4.702658e-07
3.539941e+00  4.646548e-07
3.548084e+00  5.963664e-07
3.556304e+00  6.217282e-07
3.564485e+00  3.153626e-05
3.569603e+00  4.065312e-03
3.866133e+00  4.065312e-03
3.872579e+00  1.637352e-06
3.881488e+00  1.088998e-06
3.890419e+00  1.343487e-06
3.899430e+00  2.431975e-06
3.908400e+00  1.717540e-06
3.917394e+00  1.234818e-06
3.926407e+00  2.572079e-06
3.935500e+00  1.713490e-06
3.944555e+00  1.113263e-06
3.953632e+00  1.411690e-06
3.962789e+00  2.028483e-06
3.971905e+00  1.337860e-06
3.981044e+00  1.345780e-06
3.990203e+00  1.931622e-06
3.999447e+00  2.080631e-06
4.008647e+00  1.838181e-06
4.017869e+00  1.623769e-06
4.027177e+00  1.979591e-06
4.036442e+00  2.573768e-06
4.045728e+00  3.026791e-06
4.055100e+00  2.436923e-06
4.064429e+00  1.933905e-06
4.073779e+00  4.143477e-06
4.083151e+00  1.803889e-05
4.089202e+00  4.065312e-03
4.249825e+00  4.065312e-03
4.255990e+00  2.463582e-05
4.265783e+00  5.712095e-06
4.275597e+00  2.129503e-06
4.285500e+00  3.774259e-06
4.295361e+00  4.194885e-06
4.305242e+00  2.574273e-06
4.315147e+00  1.998768e-06
4.325143e+00  3.616739e-06
4.335093e+00  4.369842e-06
4.345066e+00  2.957324e-06
4.355132e+00  1.997458e-06
4.365151e+00  1.885187e-06
4.375193e+00  2.469910e-06
4.385260e+00  3.229421e-06
4.395417e+00  2.535732e-06
4.405529e+00  1.913591e-06
4.415666e+00  2.348426e-06
4.425826e+00  3.366981e-06
4.436075e+00  4.227755e-06
4.446282e+00  3.137764e-06
4.456513e+00  2.413859e-06
4.466835e+00  3.559087e-06
4.477111e+00  4.665748e-06
4.487413e+00  3.555819e-06
4.497806e+00  2.592064e-06
4.508154e+00  1.886300e-06
4.518527e+00  1.778527e-06
4.528992e+00  4.889118e-06
4.539413e+00  4.664833e-06
4.549856e+00  2.781053e-06
4.560323e+00  2.665158e-06
4.570888e+00  3.616977e-06
4.581403e+00  4.636159e-06
4.591943e+00  5.598962e-06
4.602580e+00  5.217795e-06
4.613169e+00  4.126390e-06
4.623782e+00  2.823880e-06
4.634419e+00  3.616977e-06
4.645155e+00  4.897786e-06
4.655841e+00  5.829422e-06
4.666554e+00  4.860028e-06
4.677362e+00  4.021391e-06
4.688123e+00  8.188462e-06
4.695359e+00  4.065312e-03
