# LHCb B+ -> K+ mu mu excluded (FIPs 2022 version; cf. the GKOZ recast in ../lhcb_bkmumu_excluded.dat)
# Extracted from arXiv:2305.01715 (FIPs 2022 report), ALPs_fermions_fips2022_text_logo.pdf
# Date: 2026-07-12
# NOTE: pre-GKOZ phenomenology (see module docstring).
# Source y axis g_Y = 2 v_h/f; stored as 1/f (BNT) = g_Y/246.
# Format: chains separated by blank line; each row "mass_GeV  invf_GeV^-1"
# chain: 1238 vertices
2.139531e-01  4.065312e-03
2.142867e-01  7.565724e-06
2.147830e-01  7.358222e-06
2.152771e-01  7.186518e-06
2.157725e-01  7.039574e-06
2.162722e-01  6.911469e-06
2.167697e-01  6.798175e-06
2.172685e-01  6.695082e-06
2.177684e-01  6.596569e-06
2.182727e-01  6.500364e-06
2.187750e-01  6.405985e-06
2.192783e-01  6.324992e-06
2.197862e-01  6.246248e-06
2.202919e-01  6.168897e-06
2.207987e-01  6.059026e-06
2.213067e-01  5.911045e-06
2.218193e-01  5.765542e-06
2.223296e-01  5.628789e-06
2.228446e-01  5.494197e-06
2.233573e-01  5.362473e-06
2.238711e-01  5.236654e-06
2.243863e-01  5.179949e-06
2.249025e-01  5.126207e-06
2.254234e-01  5.076024e-06
2.259421e-01  5.026333e-06
2.264619e-01  4.977122e-06
2.269865e-01  4.930663e-06
2.275087e-01  4.814657e-06
2.280321e-01  4.611897e-06
2.285603e-01  4.419417e-06
2.290861e-01  4.235246e-06
2.296131e-01  4.058750e-06
2.301415e-01  3.891143e-06
2.306745e-01  3.730208e-06
2.312053e-01  3.663294e-06
2.317372e-01  3.609864e-06
2.322739e-01  3.556986e-06
2.328084e-01  3.505111e-06
2.333440e-01  3.454445e-06
2.338844e-01  3.404732e-06
2.344226e-01  3.361685e-06
2.349619e-01  3.330959e-06
2.355024e-01  3.300513e-06
2.360480e-01  3.270346e-06
2.365910e-01  3.241093e-06
2.371354e-01  3.212099e-06
2.376846e-01  3.183157e-06
2.382314e-01  3.126054e-06
2.387796e-01  3.063137e-06
2.393326e-01  3.001291e-06
2.398832e-01  2.941271e-06
2.404352e-01  2.882448e-06
2.409883e-01  2.824620e-06
2.415465e-01  2.781783e-06
2.421023e-01  2.775951e-06
2.426592e-01  2.769948e-06
2.432176e-01  2.764504e-06
2.437809e-01  2.758887e-06
2.443417e-01  2.753285e-06
2.449040e-01  2.748052e-06
2.454712e-01  2.782696e-06
2.460359e-01  2.832969e-06
2.466020e-01  2.884528e-06
2.471694e-01  2.936835e-06
2.477418e-01  2.990288e-06
2.483119e-01  3.044911e-06
2.488831e-01  3.088557e-06
2.494596e-01  3.081070e-06
2.500336e-01  3.074005e-06
2.506088e-01  3.066756e-06
2.511893e-01  3.059724e-06
2.517672e-01  3.052909e-06
2.523464e-01  3.045908e-06
2.529271e-01  3.038525e-06
2.535129e-01  3.030962e-06
2.540961e-01  3.023219e-06
2.546807e-01  3.015695e-06
2.552706e-01  3.008385e-06
2.558579e-01  3.000897e-06
2.564466e-01  2.993033e-06
2.570406e-01  2.981082e-06
2.576320e-01  2.969181e-06
2.582247e-01  2.957324e-06
2.588188e-01  2.945710e-06
2.594183e-01  2.934141e-06
2.600151e-01  2.922618e-06
2.606134e-01  2.873953e-06
2.612130e-01  2.798803e-06
2.618180e-01  2.725437e-06
2.624204e-01  2.654168e-06
2.630241e-01  2.584764e-06
2.636333e-01  2.517173e-06
2.642399e-01  2.452798e-06
2.648478e-01  2.439322e-06
2.654612e-01  2.425920e-06
2.660721e-01  2.412591e-06
2.666842e-01  2.399495e-06
2.672978e-01  2.386311e-06
2.679169e-01  2.373355e-06
2.685332e-01  2.365740e-06
2.691511e-01  2.363724e-06
2.697745e-01  2.361709e-06
2.703951e-01  2.359696e-06
2.710173e-01  2.357685e-06
2.716408e-01  2.355831e-06
2.722700e-01  2.353977e-06
2.728964e-01  2.351662e-06
2.735243e-01  2.349658e-06
2.741536e-01  2.347502e-06
2.747886e-01  2.345502e-06
2.754208e-01  2.343348e-06
2.760587e-01  2.341350e-06
2.766939e-01  2.338742e-06
2.773304e-01  2.335217e-06
2.779686e-01  2.331849e-06
2.786124e-01  2.328487e-06
2.792533e-01  2.325131e-06
2.798959e-01  2.321778e-06
2.805398e-01  2.318277e-06
2.811895e-01  2.316911e-06
2.818366e-01  2.315847e-06
2.824849e-01  2.314632e-06
2.831393e-01  2.313569e-06
2.837907e-01  2.312507e-06
2.844436e-01  2.311445e-06
2.851025e-01  2.308869e-06
2.857584e-01  2.303123e-06
2.864158e-01  2.297388e-06
2.870748e-01  2.291671e-06
2.877397e-01  2.286116e-06
2.884017e-01  2.280426e-06
2.890653e-01  2.274898e-06
2.897348e-01  2.266855e-06
2.904015e-01  2.258099e-06
2.910696e-01  2.249526e-06
2.917437e-01  2.240985e-06
2.924150e-01  2.232477e-06
2.930877e-01  2.224000e-06
2.937621e-01  2.217446e-06
2.944425e-01  2.216284e-06
2.951199e-01  2.215120e-06
2.957989e-01  2.213958e-06
2.964794e-01  2.212798e-06
2.971661e-01  2.211781e-06
2.978499e-01  2.210622e-06
2.985351e-01  2.207145e-06
2.992265e-01  2.202806e-06
2.999151e-01  2.198476e-06
3.006050e-01  2.194155e-06
3.013014e-01  2.189842e-06
3.019945e-01  2.185538e-06
3.026893e-01  2.183531e-06
3.033856e-01  2.192860e-06
3.040885e-01  2.202083e-06
3.047880e-01  2.211345e-06
3.054892e-01  2.220793e-06
3.061969e-01  2.230281e-06
3.069013e-01  2.239810e-06
3.076075e-01  2.245990e-06
3.083199e-01  2.250118e-06
3.090292e-01  2.254401e-06
3.097403e-01  2.258694e-06
3.104529e-01  2.262993e-06
3.111719e-01  2.267302e-06
3.118879e-01  2.270427e-06
3.126054e-01  2.261213e-06
3.133294e-01  2.252035e-06
3.140504e-01  2.242897e-06
3.147730e-01  2.233795e-06
3.154972e-01  2.224731e-06
3.162279e-01  2.215703e-06
3.169556e-01  2.210332e-06
3.176847e-01  2.207869e-06
3.184205e-01  2.205407e-06
3.191532e-01  2.202949e-06
3.198874e-01  2.200495e-06
3.206233e-01  2.198043e-06
3.213661e-01  2.195594e-06
3.221054e-01  2.191997e-06
3.228464e-01  2.188405e-06
3.235943e-01  2.184820e-06
3.243387e-01  2.181240e-06
3.250849e-01  2.177667e-06
3.258380e-01  2.174100e-06
3.265876e-01  2.172532e-06
3.273389e-01  2.173102e-06
3.280921e-01  2.173815e-06
3.288520e-01  2.174385e-06
3.296085e-01  2.174955e-06
3.303670e-01  2.175669e-06
3.311271e-01  2.176381e-06
3.318939e-01  2.173671e-06
3.326576e-01  2.170680e-06
3.334230e-01  2.167693e-06
3.341953e-01  2.164851e-06
3.349641e-01  2.161872e-06
3.357349e-01  2.159037e-06
3.365125e-01  2.154368e-06
3.372866e-01  2.147033e-06
3.380627e-01  2.139723e-06
3.388404e-01  2.132439e-06
3.396252e-01  2.125038e-06
3.404067e-01  2.117803e-06
3.411898e-01  2.110592e-06
3.419747e-01  2.107964e-06
3.427669e-01  2.106030e-06
3.435555e-01  2.104235e-06
3.443458e-01  2.102303e-06
3.451435e-01  2.100511e-06
3.459376e-01  2.098585e-06
3.467334e-01  2.095558e-06
3.475366e-01  2.089657e-06
3.483362e-01  2.083772e-06
3.491377e-01  2.077903e-06
3.499409e-01  2.072186e-06
3.507514e-01  2.066350e-06
3.515585e-01  2.060531e-06
3.523672e-01  2.058641e-06
3.531833e-01  2.057829e-06
3.539960e-01  2.057020e-06
3.548106e-01  2.056211e-06
3.556268e-01  2.055536e-06
3.564505e-01  2.054728e-06
3.572707e-01  2.054054e-06
3.580926e-01  2.053515e-06
3.589220e-01  2.053112e-06
3.597478e-01  2.052708e-06
3.605755e-01  2.052305e-06
3.614106e-01  2.051901e-06
3.622422e-01  2.051496e-06
3.630755e-01  2.046794e-06
3.639108e-01  2.039957e-06
3.647538e-01  2.033146e-06
3.655930e-01  2.026489e-06
3.664340e-01  2.019854e-06
3.672829e-01  2.013109e-06
3.681278e-01  2.007177e-06
3.689747e-01  2.005334e-06
3.698237e-01  2.003362e-06
3.706803e-01  2.001392e-06
3.715330e-01  1.999556e-06
3.723879e-01  1.997590e-06
3.732504e-01  1.995756e-06
3.741091e-01  1.992877e-06
3.749699e-01  1.989352e-06
3.758327e-01  1.985832e-06
3.767032e-01  1.982319e-06
3.775698e-01  1.978811e-06
3.784386e-01  1.975311e-06
3.793151e-01  1.971817e-06
3.801877e-01  1.969231e-06
3.810625e-01  1.966649e-06
3.819451e-01  1.964071e-06
3.828238e-01  1.961497e-06
3.837047e-01  1.958925e-06
3.845874e-01  1.956357e-06
3.854783e-01  1.954562e-06
3.863651e-01  1.953280e-06
3.872540e-01  1.952129e-06
3.881511e-01  1.950847e-06
3.890440e-01  1.949569e-06
3.899390e-01  1.948418e-06
3.908363e-01  1.947141e-06
3.917415e-01  1.941658e-06
3.926427e-01  1.936190e-06
3.935462e-01  1.930609e-06
3.944577e-01  1.925172e-06
3.953651e-01  1.919751e-06
3.962749e-01  1.914344e-06
3.971927e-01  1.911960e-06
3.981064e-01  1.913214e-06
3.990225e-01  1.914595e-06
3.999405e-01  1.915977e-06
4.008668e-01  1.917233e-06
4.017892e-01  1.918617e-06
4.027137e-01  1.920002e-06
4.036401e-01  1.919247e-06
4.045750e-01  1.918366e-06
4.055059e-01  1.917611e-06
4.064388e-01  1.916731e-06
4.073802e-01  1.915851e-06
4.083175e-01  1.914971e-06
4.092569e-01  1.912963e-06
4.102048e-01  1.908953e-06
4.111486e-01  1.904825e-06
4.120945e-01  1.900832e-06
4.130490e-01  1.896847e-06
4.139994e-01  1.892745e-06
4.149518e-01  1.888777e-06
4.159064e-01  1.887415e-06
4.168699e-01  1.886672e-06
4.178289e-01  1.885931e-06
4.187901e-01  1.885064e-06
4.197603e-01  1.884323e-06
4.207260e-01  1.883580e-06
4.216939e-01  1.882099e-06
4.226642e-01  1.878770e-06
4.236431e-01  1.875445e-06
4.246179e-01  1.872128e-06
4.255948e-01  1.868938e-06
4.265805e-01  1.865630e-06
4.275620e-01  1.862330e-06
4.285457e-01  1.856719e-06
4.295317e-01  1.850155e-06
4.305266e-01  1.843735e-06
4.315170e-01  1.837336e-06
4.325099e-01  1.830961e-06
4.335117e-01  1.824488e-06
4.345090e-01  1.819468e-06
4.355088e-01  1.818873e-06
4.365107e-01  1.818276e-06
4.375219e-01  1.817679e-06
4.385284e-01  1.817084e-06
4.395373e-01  1.816488e-06
4.405555e-01  1.816012e-06
4.415690e-01  1.812798e-06
4.425849e-01  1.808286e-06
4.436101e-01  1.803903e-06
4.446307e-01  1.799530e-06
4.456536e-01  1.795051e-06
4.466790e-01  1.790700e-06
4.477136e-01  1.786594e-06
4.487435e-01  1.784253e-06
4.497761e-01  1.782030e-06
4.508178e-01  1.779811e-06
4.518549e-01  1.777594e-06
4.528947e-01  1.775381e-06
4.539368e-01  1.773053e-06
4.549879e-01  1.771542e-06
4.560349e-01  1.770381e-06
4.570842e-01  1.769336e-06
4.581426e-01  1.768177e-06
4.591968e-01  1.767133e-06
4.602534e-01  1.765975e-06
4.613194e-01  1.764816e-06
4.623807e-01  1.760538e-06
4.634446e-01  1.756272e-06
4.645108e-01  1.752015e-06
4.655867e-01  1.747768e-06
4.666580e-01  1.743532e-06
4.677315e-01  1.739306e-06
4.688076e-01  1.736457e-06
4.698936e-01  1.734862e-06
4.709746e-01  1.733271e-06
4.720581e-01  1.731566e-06
4.731516e-01  1.729976e-06
4.742401e-01  1.728389e-06
4.753311e-01  1.726802e-06
4.764323e-01  1.726802e-06
4.775283e-01  1.727029e-06
4.786269e-01  1.727143e-06
4.797282e-01  1.727255e-06
4.808393e-01  1.727369e-06
4.819457e-01  1.727481e-06
4.830545e-01  1.726576e-06
4.841733e-01  1.724426e-06
4.852874e-01  1.722165e-06
4.864038e-01  1.719909e-06
4.875230e-01  1.717765e-06
4.886521e-01  1.715515e-06
4.897763e-01  1.713265e-06
4.909033e-01  1.710122e-06
4.920403e-01  1.706984e-06
4.931724e-01  1.703740e-06
4.943070e-01  1.700503e-06
4.954442e-01  1.697271e-06
4.965919e-01  1.694047e-06
4.977343e-01  1.691270e-06
4.988794e-01  1.688943e-06
5.000351e-01  1.686728e-06
5.011854e-01  1.684519e-06
5.023384e-01  1.682310e-06
5.035021e-01  1.680104e-06
5.046604e-01  1.677901e-06
5.058214e-01  1.676032e-06
5.069853e-01  1.674275e-06
5.081595e-01  1.672518e-06
5.093286e-01  1.670654e-06
5.105005e-01  1.668901e-06
5.116829e-01  1.667152e-06
5.128601e-01  1.665294e-06
5.140401e-01  1.662783e-06
5.152230e-01  1.660387e-06
5.164160e-01  1.657883e-06
5.176043e-01  1.655494e-06
5.187953e-01  1.653106e-06
5.199966e-01  1.650613e-06
5.211931e-01  1.648990e-06
5.223924e-01  1.647585e-06
5.235942e-01  1.646073e-06
5.248069e-01  1.644671e-06
5.260145e-01  1.643269e-06
5.272246e-01  1.641868e-06
5.284457e-01  1.640684e-06
5.296616e-01  1.640254e-06
5.308801e-01  1.639824e-06
5.321015e-01  1.639394e-06
5.333341e-01  1.639071e-06
5.345611e-01  1.638641e-06
5.357908e-01  1.638211e-06
5.370320e-01  1.636063e-06
5.382675e-01  1.632955e-06
5.395058e-01  1.629959e-06
5.407556e-01  1.626861e-06
5.419996e-01  1.623769e-06
5.432468e-01  1.620684e-06
5.444965e-01  1.617816e-06
5.457576e-01  1.616013e-06
5.470134e-01  1.614213e-06
5.482718e-01  1.612309e-06
5.495417e-01  1.610511e-06
5.508062e-01  1.608717e-06
5.520733e-01  1.606924e-06
5.533436e-01  1.605976e-06
5.546252e-01  1.605555e-06
5.559014e-01  1.605134e-06
5.571803e-01  1.604713e-06
5.584708e-01  1.604292e-06
5.597558e-01  1.603871e-06
5.610436e-01  1.603451e-06
5.623343e-01  1.600613e-06
5.636370e-01  1.597782e-06
5.649336e-01  1.594954e-06
5.662333e-01  1.592133e-06
5.675450e-01  1.589315e-06
5.688506e-01  1.586607e-06
5.701593e-01  1.585255e-06
5.714801e-01  1.585567e-06
5.727948e-01  1.585879e-06
5.741126e-01  1.586191e-06
5.754336e-01  1.586399e-06
5.767663e-01  1.586712e-06
5.780932e-01  1.587023e-06
5.794234e-01  1.586815e-06
5.807654e-01  1.586504e-06
5.821015e-01  1.586296e-06
5.834409e-01  1.586088e-06
5.847834e-01  1.585879e-06
5.861378e-01  1.585567e-06
5.874862e-01  1.584424e-06
5.888380e-01  1.581932e-06
5.902019e-01  1.579443e-06
5.915596e-01  1.576959e-06
5.929208e-01  1.574480e-06
5.942848e-01  1.571899e-06
5.956613e-01  1.569427e-06
5.970319e-01  1.568193e-06
5.984054e-01  1.567163e-06
5.997913e-01  1.566136e-06
6.011715e-01  1.565110e-06
6.025545e-01  1.563981e-06
6.039500e-01  1.562955e-06
6.053397e-01  1.561829e-06
6.067323e-01  1.560395e-06
6.081284e-01  1.559065e-06
6.095369e-01  1.557635e-06
6.109392e-01  1.556204e-06
6.123450e-01  1.554878e-06
6.137632e-01  1.553452e-06
6.151752e-01  1.551312e-06
6.165907e-01  1.548974e-06
6.180092e-01  1.546741e-06
6.194406e-01  1.544410e-06
6.208659e-01  1.542082e-06
6.222942e-01  1.539757e-06
6.237355e-01  1.537839e-06
6.251707e-01  1.536932e-06
6.266089e-01  1.535924e-06
6.280508e-01  1.535018e-06
6.295054e-01  1.534112e-06
6.309539e-01  1.533106e-06
6.324054e-01  1.532201e-06
6.338701e-01  1.531699e-06
6.353287e-01  1.531197e-06
6.367903e-01  1.530796e-06
6.382552e-01  1.530393e-06
6.397338e-01  1.529992e-06
6.412055e-01  1.529591e-06
6.426806e-01  1.528588e-06
6.441694e-01  1.524982e-06
6.456514e-01  1.521287e-06
6.471367e-01  1.517600e-06
6.486359e-01  1.514021e-06
6.501281e-01  1.510351e-06
6.516237e-01  1.506788e-06
6.531231e-01  1.504518e-06
6.546358e-01  1.503038e-06
6.561418e-01  1.501560e-06
6.576516e-01  1.500084e-06
6.591748e-01  1.498609e-06
6.606915e-01  1.497135e-06
6.622115e-01  1.495564e-06
6.637352e-01  1.492527e-06
6.652725e-01  1.489495e-06
6.668030e-01  1.486469e-06
6.683373e-01  1.483451e-06
6.698852e-01  1.480437e-06
6.714263e-01  1.477431e-06
6.729713e-01  1.475784e-06
6.745299e-01  1.475107e-06
6.760817e-01  1.474430e-06
6.776374e-01  1.473753e-06
6.791963e-01  1.473173e-06
6.807694e-01  1.472497e-06
6.823358e-01  1.471822e-06
6.839056e-01  1.471339e-06
6.854899e-01  1.470760e-06
6.870669e-01  1.470278e-06
6.886475e-01  1.469795e-06
6.902321e-01  1.469314e-06
6.918307e-01  1.468735e-06
6.934223e-01  1.467291e-06
6.950179e-01  1.464791e-06
6.966276e-01  1.462295e-06
6.982302e-01  1.459708e-06
6.998368e-01  1.457221e-06
7.014468e-01  1.454738e-06
7.030715e-01  1.452259e-06
7.046892e-01  1.451592e-06
7.063104e-01  1.451117e-06
7.079463e-01  1.450547e-06
7.095753e-01  1.450071e-06
7.112080e-01  1.449595e-06
7.128549e-01  1.449119e-06
7.144952e-01  1.447790e-06
7.161392e-01  1.445323e-06
7.177867e-01  1.442766e-06
7.194492e-01  1.440308e-06
7.211046e-01  1.437854e-06
7.227636e-01  1.435309e-06
7.244376e-01  1.432864e-06
7.261045e-01  1.431549e-06
7.277749e-01  1.430329e-06
7.294492e-01  1.429203e-06
7.311390e-01  1.427985e-06
7.328210e-01  1.426862e-06
7.345069e-01  1.425740e-06
7.362084e-01  1.424431e-06
7.379021e-01  1.423030e-06
7.395997e-01  1.421631e-06
7.413015e-01  1.420233e-06
7.430184e-01  1.418743e-06
7.447277e-01  1.417348e-06
7.464414e-01  1.415954e-06
7.481702e-01  1.414933e-06
7.498917e-01  1.414006e-06
7.516169e-01  1.413171e-06
7.533577e-01  1.412245e-06
7.550912e-01  1.411411e-06
7.568283e-01  1.410486e-06
7.585698e-01  1.409376e-06
7.603267e-01  1.407437e-06
7.620758e-01  1.405407e-06
7.638294e-01  1.403473e-06
7.655985e-01  1.401541e-06
7.673598e-01  1.399611e-06
7.691255e-01  1.397594e-06
7.708949e-01  1.396403e-06
7.726807e-01  1.395579e-06
7.744583e-01  1.394755e-06
7.762399e-01  1.393841e-06
7.780381e-01  1.393018e-06
7.798280e-01  1.392104e-06
7.816221e-01  1.390645e-06
7.834206e-01  1.385818e-06
7.852351e-01  1.380920e-06
7.870415e-01  1.376127e-06
7.888525e-01  1.371353e-06
7.906796e-01  1.366593e-06
7.924985e-01  1.361852e-06
7.943221e-01  1.358729e-06
7.961494e-01  1.356591e-06
7.979934e-01  1.354547e-06
7.998296e-01  1.352416e-06
8.016696e-01  1.350289e-06
8.035264e-01  1.348254e-06
8.053753e-01  1.346222e-06
8.072285e-01  1.345427e-06
8.090977e-01  1.344544e-06
8.109594e-01  1.343752e-06
8.128254e-01  1.342870e-06
8.146954e-01  1.342077e-06
8.165823e-01  1.341287e-06
8.184612e-01  1.340495e-06
8.203441e-01  1.339704e-06
8.222441e-01  1.339001e-06
8.241361e-01  1.338298e-06
8.260321e-01  1.337508e-06
8.279324e-01  1.336807e-06
8.298504e-01  1.336106e-06
8.317594e-01  1.334442e-06
8.336729e-01  1.332867e-06
8.356042e-01  1.331207e-06
8.375265e-01  1.329636e-06
8.394533e-01  1.328068e-06
8.413849e-01  1.326413e-06
8.433336e-01  1.326501e-06
8.452741e-01  1.328503e-06
8.472187e-01  1.330509e-06
8.491809e-01  1.332518e-06
8.511349e-01  1.334529e-06
8.530930e-01  1.336544e-06
8.550688e-01  1.338562e-06
8.570363e-01  1.362656e-06
8.590080e-01  1.389186e-06
8.609845e-01  1.416140e-06
8.629787e-01  1.443617e-06
8.649640e-01  1.471628e-06
8.669543e-01  1.500181e-06
8.689622e-01  1.517600e-06
8.709613e-01  1.515809e-06
8.729654e-01  1.513921e-06
8.749737e-01  1.512134e-06
8.770006e-01  1.510351e-06
8.790182e-01  1.508471e-06
8.810404e-01  1.506690e-06
8.830814e-01  1.476075e-06
8.851129e-01  1.440780e-06
8.871491e-01  1.406237e-06
8.891905e-01  1.372432e-06
8.912499e-01  1.339439e-06
8.933003e-01  1.307155e-06
8.953558e-01  1.283452e-06
8.974295e-01  1.278580e-06
8.994941e-01  1.273642e-06
9.015638e-01  1.268723e-06
9.036379e-01  1.263740e-06
9.057308e-01  1.258777e-06
9.078149e-01  1.253750e-06
9.099038e-01  1.251367e-06
9.120108e-01  1.249892e-06
9.141093e-01  1.248417e-06
9.162127e-01  1.246944e-06
9.183347e-01  1.245473e-06
9.204474e-01  1.244085e-06
9.225653e-01  1.243351e-06
9.246877e-01  1.243677e-06
9.268294e-01  1.244166e-06
9.289620e-01  1.244657e-06
9.310991e-01  1.245146e-06
9.332556e-01  1.245717e-06
9.354031e-01  1.246208e-06
9.375550e-01  1.249728e-06
9.397119e-01  1.255149e-06
9.418888e-01  1.265066e-06
9.440556e-01  1.281014e-06
9.462274e-01  1.295633e-06
9.484194e-01  1.323546e-06
9.506013e-01  1.330335e-06
9.527886e-01  1.251039e-06
9.549954e-01  1.241720e-06
9.571924e-01  1.238710e-06
9.593949e-01  1.235871e-06
9.616020e-01  1.233279e-06
9.638292e-01  1.230855e-06
9.660469e-01  1.245309e-06
9.682694e-01  1.272055e-06
9.705120e-01  1.299376e-06
9.727451e-01  1.327371e-06
9.749830e-01  1.355880e-06
9.772264e-01  1.385002e-06
9.794897e-01  1.412986e-06
9.817431e-01  1.412245e-06
9.840021e-01  1.411505e-06
9.862811e-01  1.410763e-06
9.885506e-01  1.410024e-06
9.908248e-01  1.409284e-06
9.931042e-01  1.408544e-06
9.954048e-01  1.390371e-06
9.976947e-01  1.356591e-06
9.999900e-01  1.323806e-06
1.002307e+00  1.291899e-06
1.004612e+00  1.260677e-06
1.006923e+00  1.230210e-06
1.009240e+00  1.200401e-06
1.011578e+00  1.194353e-06
1.013905e+00  1.188882e-06
1.016238e+00  1.183359e-06
1.018592e+00  1.177861e-06
1.020935e+00  1.172466e-06
1.023284e+00  1.167018e-06
1.025639e+00  1.163350e-06
1.028014e+00  1.161673e-06
1.030379e+00  1.160074e-06
1.032750e+00  1.158477e-06
1.035142e+00  1.156807e-06
1.037524e+00  1.155215e-06
1.039911e+00  1.153625e-06
1.042319e+00  1.180645e-06
1.044717e+00  1.211870e-06
1.047121e+00  1.243759e-06
1.049530e+00  1.276401e-06
1.051961e+00  1.309816e-06
1.054382e+00  1.344192e-06
1.056807e+00  1.373152e-06
1.059238e+00  1.391557e-06
1.061692e+00  1.410208e-06
1.064135e+00  1.429110e-06
1.066599e+00  1.448265e-06
1.069037e+00  1.467675e-06
1.071513e+00  1.487446e-06
1.073978e+00  1.449025e-06
1.076466e+00  1.399337e-06
1.078942e+00  1.351353e-06
1.081425e+00  1.305013e-06
1.083930e+00  1.260346e-06
1.086423e+00  1.217048e-06
1.088923e+00  1.184135e-06
1.091428e+00  1.174698e-06
1.093956e+00  1.165412e-06
1.096473e+00  1.156200e-06
1.099013e+00  1.147061e-06
1.101541e+00  1.137993e-06
1.104076e+00  1.128998e-06
1.106616e+00  1.149018e-06
1.109162e+00  1.179949e-06
1.111731e+00  1.211791e-06
1.114289e+00  1.244574e-06
1.116853e+00  1.278244e-06
1.119439e+00  1.312912e-06
1.122015e+00  1.340846e-06
1.124596e+00  1.339088e-06
1.127201e+00  1.337245e-06
1.129795e+00  1.335405e-06
1.132394e+00  1.333566e-06
1.134999e+00  1.331731e-06
1.137628e+00  1.329898e-06
1.140245e+00  1.307240e-06
1.142869e+00  1.274644e-06
1.145498e+00  1.242780e-06
1.148151e+00  1.211711e-06
1.150793e+00  1.181343e-06
1.153441e+00  1.151583e-06
1.156112e+00  1.126483e-06
1.158772e+00  1.129887e-06
1.161438e+00  1.133302e-06
1.164128e+00  1.136725e-06
1.166807e+00  1.140085e-06
1.169491e+00  1.143455e-06
1.172200e+00  1.146836e-06
1.174897e+00  1.148190e-06
1.177600e+00  1.148039e-06
1.180310e+00  1.147889e-06
1.183043e+00  1.147814e-06
1.185765e+00  1.147662e-06
1.188493e+00  1.147588e-06
1.191228e+00  1.147437e-06
1.193987e+00  1.146309e-06
1.196734e+00  1.145256e-06
1.199487e+00  1.144206e-06
1.202247e+00  1.143081e-06
1.205032e+00  1.142031e-06
1.207804e+00  1.140908e-06
1.210602e+00  1.139786e-06
1.213387e+00  1.138442e-06
1.216178e+00  1.137172e-06
1.218977e+00  1.135831e-06
1.221800e+00  1.134566e-06
1.224611e+00  1.133302e-06
1.227429e+00  1.131964e-06
1.230271e+00  1.134491e-06
1.233102e+00  1.137172e-06
1.235939e+00  1.139861e-06
1.238802e+00  1.142631e-06
1.241652e+00  1.145332e-06
1.244509e+00  1.148115e-06
1.247372e+00  1.148868e-06
1.250261e+00  1.146836e-06
1.253137e+00  1.144806e-06
1.256021e+00  1.142781e-06
1.258929e+00  1.140758e-06
1.261826e+00  1.138741e-06
1.264730e+00  1.136725e-06
1.267639e+00  1.134937e-06
1.270555e+00  1.133227e-06
1.273499e+00  1.131444e-06
1.276429e+00  1.129739e-06
1.279365e+00  1.127962e-06
1.282329e+00  1.126262e-06
1.285279e+00  1.123532e-06
1.288236e+00  1.118826e-06
1.291220e+00  1.114139e-06
1.294190e+00  1.109472e-06
1.297168e+00  1.104825e-06
1.300173e+00  1.100197e-06
1.303164e+00  1.095589e-06
1.306162e+00  1.093865e-06
1.309167e+00  1.092790e-06
1.312199e+00  1.091787e-06
1.315218e+00  1.090714e-06
1.318244e+00  1.089640e-06
1.321298e+00  1.088641e-06
1.324338e+00  1.087713e-06
1.327385e+00  1.087213e-06
1.330439e+00  1.086715e-06
1.333520e+00  1.086216e-06
1.336588e+00  1.085717e-06
1.339664e+00  1.085148e-06
1.342746e+00  1.084649e-06
1.345856e+00  1.083939e-06
1.348952e+00  1.083085e-06
1.352056e+00  1.082234e-06
1.355187e+00  1.081382e-06
1.358305e+00  1.080531e-06
1.361430e+00  1.079681e-06
1.364584e+00  1.079327e-06
1.367723e+00  1.080886e-06
1.370870e+00  1.082517e-06
1.374024e+00  1.084081e-06
1.377207e+00  1.085645e-06
1.380375e+00  1.087285e-06
1.383573e+00  1.088855e-06
1.386756e+00  1.104028e-06
1.389946e+00  1.127223e-06
1.393144e+00  1.150980e-06
1.396371e+00  1.175160e-06
1.399583e+00  1.199927e-06
1.402804e+00  1.225136e-06
1.406053e+00  1.245064e-06
1.409287e+00  1.214337e-06
1.412530e+00  1.184369e-06
1.415780e+00  1.155140e-06
1.419059e+00  1.126705e-06
1.422324e+00  1.098899e-06
1.425597e+00  1.071779e-06
1.428876e+00  1.059617e-06
1.432186e+00  1.058784e-06
1.435481e+00  1.058020e-06
1.438784e+00  1.057187e-06
1.442116e+00  1.056426e-06
1.445434e+00  1.055594e-06
1.448760e+00  1.054694e-06
1.452093e+00  1.050483e-06
1.455456e+00  1.046289e-06
1.458805e+00  1.042111e-06
1.462183e+00  1.037950e-06
1.465548e+00  1.033738e-06
1.468920e+00  1.029610e-06
1.472299e+00  1.026913e-06
1.475710e+00  1.025768e-06
1.479104e+00  1.024692e-06
1.482507e+00  1.023550e-06
1.485941e+00  1.022477e-06
1.489360e+00  1.021337e-06
1.492787e+00  1.020199e-06
1.496244e+00  1.022008e-06
1.499664e+00  1.024021e-06
1.503137e+00  1.025970e-06
1.506595e+00  1.027991e-06
1.510062e+00  1.029948e-06
1.513559e+00  1.031976e-06
1.517041e+00  1.031300e-06
1.520532e+00  1.026778e-06
1.524054e+00  1.022276e-06
1.527560e+00  1.017793e-06
1.531075e+00  1.013331e-06
1.534621e+00  1.008887e-06
1.538151e+00  1.004398e-06
1.541691e+00  1.025566e-06
1.545237e+00  1.051379e-06
1.548817e+00  1.077912e-06
1.552380e+00  1.105187e-06
1.555952e+00  1.133078e-06
1.559531e+00  1.161673e-06
1.563144e+00  1.170085e-06
1.566740e+00  1.135459e-06
1.570345e+00  1.101930e-06
1.573982e+00  1.069391e-06
1.577603e+00  1.037746e-06
1.581233e+00  1.007103e-06
1.584872e+00  9.772998e-07
1.588541e+00  9.903345e-07
1.592197e+00  1.015726e-06
1.595884e+00  1.041701e-06
1.599556e+00  1.068410e-06
1.603236e+00  1.095805e-06
1.606925e+00  1.123974e-06
1.610646e+00  1.144580e-06
1.614353e+00  1.139786e-06
1.618067e+00  1.135012e-06
1.621814e+00  1.130258e-06
1.625546e+00  1.125523e-06
1.629286e+00  1.120809e-06
1.633034e+00  1.116114e-06
1.636817e+00  1.114359e-06
1.640583e+00  1.113920e-06
1.644357e+00  1.113409e-06
1.648140e+00  1.112897e-06
1.651958e+00  1.112386e-06
1.655759e+00  1.111877e-06
1.659594e+00  1.107073e-06
1.663412e+00  1.080602e-06
1.667239e+00  1.054764e-06
1.671074e+00  1.029543e-06
1.674920e+00  1.004925e-06
1.678799e+00  9.808959e-07
1.682661e+00  9.575045e-07
1.686533e+00  9.619110e-07
1.690439e+00  9.834082e-07
1.694328e+00  1.005387e-06
1.698227e+00  1.027856e-06
1.702160e+00  1.050828e-06
1.706076e+00  1.074313e-06
1.710001e+00  1.096523e-06
1.713962e+00  1.099764e-06
1.717906e+00  1.103087e-06
1.721859e+00  1.106348e-06
1.725820e+00  1.109618e-06
1.729817e+00  1.112971e-06
1.733797e+00  1.116261e-06
1.737786e+00  1.098755e-06
1.741811e+00  1.064633e-06
1.745819e+00  1.031638e-06
1.749835e+00  9.997970e-07
1.753861e+00  9.689390e-07
1.757924e+00  9.390335e-07
1.761968e+00  9.102294e-07
1.766021e+00  9.375564e-07
1.770112e+00  9.657037e-07
1.774184e+00  9.945647e-07
1.778266e+00  1.024424e-06
1.782385e+00  1.055247e-06
1.786486e+00  1.087142e-06
1.790596e+00  1.094152e-06
1.794716e+00  1.071709e-06
1.798873e+00  1.049726e-06
1.803011e+00  1.028193e-06
1.807160e+00  1.007103e-06
1.811345e+00  9.865093e-07
1.815512e+00  9.662741e-07
1.819690e+00  9.637418e-07
1.823904e+00  9.626680e-07
1.828100e+00  9.616579e-07
1.832307e+00  9.605864e-07
1.836523e+00  9.595794e-07
1.840748e+00  9.585102e-07
1.845011e+00  9.549331e-07
1.849257e+00  9.473845e-07
1.853511e+00  9.399577e-07
1.857804e+00  9.325275e-07
1.862079e+00  9.251561e-07
1.866363e+00  9.179035e-07
1.870656e+00  9.106477e-07
1.874990e+00  9.064169e-07
1.879303e+00  9.026791e-07
1.883627e+00  8.989577e-07
1.887990e+00  8.953088e-07
1.892333e+00  8.916177e-07
1.896687e+00  8.879410e-07
1.901081e+00  8.862533e-07
1.905454e+00  8.891067e-07
1.909838e+00  8.919096e-07
1.914262e+00  8.947222e-07
1.918666e+00  8.975436e-07
1.923081e+00  9.003739e-07
1.927505e+00  9.032123e-07
1.931969e+00  9.321608e-07
1.936414e+00  9.704656e-07
1.940870e+00  1.010411e-06
1.945365e+00  1.052069e-06
1.949841e+00  1.095516e-06
1.954327e+00  1.140834e-06
1.958823e+00  1.172158e-06
1.963360e+00  1.149396e-06
1.967878e+00  1.127001e-06
1.972405e+00  1.105115e-06
1.976973e+00  1.083725e-06
1.981522e+00  1.062680e-06
1.986081e+00  1.042111e-06
1.990650e+00  1.011538e-06
1.995261e+00  9.772362e-07
1.999852e+00  9.441588e-07
2.004452e+00  9.122622e-07
2.009096e+00  8.813840e-07
2.013718e+00  8.516073e-07
2.018350e+00  8.326087e-07
2.023026e+00  8.736148e-07
2.027680e+00  9.166403e-07
2.032345e+00  9.619110e-07
2.037021e+00  1.009550e-06
2.041739e+00  1.059687e-06
2.046436e+00  1.112460e-06
2.051145e+00  1.134788e-06
2.055896e+00  1.136054e-06
2.060625e+00  1.137248e-06
2.065367e+00  1.138516e-06
2.070119e+00  1.139786e-06
2.074913e+00  1.140983e-06
2.079687e+00  1.138591e-06
2.084473e+00  1.084436e-06
2.089301e+00  1.032925e-06
2.094107e+00  9.839240e-07
2.098926e+00  9.373106e-07
2.103754e+00  8.930225e-07
2.108628e+00  8.508815e-07
2.113479e+00  8.436023e-07
2.118341e+00  8.671636e-07
2.123214e+00  8.914420e-07
2.128133e+00  9.164000e-07
2.133029e+00  9.421794e-07
2.137936e+00  9.686210e-07
2.142888e+00  9.959362e-07
2.147818e+00  9.752509e-07
2.152759e+00  9.543694e-07
2.157746e+00  9.339350e-07
2.162710e+00  9.140589e-07
2.167687e+00  8.946049e-07
2.172673e+00  8.756227e-07
2.177706e+00  8.760820e-07
2.182716e+00  9.007867e-07
2.187738e+00  9.262492e-07
2.192805e+00  9.524935e-07
2.197851e+00  9.796107e-07
2.202908e+00  1.007566e-06
2.207976e+00  1.036385e-06
2.213090e+00  1.011671e-06
2.218182e+00  9.821837e-07
2.223285e+00  9.536810e-07
2.228434e+00  9.261881e-07
2.233562e+00  8.995471e-07
2.238700e+00  8.737293e-07
2.243885e+00  8.551901e-07
2.249048e+00  8.480404e-07
2.254222e+00  8.409512e-07
2.259443e+00  8.339205e-07
2.264642e+00  8.268948e-07
2.269852e+00  8.199816e-07
2.275074e+00  8.131270e-07
2.280345e+00  8.161190e-07
2.285591e+00  8.212200e-07
2.290849e+00  8.264067e-07
2.296156e+00  8.316810e-07
2.301438e+00  8.369890e-07
2.306732e+00  8.423857e-07
2.312040e+00  8.565932e-07
2.317395e+00  8.938424e-07
2.322726e+00  9.326498e-07
2.328071e+00  9.731421e-07
2.333463e+00  1.015393e-06
2.338831e+00  1.059617e-06
2.344213e+00  1.105840e-06
2.349607e+00  1.100414e-06
2.355049e+00  1.077488e-06
2.360467e+00  1.055040e-06
2.365898e+00  1.033060e-06
2.371341e+00  1.011538e-06
2.376833e+00  9.905288e-07
2.382302e+00  9.678594e-07
2.387783e+00  9.376183e-07
2.393314e+00  9.083812e-07
2.398820e+00  8.800558e-07
2.404339e+00  8.526136e-07
2.409909e+00  8.260817e-07
2.415453e+00  8.003746e-07
2.421010e+00  8.113151e-07
2.426579e+00  8.413368e-07
2.432200e+00  8.724693e-07
2.437796e+00  9.048137e-07
2.443404e+00  9.384172e-07
2.449064e+00  9.733982e-07
2.454699e+00  1.002095e-06
2.460347e+00  9.787758e-07
2.466045e+00  9.559983e-07
2.471718e+00  9.338126e-07
2.477406e+00  9.120824e-07
2.483106e+00  8.908578e-07
2.488856e+00  8.701263e-07
2.494583e+00  8.596324e-07
2.500323e+00  8.562563e-07
2.506113e+00  8.528372e-07
2.511880e+00  8.494878e-07
2.517659e+00  8.460957e-07
2.523451e+00  8.427727e-07
2.529296e+00  8.394629e-07
2.535116e+00  8.362204e-07
2.540948e+00  8.329363e-07
2.546833e+00  8.297198e-07
2.552693e+00  8.265696e-07
2.558566e+00  8.233769e-07
2.564452e+00  8.201966e-07
2.570393e+00  8.210039e-07
2.576306e+00  8.258106e-07
2.582233e+00  8.306454e-07
2.588215e+00  8.355077e-07
2.594169e+00  8.405095e-07
2.600137e+00  8.455412e-07
2.606120e+00  8.506031e-07
2.612156e+00  8.526136e-07
2.618165e+00  8.545168e-07
2.624190e+00  8.564252e-07
2.630268e+00  8.582802e-07
2.636319e+00  8.601401e-07
2.642385e+00  8.620041e-07
2.648505e+00  8.615513e-07
2.654598e+00  8.581119e-07
2.660706e+00  8.546853e-07
2.666828e+00  8.512724e-07
2.673005e+00  8.478180e-07
2.679154e+00  8.444326e-07
2.685319e+00  8.410615e-07
2.691538e+00  8.357820e-07
2.697732e+00  8.303188e-07
2.703938e+00  8.248904e-07
2.710158e+00  8.195517e-07
2.716437e+00  8.141937e-07
2.722686e+00  8.088716e-07
2.728949e+00  8.121137e-07
2.735271e+00  8.317900e-07
2.741564e+00  8.520549e-07
2.747871e+00  8.728702e-07
2.754237e+00  8.942531e-07
2.760573e+00  9.162799e-07
2.766924e+00  9.389104e-07
2.773290e+00  9.260064e-07
2.779713e+00  9.049912e-07
2.786108e+00  8.845112e-07
2.792519e+00  8.645519e-07
2.798987e+00  8.450979e-07
2.805426e+00  8.260817e-07
2.811881e+00  8.171896e-07
2.818351e+00  8.349602e-07
2.824878e+00  8.531727e-07
2.831378e+00  8.718400e-07
2.837893e+00  8.909746e-07
2.844464e+00  9.105884e-07
2.851009e+00  9.306945e-07
2.857570e+00  9.154385e-07
2.864187e+00  8.875332e-07
2.870777e+00  8.605913e-07
2.877383e+00  8.345224e-07
2.884002e+00  8.093493e-07
2.890682e+00  7.850377e-07
2.897333e+00  8.792476e-07
2.903999e+00  2.050285e-06
2.910725e+00  7.007325e-06
2.915263e+00  4.065312e-03
3.194272e+00  4.065312e-03
3.198906e+00  2.515503e-05
3.206265e+00  3.983327e-06
3.213643e+00  1.432958e-06
3.221038e+00  9.045764e-07
3.228496e+00  9.098715e-07
3.235925e+00  9.151985e-07
3.243371e+00  9.206165e-07
3.250833e+00  9.260667e-07
3.258362e+00  9.315490e-07
3.265859e+00  9.370648e-07
3.273373e+00  9.378022e-07
3.280954e+00  9.378022e-07
3.288503e+00  9.378022e-07
3.296069e+00  9.378022e-07
3.303704e+00  9.378642e-07
3.311305e+00  9.379252e-07
3.318922e+00  9.323437e-07
3.326558e+00  9.153789e-07
3.334264e+00  8.987220e-07
3.341934e+00  8.822516e-07
3.349623e+00  8.660275e-07
3.357382e+00  8.501010e-07
3.365106e+00  8.344673e-07
3.372848e+00  8.221896e-07
3.380609e+00  8.109961e-07
3.388438e+00  8.000078e-07
3.396235e+00  7.892198e-07
3.404048e+00  7.785773e-07
3.411932e+00  7.681282e-07
3.419783e+00  7.604587e-07
3.427652e+00  7.607586e-07
3.435538e+00  7.611074e-07
3.443495e+00  7.614076e-07
3.451418e+00  7.617566e-07
3.459358e+00  7.621066e-07
3.467370e+00  7.624568e-07
3.475349e+00  7.627064e-07
3.483344e+00  7.629568e-07
3.491358e+00  7.632073e-07
3.499446e+00  7.634571e-07
3.507496e+00  7.637582e-07
3.515565e+00  7.640586e-07
3.523709e+00  7.645596e-07
3.531816e+00  7.658646e-07
3.539941e+00  7.672224e-07
3.548086e+00  8.893977e-07
3.556304e+00  9.192291e-07
3.564485e+00  9.721219e-07
3.572687e+00  1.057604e-06
3.580962e+00  3.161521e-06
3.589200e+00  2.511053e-05
3.594407e+00  4.065312e-03
3.902558e+00  4.065312e-03
3.908402e+00  1.501647e-05
3.917395e+00  6.299325e-06
3.926407e+00  6.299325e-06
3.935501e+00  6.300977e-06
3.944557e+00  6.304282e-06
3.953632e+00  6.309660e-06
3.962789e+00  6.316699e-06
3.971907e+00  6.325821e-06
3.981044e+00  6.207455e-06
3.990203e+00  6.068572e-06
3.999447e+00  5.934738e-06
4.008647e+00  5.806144e-06
4.017869e+00  5.682946e-06
4.027177e+00  5.564551e-06
4.036442e+00  5.472619e-06
4.045728e+00  5.431141e-06
4.055100e+00  5.391036e-06
4.064429e+00  5.354387e-06
4.073779e+00  5.321128e-06
4.083153e+00  5.291548e-06
4.092610e+00  5.265584e-06
4.102025e+00  5.200711e-06
4.111464e+00  5.127218e-06
4.120986e+00  5.058078e-06
4.130467e+00  4.994457e-06
4.139971e+00  4.936485e-06
4.149497e+00  4.884633e-06
4.159108e+00  4.932277e-06
4.168676e+00  5.315199e-06
4.178268e+00  5.734996e-06
4.187945e+00  6.196878e-06
4.197580e+00  6.707389e-06
4.207239e+00  7.274254e-06
4.216983e+00  7.906116e-06
4.226686e+00  8.582729e-06
4.236410e+00  9.328874e-06
4.246156e+00  1.016917e-05
4.255992e+00  1.112450e-05
4.265783e+00  1.222077e-05
4.275597e+00  1.349216e-05
4.285502e+00  1.482272e-05
4.295361e+00  1.543587e-05
4.305242e+00  1.621735e-05
4.315147e+00  1.722490e-05
4.325143e+00  1.856217e-05
4.335093e+00  2.040075e-05
4.345068e+00  2.306277e-05
4.351439e+00  4.065312e-03
