# Cosmology  (HNLimits id: cosmo)
# Scenario: 001, single tau-flavor dominance
# Nature: Majorana
# Category: cosmology
# Source metadata: local_HNL_database.xlsx
# Source metadata SHA256: aa9346350fd2354af29b71c3a4c6d2da1c5454abd6cef3b780dd1dd858f56783
# Source URL: https://raw.githubusercontent.com/mhostert/Heavy-Neutrino-Limits/main/src/HNLimits/include/local_HNL_database.xlsx
# Transformations: HNLimits unit, CL, and Dirac/Majorana rules
# Curve files OVERRIDDEN locally: the HNLimits row points every
#   flavour at Ue4_*_Cosmo.dat, whose '_bottom' is a flat two-point
#   line, not a boundary. Substituted the per-flavour Sabti et al.
#   (arXiv:2006.07387) files shipped alongside it. See
#   COSMO_PER_FLAVOUR_FILES in curves/plot/hnl_panel.py.
# Files used: top=Sabti_BBN/Utau4_top.dat  bottom=Sabti_BBN/Utau4_bottom.dat
# mass_GeV  U2
# bottom
1.02546000e-03  9.37231350e-10
1.14405000e-03  8.47854615e-10
1.25051000e-03  7.69762635e-10
1.37108000e-03  6.87933762e-10
1.51253000e-03  6.26731873e-10
1.66857000e-03  5.70974816e-10
1.84071000e-03  5.19271546e-10
2.03062000e-03  4.73074840e-10
2.24011000e-03  4.30236399e-10
2.47122000e-03  3.91960011e-10
2.72617000e-03  3.57089626e-10
3.00742000e-03  3.24753167e-10
3.31769000e-03  2.95861809e-10
3.65997000e-03  2.69069778e-10
4.03756000e-03  2.45132271e-10
4.45410000e-03  2.22933982e-10
4.91362000e-03  2.02746125e-10
5.42055000e-03  1.84709038e-10
5.97978000e-03  1.68276592e-10
6.59670000e-03  1.53305979e-10
7.27726000e-03  1.39423509e-10
8.02804000e-03  1.26797918e-10
8.85628000e-03  1.15517280e-10
9.76996000e-03  1.05056452e-10
1.07448000e-02  9.22913458e-11
1.18533000e-02  8.35384592e-11
1.31164000e-02  7.75162196e-11
1.44696000e-02  7.03737357e-11
1.58646000e-02  6.13710370e-11
1.75551000e-02  5.65871572e-11
1.93662000e-02  5.14830900e-11
2.12986000e-02  4.58407129e-11
2.34960000e-02  4.18359010e-11
2.59200000e-02  3.79143872e-11
2.85941000e-02  3.45413898e-11
3.15441000e-02  3.13585705e-11
3.47983000e-02  2.83695511e-11
3.83884000e-02  2.57104317e-11
4.23487000e-02  2.32598045e-11
4.67177000e-02  2.10427330e-11
5.15374000e-02  1.91037472e-11
5.68544000e-02  1.74042023e-11
6.27199000e-02  1.57728516e-11
6.91906000e-02  1.43445194e-11
7.63288000e-02  1.30455380e-11
8.42034000e-02  1.18434771e-11
9.28904000e-02  1.07521237e-11
1.02474000e-01  9.74431530e-12
1.13046000e-01  8.84643243e-12
1.24326000e-01  7.95027808e-12
1.37152000e-01  7.26743110e-12
1.50838000e-01  6.49338421e-12
1.66399000e-01  5.86420360e-12
1.83566000e-01  5.31453483e-12
2.02504000e-01  4.82482918e-12
2.23396000e-01  4.40327653e-12
2.46443000e-01  3.99054343e-12
2.71867000e-01  3.62283412e-12
2.99915000e-01  3.28900376e-12
3.30856000e-01  2.98593691e-12
3.64990000e-01  2.70132817e-12
4.02644000e-01  2.44812495e-12
4.44184000e-01  2.22254099e-12
4.90009000e-01  2.02127562e-12
5.40562000e-01  1.84145624e-12
5.96333000e-01  1.70127753e-12
6.57860000e-01  1.60231163e-12
7.25737000e-01  1.51704219e-12
8.03078000e-01  1.44100797e-12
8.85934000e-01  1.33919413e-12
9.73483000e-01  1.20771563e-12
9.77067000e-01  6.22879747e-11

# top
4.97915000e-03  3.61538914e-01
5.34319000e-03  2.90091851e-01
5.66121000e-03  2.47223366e-01
6.07904000e-03  2.01483072e-01
6.50664000e-03  1.59145078e-01
6.96079000e-03  1.28907534e-01
7.44664000e-03  1.04565059e-01
7.96640000e-03  8.48192088e-02
8.52245000e-03  6.89003797e-02
9.11729000e-03  5.56500534e-02
9.75367000e-03  4.51410746e-02
1.04345000e-02  3.67217096e-02
1.11628000e-02  2.97872241e-02
1.19419000e-02  2.42662136e-02
1.27755000e-02  1.97685271e-02
1.36672000e-02  1.61275682e-02
1.46211000e-02  1.31195351e-02
1.56417000e-02  1.07184999e-02
1.67335000e-02  8.71938635e-03
1.79015000e-02  7.12363485e-03
1.91510000e-02  5.79498057e-03
2.04877000e-02  4.72766177e-03
2.19178000e-02  3.85138949e-03
2.34476000e-02  3.14203856e-03
2.50842000e-02  2.55600506e-03
2.68351000e-02  2.08523903e-03
2.87082000e-02  1.69631421e-03
3.07119000e-02  1.36813035e-03
3.28553000e-02  1.06923252e-03
3.51482000e-02  8.32055136e-04
3.76011000e-02  6.49346652e-04
4.02253000e-02  5.05307588e-04
4.30325000e-02  3.93784420e-04
4.60357000e-02  3.06434990e-04
4.92485000e-02  2.39145425e-04
5.26854000e-02  1.84243161e-04
5.63620000e-02  1.40932670e-04
6.02951000e-02  1.07034783e-04
6.45026000e-02  8.15230893e-05
6.90038000e-02  6.20920760e-05
7.46383000e-02  4.47097682e-05
8.58287000e-02  2.56701408e-05
9.90828000e-02  1.34212438e-05
1.11849000e-01  8.49340318e-06
1.20995000e-01  5.67032149e-06
1.35294000e-01  3.47662206e-06
1.41000000e-01  2.17809338e-06
1.44073000e-01  1.32249747e-06
1.47482000e-01  9.16493248e-07
1.51907000e-01  5.84432565e-07
1.61577000e-01  3.08247054e-07
1.73332000e-01  1.37443532e-07
1.79743000e-01  9.06455496e-08
1.87525000e-01  6.18994697e-08
2.01148000e-01  4.45435012e-08
2.16696000e-01  2.97383317e-08
2.37376000e-01  1.86622755e-08
2.59958000e-01  1.27017275e-08
2.80834000e-01  9.15435560e-09
2.99970000e-01  6.85044668e-09
3.14432000e-01  5.62747893e-09
3.33445000e-01  4.68794700e-09
3.56715000e-01  3.63764999e-09
3.81610000e-01  2.83480269e-09
4.08243000e-01  2.23778899e-09
4.36733000e-01  1.74140384e-09
4.67213000e-01  1.36681338e-09
4.99820000e-01  1.07433988e-09
5.34703000e-01  8.44446965e-10
5.75356000e-01  6.46338208e-10
6.14736000e-01  5.00727015e-10
6.57429000e-01  3.84363585e-10
7.13330000e-01  2.76533684e-10
7.61551000e-01  2.13620974e-10
8.16351000e-01  1.52363525e-10
8.69962000e-01  1.08519250e-10
9.06017000e-01  8.51710857e-11
9.77067000e-01  6.22879747e-11
