# PMNS Unitarity  (HNLimits id: pmns_unitarity)
# Scenario: 001, single tau-flavor dominance
# Nature: Majorana
# Category: experimental
# Source metadata: local_HNL_database.xlsx
# Source metadata SHA256: aa9346350fd2354af29b71c3a4c6d2da1c5454abd6cef3b780dd1dd858f56783
# Source URL: https://raw.githubusercontent.com/mhostert/Heavy-Neutrino-Limits/main/src/HNLimits/include/local_HNL_database.xlsx
# Transformations: HNLimits unit, CL, and Dirac/Majorana rules
# mass_GeV  U2
# bottom
1.77700000e+00  1.84900000e-03
1.78828915e+00  1.84900000e-03
1.79965001e+00  1.84900000e-03
1.81108305e+00  1.84900000e-03
1.82258872e+00  1.84900000e-03
1.83416749e+00  1.84900000e-03
1.84581981e+00  1.84900000e-03
1.85754616e+00  1.84900000e-03
1.86934701e+00  1.84900000e-03
1.88122283e+00  1.84900000e-03
1.89317410e+00  1.84900000e-03
1.90520129e+00  1.84900000e-03
1.91730488e+00  1.84900000e-03
1.92948538e+00  1.84900000e-03
1.94174325e+00  1.84900000e-03
1.95407899e+00  1.84900000e-03
1.96649311e+00  1.84900000e-03
1.97898609e+00  1.84900000e-03
1.99155844e+00  1.84900000e-03
2.00421066e+00  1.84900000e-03
2.01694325e+00  1.84900000e-03
2.02975674e+00  1.84900000e-03
2.04265163e+00  1.84900000e-03
2.05562844e+00  1.84900000e-03
2.06868769e+00  1.84900000e-03
2.08182990e+00  1.84900000e-03
2.09505561e+00  1.84900000e-03
2.10836534e+00  1.84900000e-03
2.12175962e+00  1.84900000e-03
2.13523900e+00  1.84900000e-03
2.14880401e+00  1.84900000e-03
2.16245519e+00  1.84900000e-03
2.17619311e+00  1.84900000e-03
2.19001829e+00  1.84900000e-03
2.20393131e+00  1.84900000e-03
2.21793272e+00  1.84900000e-03
2.23202308e+00  1.84900000e-03
2.24620295e+00  1.84900000e-03
2.26047290e+00  1.84900000e-03
2.27483352e+00  1.84900000e-03
2.28928536e+00  1.84900000e-03
2.30382901e+00  1.84900000e-03
2.31846506e+00  1.84900000e-03
2.33319409e+00  1.84900000e-03
2.34801670e+00  1.84900000e-03
2.36293347e+00  1.84900000e-03
2.37794500e+00  1.84900000e-03
2.39305191e+00  1.84900000e-03
2.40825478e+00  1.84900000e-03
2.42355424e+00  1.84900000e-03
2.43895089e+00  1.84900000e-03
2.45444536e+00  1.84900000e-03
2.47003827e+00  1.84900000e-03
2.48573023e+00  1.84900000e-03
2.50152188e+00  1.84900000e-03
2.51741386e+00  1.84900000e-03
2.53340680e+00  1.84900000e-03
2.54950134e+00  1.84900000e-03
2.56569813e+00  1.84900000e-03
2.58199781e+00  1.84900000e-03
2.59840104e+00  1.84900000e-03
2.61490849e+00  1.84900000e-03
2.63152080e+00  1.84900000e-03
2.64823865e+00  1.84900000e-03
2.66506271e+00  1.84900000e-03
2.68199365e+00  1.84900000e-03
2.69903215e+00  1.84900000e-03
2.71617889e+00  1.84900000e-03
2.73343457e+00  1.84900000e-03
2.75079987e+00  1.84900000e-03
2.76827549e+00  1.84900000e-03
2.78586213e+00  1.84900000e-03
2.80356050e+00  1.84900000e-03
2.82137131e+00  1.84900000e-03
2.83929526e+00  1.84900000e-03
2.85733309e+00  1.84900000e-03
2.87548551e+00  1.84900000e-03
2.89375325e+00  1.84900000e-03
2.91213704e+00  1.84900000e-03
2.93063763e+00  1.84900000e-03
2.94925574e+00  1.84900000e-03
2.96799214e+00  1.84900000e-03
2.98684756e+00  1.84900000e-03
3.00582278e+00  1.84900000e-03
3.02491854e+00  1.84900000e-03
3.04413562e+00  1.84900000e-03
3.06347478e+00  1.84900000e-03
3.08293680e+00  1.84900000e-03
3.10252246e+00  1.84900000e-03
3.12223255e+00  1.84900000e-03
3.14206785e+00  1.84900000e-03
3.16202917e+00  1.84900000e-03
3.18211730e+00  1.84900000e-03
3.20233305e+00  1.84900000e-03
3.22267722e+00  1.84900000e-03
3.24315064e+00  1.84900000e-03
3.26375413e+00  1.84900000e-03
3.28448851e+00  1.84900000e-03
3.30535462e+00  1.84900000e-03
3.32635328e+00  1.84900000e-03
3.34748535e+00  1.84900000e-03
3.36875167e+00  1.84900000e-03
3.39015309e+00  1.84900000e-03
3.41169047e+00  1.84900000e-03
3.43336468e+00  1.84900000e-03
3.45517658e+00  1.84900000e-03
3.47712706e+00  1.84900000e-03
3.49921698e+00  1.84900000e-03
3.52144724e+00  1.84900000e-03
3.54381872e+00  1.84900000e-03
3.56633233e+00  1.84900000e-03
3.58898897e+00  1.84900000e-03
3.61178954e+00  1.84900000e-03
3.63473496e+00  1.84900000e-03
3.65782616e+00  1.84900000e-03
3.68106405e+00  1.84900000e-03
3.70444956e+00  1.84900000e-03
3.72798365e+00  1.84900000e-03
3.75166724e+00  1.84900000e-03
3.77550130e+00  1.84900000e-03
3.79948677e+00  1.84900000e-03
3.82362462e+00  1.84900000e-03
3.84791581e+00  1.84900000e-03
3.87236133e+00  1.84900000e-03
3.89696214e+00  1.84900000e-03
3.92171924e+00  1.84900000e-03
3.94663363e+00  1.84900000e-03
3.97170629e+00  1.84900000e-03
3.99693823e+00  1.84900000e-03
4.02233048e+00  1.84900000e-03
4.04788403e+00  1.84900000e-03
4.07359993e+00  1.84900000e-03
4.09947920e+00  1.84900000e-03
4.12552288e+00  1.84900000e-03
4.15173201e+00  1.84900000e-03
4.17810765e+00  1.84900000e-03
4.20465084e+00  1.84900000e-03
4.23136267e+00  1.84900000e-03
4.25824419e+00  1.84900000e-03
4.28529649e+00  1.84900000e-03
4.31252065e+00  1.84900000e-03
4.33991777e+00  1.84900000e-03
4.36748893e+00  1.84900000e-03
4.39523525e+00  1.84900000e-03
4.42315785e+00  1.84900000e-03
4.45125783e+00  1.84900000e-03
4.47953633e+00  1.84900000e-03
4.50799448e+00  1.84900000e-03
4.53663343e+00  1.84900000e-03
4.56545431e+00  1.84900000e-03
4.59445829e+00  1.84900000e-03
4.62364654e+00  1.84900000e-03
4.65302021e+00  1.84900000e-03
4.68258049e+00  1.84900000e-03
4.71232857e+00  1.84900000e-03
4.74226563e+00  1.84900000e-03
4.77239288e+00  1.84900000e-03
4.80271153e+00  1.84900000e-03
4.83322279e+00  1.84900000e-03
4.86392788e+00  1.84900000e-03
4.89482804e+00  1.84900000e-03
4.92592451e+00  1.84900000e-03
4.95721853e+00  1.84900000e-03
4.98871136e+00  1.84900000e-03
5.02040426e+00  1.84900000e-03
5.05229851e+00  1.84900000e-03
5.08439537e+00  1.84900000e-03
5.11669615e+00  1.84900000e-03
5.14920213e+00  1.84900000e-03
5.18191461e+00  1.84900000e-03
5.21483492e+00  1.84900000e-03
5.24796437e+00  1.84900000e-03
5.28130428e+00  1.84900000e-03
5.31485601e+00  1.84900000e-03
5.34862088e+00  1.84900000e-03
5.38260026e+00  1.84900000e-03
5.41679551e+00  1.84900000e-03
5.45120799e+00  1.84900000e-03
5.48583910e+00  1.84900000e-03
5.52069022e+00  1.84900000e-03
5.55576274e+00  1.84900000e-03
5.59105808e+00  1.84900000e-03
5.62657764e+00  1.84900000e-03
5.66232286e+00  1.84900000e-03
5.69829516e+00  1.84900000e-03
5.73449599e+00  1.84900000e-03
5.77092681e+00  1.84900000e-03
5.80758906e+00  1.84900000e-03
5.84448423e+00  1.84900000e-03
5.88161379e+00  1.84900000e-03
5.91897924e+00  1.84900000e-03
5.95658206e+00  1.84900000e-03
5.99442377e+00  1.84900000e-03
6.03250588e+00  1.84900000e-03
6.07082993e+00  1.84900000e-03
6.10939745e+00  1.84900000e-03
6.14820999e+00  1.84900000e-03
6.18726909e+00  1.84900000e-03
6.22657634e+00  1.84900000e-03
6.26613330e+00  1.84900000e-03
6.30594157e+00  1.84900000e-03
6.34600273e+00  1.84900000e-03
6.38631840e+00  1.84900000e-03
6.42689020e+00  1.84900000e-03
6.46771974e+00  1.84900000e-03
6.50880867e+00  1.84900000e-03
6.55015863e+00  1.84900000e-03
6.59177129e+00  1.84900000e-03
6.63364830e+00  1.84900000e-03
6.67579136e+00  1.84900000e-03
6.71820216e+00  1.84900000e-03
6.76088238e+00  1.84900000e-03
6.80383375e+00  1.84900000e-03
6.84705798e+00  1.84900000e-03
6.89055682e+00  1.84900000e-03
6.93433200e+00  1.84900000e-03
6.97838528e+00  1.84900000e-03
7.02271843e+00  1.84900000e-03
7.06733322e+00  1.84900000e-03
7.11223145e+00  1.84900000e-03
7.15741491e+00  1.84900000e-03
7.20288542e+00  1.84900000e-03
7.24864480e+00  1.84900000e-03
7.29469489e+00  1.84900000e-03
7.34103752e+00  1.84900000e-03
7.38767457e+00  1.84900000e-03
7.43460790e+00  1.84900000e-03
7.48183940e+00  1.84900000e-03
7.52937095e+00  1.84900000e-03
7.57720447e+00  1.84900000e-03
7.62534187e+00  1.84900000e-03
7.67378508e+00  1.84900000e-03
7.72253605e+00  1.84900000e-03
7.77159673e+00  1.84900000e-03
7.82096909e+00  1.84900000e-03
7.87065511e+00  1.84900000e-03
7.92065678e+00  1.84900000e-03
7.97097611e+00  1.84900000e-03
8.02161511e+00  1.84900000e-03
8.07257582e+00  1.84900000e-03
8.12386027e+00  1.84900000e-03
8.17547054e+00  1.84900000e-03
8.22740867e+00  1.84900000e-03
8.27967677e+00  1.84900000e-03
8.33227693e+00  1.84900000e-03
8.38521124e+00  1.84900000e-03
8.43848185e+00  1.84900000e-03
8.49209088e+00  1.84900000e-03
8.54604048e+00  1.84900000e-03
8.60033282e+00  1.84900000e-03
8.65497008e+00  1.84900000e-03
8.70995444e+00  1.84900000e-03
8.76528812e+00  1.84900000e-03
8.82097332e+00  1.84900000e-03
8.87701229e+00  1.84900000e-03
8.93340727e+00  1.84900000e-03
8.99016052e+00  1.84900000e-03
9.04727432e+00  1.84900000e-03
9.10475097e+00  1.84900000e-03
9.16259275e+00  1.84900000e-03
9.22080200e+00  1.84900000e-03
9.27938105e+00  1.84900000e-03
9.33833225e+00  1.84900000e-03
9.39765796e+00  1.84900000e-03
9.45736056e+00  1.84900000e-03
9.51744245e+00  1.84900000e-03
9.57790603e+00  1.84900000e-03
9.63875374e+00  1.84900000e-03
9.69998800e+00  1.84900000e-03
9.76161129e+00  1.84900000e-03
9.82362605e+00  1.84900000e-03
9.88603480e+00  1.84900000e-03
9.94884002e+00  1.84900000e-03
1.00120442e+01  1.84900000e-03
1.00756500e+01  1.84900000e-03
1.01396598e+01  1.84900000e-03
1.02040763e+01  1.84900000e-03
1.02689020e+01  1.84900000e-03
1.03341396e+01  1.84900000e-03
1.03997916e+01  1.84900000e-03
1.04658607e+01  1.84900000e-03
1.05323495e+01  1.84900000e-03
1.05992607e+01  1.84900000e-03
1.06665970e+01  1.84900000e-03
1.07343610e+01  1.84900000e-03
1.08025556e+01  1.84900000e-03
1.08711834e+01  1.84900000e-03
1.09402472e+01  1.84900000e-03
1.10097498e+01  1.84900000e-03
1.10796939e+01  1.84900000e-03
1.11500823e+01  1.84900000e-03
1.12209179e+01  1.84900000e-03
1.12922036e+01  1.84900000e-03
1.13639421e+01  1.84900000e-03
1.14361363e+01  1.84900000e-03
1.15087892e+01  1.84900000e-03
1.15819037e+01  1.84900000e-03
1.16554826e+01  1.84900000e-03
1.17295290e+01  1.84900000e-03
1.18040458e+01  1.84900000e-03
1.18790360e+01  1.84900000e-03
1.19545026e+01  1.84900000e-03
1.20304487e+01  1.84900000e-03
1.21068772e+01  1.84900000e-03
1.21837913e+01  1.84900000e-03
1.22611940e+01  1.84900000e-03
1.23390884e+01  1.84900000e-03
1.24174777e+01  1.84900000e-03
1.24963649e+01  1.84900000e-03
1.25757534e+01  1.84900000e-03
1.26556462e+01  1.84900000e-03
1.27360466e+01  1.84900000e-03
1.28169577e+01  1.84900000e-03
1.28983828e+01  1.84900000e-03
1.29803253e+01  1.84900000e-03
1.30627883e+01  1.84900000e-03
1.31457752e+01  1.84900000e-03
1.32292893e+01  1.84900000e-03
1.33133339e+01  1.84900000e-03
1.33979125e+01  1.84900000e-03
1.34830284e+01  1.84900000e-03
1.35686851e+01  1.84900000e-03
1.36548859e+01  1.84900000e-03
1.37416344e+01  1.84900000e-03
1.38289339e+01  1.84900000e-03
1.39167881e+01  1.84900000e-03
1.40052004e+01  1.84900000e-03
1.40941743e+01  1.84900000e-03
1.41837135e+01  1.84900000e-03
1.42738216e+01  1.84900000e-03
1.43645021e+01  1.84900000e-03
1.44557587e+01  1.84900000e-03
1.45475950e+01  1.84900000e-03
1.46400148e+01  1.84900000e-03
1.47330216e+01  1.84900000e-03
1.48266194e+01  1.84900000e-03
1.49208118e+01  1.84900000e-03
1.50156026e+01  1.84900000e-03
1.51109955e+01  1.84900000e-03
1.52069945e+01  1.84900000e-03
1.53036034e+01  1.84900000e-03
1.54008260e+01  1.84900000e-03
1.54986663e+01  1.84900000e-03
1.55971281e+01  1.84900000e-03
1.56962155e+01  1.84900000e-03
1.57959324e+01  1.84900000e-03
1.58962827e+01  1.84900000e-03
1.59972706e+01  1.84900000e-03
1.60989000e+01  1.84900000e-03
1.62011751e+01  1.84900000e-03
1.63040999e+01  1.84900000e-03
1.64076786e+01  1.84900000e-03
1.65119153e+01  1.84900000e-03
1.66168143e+01  1.84900000e-03
1.67223796e+01  1.84900000e-03
1.68286156e+01  1.84900000e-03
1.69355265e+01  1.84900000e-03
1.70431166e+01  1.84900000e-03
1.71513902e+01  1.84900000e-03
1.72603517e+01  1.84900000e-03
1.73700054e+01  1.84900000e-03
1.74803557e+01  1.84900000e-03
1.75914071e+01  1.84900000e-03
1.77031640e+01  1.84900000e-03
1.78156308e+01  1.84900000e-03
1.79288121e+01  1.84900000e-03
1.80427125e+01  1.84900000e-03
1.81573365e+01  1.84900000e-03
1.82726887e+01  1.84900000e-03
1.83887736e+01  1.84900000e-03
1.85055961e+01  1.84900000e-03
1.86231608e+01  1.84900000e-03
1.87414723e+01  1.84900000e-03
1.88605354e+01  1.84900000e-03
1.89803549e+01  1.84900000e-03
1.91009357e+01  1.84900000e-03
1.92222825e+01  1.84900000e-03
1.93444002e+01  1.84900000e-03
1.94672937e+01  1.84900000e-03
1.95909679e+01  1.84900000e-03
1.97154278e+01  1.84900000e-03
1.98406784e+01  1.84900000e-03
1.99667247e+01  1.84900000e-03
2.00935718e+01  1.84900000e-03
2.02212247e+01  1.84900000e-03
2.03496886e+01  1.84900000e-03
2.04789686e+01  1.84900000e-03
2.06090699e+01  1.84900000e-03
2.07399978e+01  1.84900000e-03
2.08717574e+01  1.84900000e-03
2.10043541e+01  1.84900000e-03
2.11377931e+01  1.84900000e-03
2.12720799e+01  1.84900000e-03
2.14072198e+01  1.84900000e-03
2.15432183e+01  1.84900000e-03
2.16800807e+01  1.84900000e-03
2.18178126e+01  1.84900000e-03
2.19564195e+01  1.84900000e-03
2.20959069e+01  1.84900000e-03
2.22362805e+01  1.84900000e-03
2.23775459e+01  1.84900000e-03
2.25197087e+01  1.84900000e-03
2.26627747e+01  1.84900000e-03
2.28067496e+01  1.84900000e-03
2.29516391e+01  1.84900000e-03
2.30974491e+01  1.84900000e-03
2.32441855e+01  1.84900000e-03
2.33918540e+01  1.84900000e-03
2.35404607e+01  1.84900000e-03
2.36900114e+01  1.84900000e-03
2.38405122e+01  1.84900000e-03
2.39919692e+01  1.84900000e-03
2.41443883e+01  1.84900000e-03
2.42977758e+01  1.84900000e-03
2.44521377e+01  1.84900000e-03
2.46074803e+01  1.84900000e-03
2.47638097e+01  1.84900000e-03
2.49211323e+01  1.84900000e-03
2.50794543e+01  1.84900000e-03
2.52387822e+01  1.84900000e-03
2.53991222e+01  1.84900000e-03
2.55604809e+01  1.84900000e-03
2.57228647e+01  1.84900000e-03
2.58862801e+01  1.84900000e-03
2.60507336e+01  1.84900000e-03
2.62162320e+01  1.84900000e-03
2.63827817e+01  1.84900000e-03
2.65503895e+01  1.84900000e-03
2.67190621e+01  1.84900000e-03
2.68888062e+01  1.84900000e-03
2.70596287e+01  1.84900000e-03
2.72315365e+01  1.84900000e-03
2.74045364e+01  1.84900000e-03
2.75786353e+01  1.84900000e-03
2.77538402e+01  1.84900000e-03
2.79301583e+01  1.84900000e-03
2.81075964e+01  1.84900000e-03
2.82861618e+01  1.84900000e-03
2.84658617e+01  1.84900000e-03
2.86467031e+01  1.84900000e-03
2.88286934e+01  1.84900000e-03
2.90118399e+01  1.84900000e-03
2.91961499e+01  1.84900000e-03
2.93816308e+01  1.84900000e-03
2.95682901e+01  1.84900000e-03
2.97561351e+01  1.84900000e-03
2.99451736e+01  1.84900000e-03
3.01354130e+01  1.84900000e-03
3.03268610e+01  1.84900000e-03
3.05195252e+01  1.84900000e-03
3.07134134e+01  1.84900000e-03
3.09085334e+01  1.84900000e-03
3.11048929e+01  1.84900000e-03
3.13024999e+01  1.84900000e-03
3.15013623e+01  1.84900000e-03
3.17014880e+01  1.84900000e-03
3.19028852e+01  1.84900000e-03
3.21055618e+01  1.84900000e-03
3.23095259e+01  1.84900000e-03
3.25147859e+01  1.84900000e-03
3.27213498e+01  1.84900000e-03
3.29292261e+01  1.84900000e-03
3.31384229e+01  1.84900000e-03
3.33489488e+01  1.84900000e-03
3.35608121e+01  1.84900000e-03
3.37740214e+01  1.84900000e-03
3.39885851e+01  1.84900000e-03
3.42045120e+01  1.84900000e-03
3.44218107e+01  1.84900000e-03
3.46404898e+01  1.84900000e-03
3.48605582e+01  1.84900000e-03
3.50820246e+01  1.84900000e-03
3.53048981e+01  1.84900000e-03
3.55291874e+01  1.84900000e-03
3.57549016e+01  1.84900000e-03
3.59820497e+01  1.84900000e-03
3.62106410e+01  1.84900000e-03
3.64406844e+01  1.84900000e-03
3.66721893e+01  1.84900000e-03
3.69051649e+01  1.84900000e-03
3.71396206e+01  1.84900000e-03
3.73755657e+01  1.84900000e-03
3.76130098e+01  1.84900000e-03
3.78519624e+01  1.84900000e-03
3.80924330e+01  1.84900000e-03
3.83344313e+01  1.84900000e-03
3.85779671e+01  1.84900000e-03
3.88230499e+01  1.84900000e-03
3.90696898e+01  1.84900000e-03
3.93178965e+01  1.84900000e-03
3.95676801e+01  1.84900000e-03
3.98190506e+01  1.84900000e-03
4.00720180e+01  1.84900000e-03
4.03265924e+01  1.84900000e-03
4.05827842e+01  1.84900000e-03
4.08406035e+01  1.84900000e-03
4.11000607e+01  1.84900000e-03
4.13611663e+01  1.84900000e-03
4.16239306e+01  1.84900000e-03
4.18883642e+01  1.84900000e-03
4.21544778e+01  1.84900000e-03
4.24222820e+01  1.84900000e-03
4.26917875e+01  1.84900000e-03
4.29630052e+01  1.84900000e-03
4.32359458e+01  1.84900000e-03
4.35106205e+01  1.84900000e-03
4.37870401e+01  1.84900000e-03
4.40652159e+01  1.84900000e-03
4.43451588e+01  1.84900000e-03
4.46268802e+01  1.84900000e-03
4.49103914e+01  1.84900000e-03
4.51957036e+01  1.84900000e-03
4.54828285e+01  1.84900000e-03
4.57717774e+01  1.84900000e-03
4.60625620e+01  1.84900000e-03
4.63551939e+01  1.84900000e-03
4.66496849e+01  1.84900000e-03
4.69460468e+01  1.84900000e-03
4.72442915e+01  1.84900000e-03
4.75444308e+01  1.84900000e-03
4.78464770e+01  1.84900000e-03
4.81504420e+01  1.84900000e-03
4.84563381e+01  1.84900000e-03
4.87641775e+01  1.84900000e-03
4.90739725e+01  1.84900000e-03
4.93857357e+01  1.84900000e-03
4.96994795e+01  1.84900000e-03
5.00152165e+01  1.84900000e-03
5.03329594e+01  1.84900000e-03
5.06527208e+01  1.84900000e-03
5.09745137e+01  1.84900000e-03
5.12983509e+01  1.84900000e-03
5.16242454e+01  1.84900000e-03
5.19522102e+01  1.84900000e-03
5.22822587e+01  1.84900000e-03
5.26144038e+01  1.84900000e-03
5.29486591e+01  1.84900000e-03
5.32850379e+01  1.84900000e-03
5.36235537e+01  1.84900000e-03
5.39642200e+01  1.84900000e-03
5.43070506e+01  1.84900000e-03
5.46520591e+01  1.84900000e-03
5.49992595e+01  1.84900000e-03
5.53486655e+01  1.84900000e-03
5.57002914e+01  1.84900000e-03
5.60541511e+01  1.84900000e-03
5.64102588e+01  1.84900000e-03
5.67686289e+01  1.84900000e-03
5.71292756e+01  1.84900000e-03
5.74922135e+01  1.84900000e-03
5.78574572e+01  1.84900000e-03
5.82250212e+01  1.84900000e-03
5.85949203e+01  1.84900000e-03
5.89671693e+01  1.84900000e-03
5.93417832e+01  1.84900000e-03
5.97187770e+01  1.84900000e-03
6.00981659e+01  1.84900000e-03
6.04799649e+01  1.84900000e-03
6.08641895e+01  1.84900000e-03
6.12508550e+01  1.84900000e-03
6.16399770e+01  1.84900000e-03
6.20315711e+01  1.84900000e-03
6.24256529e+01  1.84900000e-03
6.28222383e+01  1.84900000e-03
6.32213432e+01  1.84900000e-03
6.36229835e+01  1.84900000e-03
6.40271755e+01  1.84900000e-03
6.44339352e+01  1.84900000e-03
6.48432791e+01  1.84900000e-03
6.52552235e+01  1.84900000e-03
6.56697849e+01  1.84900000e-03
6.60869800e+01  1.84900000e-03
6.65068256e+01  1.84900000e-03
6.69293383e+01  1.84900000e-03
6.73545353e+01  1.84900000e-03
6.77824335e+01  1.84900000e-03
6.82130501e+01  1.84900000e-03
6.86464024e+01  1.84900000e-03
6.90825078e+01  1.84900000e-03
6.95213837e+01  1.84900000e-03
6.99630477e+01  1.84900000e-03
7.04075176e+01  1.84900000e-03
7.08548111e+01  1.84900000e-03
7.13049463e+01  1.84900000e-03
7.17579412e+01  1.84900000e-03
7.22138139e+01  1.84900000e-03
7.26725828e+01  1.84900000e-03
7.31342661e+01  1.84900000e-03
7.35988825e+01  1.84900000e-03
7.40664506e+01  1.84900000e-03
7.45369891e+01  1.84900000e-03
7.50105169e+01  1.84900000e-03
7.54870529e+01  1.84900000e-03
7.59666164e+01  1.84900000e-03
7.64492265e+01  1.84900000e-03
7.69349026e+01  1.84900000e-03
7.74236641e+01  1.84900000e-03
7.79155308e+01  1.84900000e-03
7.84105222e+01  1.84900000e-03
7.89086582e+01  1.84900000e-03
7.94099589e+01  1.84900000e-03
7.99144443e+01  1.84900000e-03
8.04221346e+01  1.84900000e-03
8.09330503e+01  1.84900000e-03
8.14472118e+01  1.84900000e-03
8.19646397e+01  1.84900000e-03
8.24853548e+01  1.84900000e-03
8.30093779e+01  1.84900000e-03
8.35367301e+01  1.84900000e-03
8.40674326e+01  1.84900000e-03
8.46015065e+01  1.84900000e-03
8.51389734e+01  1.84900000e-03
8.56798548e+01  1.84900000e-03
8.62241724e+01  1.84900000e-03
8.67719480e+01  1.84900000e-03
8.73232035e+01  1.84900000e-03
8.78779611e+01  1.84900000e-03
8.84362431e+01  1.84900000e-03
8.89980718e+01  1.84900000e-03
8.95634697e+01  1.84900000e-03
9.01324596e+01  1.84900000e-03
9.07050642e+01  1.84900000e-03
9.12813066e+01  1.22500000e-03
9.18612097e+01  1.22500000e-03
9.24447969e+01  1.22500000e-03
9.30320917e+01  1.22500000e-03
9.36231174e+01  1.22500000e-03
9.42178979e+01  1.22500000e-03
9.48164570e+01  1.22500000e-03
9.54188187e+01  1.22500000e-03
9.60250072e+01  1.22500000e-03
9.66350467e+01  1.22500000e-03
9.72489618e+01  1.22500000e-03
9.78667770e+01  1.22500000e-03
9.84885171e+01  1.22500000e-03
9.91142071e+01  1.22500000e-03
9.97438721e+01  1.22500000e-03
1.00377537e+02  1.22500000e-03
1.01015228e+02  1.22500000e-03
1.01656970e+02  1.22500000e-03
1.02302789e+02  1.22500000e-03
1.02952711e+02  1.22500000e-03
1.03606762e+02  1.22500000e-03
1.04264967e+02  1.22500000e-03
1.04927355e+02  1.22500000e-03
1.05593950e+02  1.22500000e-03
1.06264780e+02  1.22500000e-03
1.06939873e+02  1.22500000e-03
1.07619253e+02  1.22500000e-03
1.08302950e+02  1.22500000e-03
1.08990991e+02  1.22500000e-03
1.09683402e+02  1.22500000e-03
1.10380212e+02  1.22500000e-03
1.11081449e+02  1.22500000e-03
1.11787141e+02  1.22500000e-03
1.12497316e+02  1.22500000e-03
1.13212003e+02  1.22500000e-03
1.13931230e+02  1.22500000e-03
1.14655027e+02  1.22500000e-03
1.15383421e+02  1.22500000e-03
1.16116443e+02  1.22500000e-03
1.16854122e+02  1.22500000e-03
1.17596488e+02  1.22500000e-03
1.18343569e+02  1.22500000e-03
1.19095397e+02  1.22500000e-03
1.19852001e+02  1.22500000e-03
1.20613411e+02  1.22500000e-03
1.21379659e+02  1.22500000e-03
1.22150775e+02  1.22500000e-03
1.22926789e+02  1.22500000e-03
1.23707734e+02  1.22500000e-03
1.24493640e+02  1.22500000e-03
1.25284538e+02  1.22500000e-03
1.26080461e+02  1.22500000e-03
1.26881441e+02  1.22500000e-03
1.27687509e+02  1.22500000e-03
1.28498698e+02  1.22500000e-03
1.29315040e+02  1.22500000e-03
1.30136569e+02  1.22500000e-03
1.30963316e+02  1.22500000e-03
1.31795316e+02  1.22500000e-03
1.32632602e+02  1.22500000e-03
1.33475207e+02  1.22500000e-03
1.34323164e+02  1.22500000e-03
1.35176509e+02  1.22500000e-03
1.36035275e+02  1.22500000e-03
1.36899497e+02  1.22500000e-03
1.37769209e+02  1.22500000e-03
1.38644446e+02  1.22500000e-03
1.39525244e+02  1.22500000e-03
1.40411637e+02  1.22500000e-03
1.41303661e+02  1.22500000e-03
1.42201353e+02  1.22500000e-03
1.43104747e+02  1.22500000e-03
1.44013881e+02  1.22500000e-03
1.44928790e+02  1.22500000e-03
1.45849511e+02  1.22500000e-03
1.46776082e+02  1.22500000e-03
1.47708539e+02  1.22500000e-03
1.48646920e+02  1.22500000e-03
1.49591263e+02  1.22500000e-03
1.50541605e+02  1.22500000e-03
1.51497984e+02  1.22500000e-03
1.52460439e+02  1.22500000e-03
1.53429009e+02  1.22500000e-03
1.54403731e+02  1.22500000e-03
1.55384646e+02  1.22500000e-03
1.56371793e+02  1.22500000e-03
1.57365211e+02  1.22500000e-03
1.58364940e+02  1.22500000e-03
1.59371021e+02  1.22500000e-03
1.60383493e+02  1.22500000e-03
1.61402397e+02  1.22500000e-03
1.62427774e+02  1.22500000e-03
1.63459665e+02  1.22500000e-03
1.64498112e+02  1.22500000e-03
1.65543156e+02  1.22500000e-03
1.66594839e+02  1.22500000e-03
1.67653203e+02  1.22500000e-03
1.68718291e+02  1.22500000e-03
1.69790145e+02  1.22500000e-03
1.70868809e+02  1.22500000e-03
1.71954325e+02  1.22500000e-03
1.73046738e+02  1.22500000e-03
1.74146091e+02  1.22500000e-03
1.75252428e+02  1.22500000e-03
1.76365793e+02  1.22500000e-03
1.77486231e+02  1.22500000e-03
1.78613788e+02  1.22500000e-03
1.79748507e+02  1.22500000e-03
1.80890436e+02  1.22500000e-03
1.82039619e+02  1.22500000e-03
1.83196103e+02  1.22500000e-03
1.84359934e+02  1.22500000e-03
1.85531158e+02  1.22500000e-03
1.86709823e+02  1.22500000e-03
1.87895977e+02  1.22500000e-03
1.89089665e+02  1.22500000e-03
1.90290938e+02  1.22500000e-03
1.91499841e+02  1.22500000e-03
1.92716425e+02  1.22500000e-03
1.93940738e+02  1.22500000e-03
1.95172829e+02  1.22500000e-03
1.96412747e+02  1.22500000e-03
1.97660542e+02  1.22500000e-03
1.98916264e+02  1.22500000e-03
2.00179964e+02  1.22500000e-03
2.01451692e+02  1.22500000e-03
2.02731499e+02  1.22500000e-03
2.04019437e+02  1.22500000e-03
2.05315557e+02  1.22500000e-03
2.06619911e+02  1.22500000e-03
2.07932551e+02  1.22500000e-03
2.09253531e+02  1.22500000e-03
2.10582902e+02  1.22500000e-03
2.11920720e+02  1.22500000e-03
2.13267036e+02  1.22500000e-03
2.14621905e+02  1.22500000e-03
2.15985381e+02  1.22500000e-03
2.17357520e+02  1.22500000e-03
2.18738376e+02  1.22500000e-03
2.20128004e+02  1.22500000e-03
2.21526460e+02  1.22500000e-03
2.22933801e+02  1.22500000e-03
2.24350082e+02  1.22500000e-03
2.25775361e+02  1.22500000e-03
2.27209695e+02  1.22500000e-03
2.28653140e+02  1.22500000e-03
2.30105756e+02  1.22500000e-03
2.31567601e+02  1.22500000e-03
2.33038732e+02  1.22500000e-03
2.34519209e+02  1.22500000e-03
2.36009092e+02  1.22500000e-03
2.37508439e+02  1.22500000e-03
2.39017312e+02  1.22500000e-03
2.40535771e+02  1.22500000e-03
2.42063876e+02  1.22500000e-03
2.43601690e+02  1.22500000e-03
2.45149273e+02  1.22500000e-03
2.46706687e+02  1.22500000e-03
2.48273996e+02  1.22500000e-03
2.49851262e+02  1.22500000e-03
2.51438548e+02  1.22500000e-03
2.53035917e+02  1.22500000e-03
2.54643435e+02  1.22500000e-03
2.56261165e+02  1.22500000e-03
2.57889173e+02  1.22500000e-03
2.59527523e+02  1.22500000e-03
2.61176282e+02  1.22500000e-03
2.62835515e+02  1.22500000e-03
2.64505289e+02  1.22500000e-03
2.66185670e+02  1.22500000e-03
2.67876728e+02  1.22500000e-03
2.69578528e+02  1.22500000e-03
2.71291140e+02  1.22500000e-03
2.73014632e+02  1.22500000e-03
2.74749073e+02  1.22500000e-03
2.76494533e+02  1.22500000e-03
2.78251081e+02  1.22500000e-03
2.80018789e+02  1.22500000e-03
2.81797727e+02  1.22500000e-03
2.83587966e+02  1.22500000e-03
2.85389579e+02  1.22500000e-03
2.87202637e+02  1.22500000e-03
2.89027213e+02  1.22500000e-03
2.90863381e+02  1.22500000e-03
2.92711214e+02  1.22500000e-03
2.94570786e+02  1.22500000e-03
2.96442172e+02  1.22500000e-03
2.98325446e+02  1.22500000e-03
3.00220685e+02  1.22500000e-03
3.02127964e+02  1.22500000e-03
3.04047360e+02  1.22500000e-03
3.05978949e+02  1.22500000e-03
3.07922810e+02  1.22500000e-03
3.09879020e+02  1.22500000e-03
3.11847658e+02  1.22500000e-03
3.13828802e+02  1.22500000e-03
3.15822533e+02  1.22500000e-03
3.17828929e+02  1.22500000e-03
3.19848072e+02  1.22500000e-03
3.21880042e+02  1.22500000e-03
3.23924921e+02  1.22500000e-03
3.25982792e+02  1.22500000e-03
3.28053735e+02  1.22500000e-03
3.30137836e+02  1.22500000e-03
3.32235176e+02  1.22500000e-03
3.34345841e+02  1.22500000e-03
3.36469914e+02  1.22500000e-03
3.38607482e+02  1.22500000e-03
3.40758629e+02  1.22500000e-03
3.42923443e+02  1.22500000e-03
3.45102009e+02  1.22500000e-03
3.47294416e+02  1.22500000e-03
3.49500751e+02  1.22500000e-03
3.51721102e+02  1.22500000e-03
3.53955560e+02  1.22500000e-03
3.56204212e+02  1.22500000e-03
3.58467150e+02  1.22500000e-03
3.60744465e+02  1.22500000e-03
3.63036247e+02  1.22500000e-03
3.65342588e+02  1.22500000e-03
3.67663582e+02  1.22500000e-03
3.69999320e+02  1.22500000e-03
3.72349898e+02  1.22500000e-03
3.74715408e+02  1.22500000e-03
3.77095946e+02  1.22500000e-03
3.79491608e+02  1.22500000e-03
3.81902489e+02  1.22500000e-03
3.84328686e+02  1.22500000e-03
3.86770297e+02  1.22500000e-03
3.89227419e+02  1.22500000e-03
3.91700151e+02  1.22500000e-03
3.94188592e+02  1.22500000e-03
3.96692842e+02  1.22500000e-03
3.99213002e+02  1.22500000e-03
4.01749171e+02  1.22500000e-03
4.04301453e+02  1.22500000e-03
4.06869949e+02  1.22500000e-03
4.09454763e+02  1.22500000e-03
4.12055998e+02  1.22500000e-03
4.14673758e+02  1.22500000e-03
4.17308149e+02  1.22500000e-03
4.19959275e+02  1.22500000e-03
4.22627244e+02  1.22500000e-03
4.25312163e+02  1.22500000e-03
4.28014139e+02  1.22500000e-03
4.30733280e+02  1.22500000e-03
4.33469695e+02  1.22500000e-03
4.36223495e+02  1.22500000e-03
4.38994790e+02  1.22500000e-03
4.41783690e+02  1.22500000e-03
4.44590308e+02  1.22500000e-03
4.47414756e+02  1.22500000e-03
4.50257148e+02  1.22500000e-03
4.53117597e+02  1.22500000e-03
4.55996218e+02  1.22500000e-03
4.58893127e+02  1.22500000e-03
4.61808440e+02  1.22500000e-03
4.64742274e+02  1.22500000e-03
4.67694746e+02  1.22500000e-03
4.70665975e+02  1.22500000e-03
4.73656080e+02  1.22500000e-03
4.76665181e+02  1.22500000e-03
4.79693398e+02  1.22500000e-03
4.82740854e+02  1.22500000e-03
4.85807669e+02  1.22500000e-03
4.88893968e+02  1.22500000e-03
4.91999874e+02  1.22500000e-03
4.95125512e+02  1.22500000e-03
4.98271006e+02  1.22500000e-03
5.01436484e+02  1.22500000e-03
5.04622072e+02  1.22500000e-03
5.07827897e+02  1.22500000e-03
5.11054089e+02  1.22500000e-03
5.14300776e+02  1.22500000e-03
5.17568090e+02  1.22500000e-03
5.20856160e+02  1.22500000e-03
5.24165120e+02  1.22500000e-03
5.27495101e+02  1.22500000e-03
5.30846237e+02  1.22500000e-03
5.34218662e+02  1.22500000e-03
5.37612512e+02  1.22500000e-03
5.41027924e+02  1.22500000e-03
5.44465033e+02  1.22500000e-03
5.47923977e+02  1.22500000e-03
5.51404896e+02  1.22500000e-03
5.54907929e+02  1.22500000e-03
5.58433217e+02  1.22500000e-03
5.61980901e+02  1.22500000e-03
5.65551122e+02  1.22500000e-03
5.69144025e+02  1.22500000e-03
5.72759754e+02  1.22500000e-03
5.76398453e+02  1.22500000e-03
5.80060268e+02  1.22500000e-03
5.83745346e+02  1.22500000e-03
5.87453836e+02  1.22500000e-03
5.91185885e+02  1.22500000e-03
5.94941644e+02  1.22500000e-03
5.98721263e+02  1.22500000e-03
6.02524893e+02  1.22500000e-03
6.06352687e+02  1.22500000e-03
6.10204800e+02  1.22500000e-03
6.14081384e+02  1.22500000e-03
6.17982596e+02  1.22500000e-03
6.21908592e+02  1.22500000e-03
6.25859530e+02  1.22500000e-03
6.29835568e+02  1.22500000e-03
6.33836865e+02  1.22500000e-03
6.37863582e+02  1.22500000e-03
6.41915881e+02  1.22500000e-03
6.45993923e+02  1.22500000e-03
6.50097873e+02  1.22500000e-03
6.54227895e+02  1.22500000e-03
6.58384155e+02  1.22500000e-03
6.62566819e+02  1.22500000e-03
6.66776055e+02  1.22500000e-03
6.71012033e+02  1.22500000e-03
6.75274921e+02  1.22500000e-03
6.79564891e+02  1.22500000e-03
6.83882114e+02  1.22500000e-03
6.88226765e+02  1.22500000e-03
6.92599017e+02  1.22500000e-03
6.96999046e+02  1.22500000e-03
7.01427027e+02  1.22500000e-03
7.05883139e+02  1.22500000e-03
7.10367561e+02  1.22500000e-03
7.14880472e+02  1.22500000e-03
7.19422053e+02  1.22500000e-03
7.23992486e+02  1.22500000e-03
7.28591955e+02  1.22500000e-03
7.33220644e+02  1.22500000e-03
7.37878738e+02  1.22500000e-03
7.42566426e+02  1.22500000e-03
7.47283893e+02  1.22500000e-03
7.52031331e+02  1.22500000e-03
7.56808928e+02  1.22500000e-03
7.61616877e+02  1.22500000e-03
7.66455371e+02  1.22500000e-03
7.71324603e+02  1.22500000e-03
7.76224770e+02  1.22500000e-03
7.81156066e+02  1.22500000e-03
7.86118691e+02  1.22500000e-03
7.91112843e+02  1.22500000e-03
7.96138722e+02  1.22500000e-03
8.01196531e+02  1.22500000e-03
8.06286471e+02  1.22500000e-03
8.11408747e+02  1.22500000e-03
8.16563565e+02  1.22500000e-03
8.21751131e+02  1.22500000e-03
8.26971653e+02  1.22500000e-03
8.32225340e+02  1.22500000e-03
8.37512404e+02  1.22500000e-03
8.42833056e+02  1.22500000e-03
8.48187510e+02  1.22500000e-03
8.53575981e+02  1.22500000e-03
8.58998684e+02  1.22500000e-03
8.64455836e+02  1.22500000e-03
8.69947658e+02  1.22500000e-03
8.75474369e+02  1.22500000e-03
8.81036191e+02  1.22500000e-03
8.86633346e+02  1.22500000e-03
8.92266060e+02  1.22500000e-03
8.97934558e+02  1.22500000e-03
9.03639068e+02  1.22500000e-03
9.09379818e+02  1.22500000e-03
9.15157038e+02  1.22500000e-03
9.20970961e+02  1.22500000e-03
9.26821819e+02  1.22500000e-03
9.32709847e+02  1.22500000e-03
9.38635281e+02  1.22500000e-03
9.44598359e+02  1.22500000e-03
9.50599320e+02  1.22500000e-03
9.56638405e+02  1.22500000e-03
9.62715856e+02  1.22500000e-03
9.68831916e+02  1.22500000e-03
9.74986831e+02  1.22500000e-03
9.81180848e+02  1.22500000e-03
9.87414214e+02  1.22500000e-03
9.93687181e+02  1.22500000e-03
1.00000000e+03  1.22500000e-03
