# ANUBIS HNL |Umu|^2 sensitivity (BC7 benchmark)
# Digitized from arXiv:2505.00947v2, fig:pbc_bc7_gray_final, 2026-06-06
# Source file: Figures/5-PhysicsReach/BSM_benchmarks/pbc_bc7_gray_final.pdf
# mass_GeV  u2_min  u2_max
0.4000  9.953e-05  9.953e-05
0.4020  9.901e-05  9.901e-05
0.4025  9.859e-05  9.859e-05
0.4040  9.799e-05  9.799e-05
0.4060  9.608e-05  9.608e-05
0.4080  9.337e-05  9.337e-05
0.4100  9.027e-05  9.027e-05
0.4103  9.027e-05  9.027e-05
0.4120  8.896e-05  8.896e-05
0.4140  8.511e-05  8.511e-05
0.4160  8.211e-05  8.211e-05
0.4180  7.941e-05  7.941e-05
0.4182  7.941e-05  7.941e-05
0.4200  7.839e-05  7.839e-05
0.4220  7.711e-05  7.711e-05
0.4240  7.626e-05  7.626e-05
0.4260  7.580e-05  7.580e-05
0.4262  7.580e-05  7.580e-05
0.4280  7.475e-05  7.475e-05
0.4300  7.299e-05  7.299e-05
0.4320  7.192e-05  7.192e-05
0.4340  6.947e-05  6.947e-05
0.4344  6.947e-05  6.947e-05
0.4360  6.746e-05  6.746e-05
0.4380  6.618e-05  6.618e-05
0.4400  6.435e-05  6.435e-05
0.4420  6.216e-05  6.216e-05
0.4428  6.216e-05  6.216e-05
0.4440  6.127e-05  6.127e-05
0.4460  5.998e-05  5.998e-05
0.4480  5.958e-05  5.958e-05
0.4500  5.896e-05  5.896e-05
0.4513  5.859e-05  5.859e-05
0.4600  5.368e-05  5.368e-05
0.4689  4.843e-05  4.843e-05
0.4779  4.548e-05  4.548e-05
0.4871  4.230e-05  4.230e-05
0.4965  3.843e-05  3.843e-05
0.5061  3.561e-05  3.561e-05
0.5158  3.309e-05  3.309e-05
0.5257  3.030e-05  3.030e-05
0.5359  2.787e-05  2.787e-05
0.5462  2.594e-05  2.594e-05
0.5567  2.437e-05  2.437e-05
0.5674  2.217e-05  2.217e-05
0.5784  2.090e-05  2.090e-05
0.5895  1.921e-05  1.921e-05
0.6008  1.773e-05  1.773e-05
0.6124  1.669e-05  1.669e-05
0.6242  1.533e-05  1.533e-05
0.6362  1.451e-05  1.451e-05
0.6485  1.341e-05  1.341e-05
0.6610  1.233e-05  1.233e-05
0.6737  1.175e-05  1.175e-05
0.6867  1.078e-05  1.078e-05
0.6999  1.002e-05  1.002e-05
0.7134  9.494e-06  9.494e-06
0.7271  8.778e-06  8.778e-06
0.7411  8.217e-06  8.217e-06
0.7554  7.536e-06  7.536e-06
0.7700  7.190e-06  7.190e-06
0.7848  6.674e-06  6.674e-06
0.7999  6.102e-06  6.102e-06
0.8153  5.948e-06  5.948e-06
0.8310  5.451e-06  5.451e-06
0.8470  5.086e-06  5.086e-06
0.8633  4.780e-06  4.780e-06
0.8799  4.439e-06  4.439e-06
0.8969  4.155e-06  4.155e-06
0.9142  3.845e-06  3.845e-06
0.9318  3.725e-06  3.725e-06
0.9497  3.416e-06  3.416e-06
0.9680  3.153e-06  3.153e-06
0.9867  3.042e-06  3.042e-06
1.0056  2.793e-06  2.793e-06
1.0250  2.609e-06  2.609e-06
1.0448  2.431e-06  2.431e-06
1.0649  2.333e-06  2.333e-06
1.0854  2.166e-06  2.166e-06
1.1063  1.990e-06  1.990e-06
1.1276  1.936e-06  1.936e-06
1.1493  1.777e-06  1.777e-06
1.1715  1.675e-06  1.675e-06
1.1940  1.564e-06  1.629e-06
1.2170  1.486e-06  1.629e-06
1.2405  1.376e-06  8.831e-03
1.2643  1.267e-06  8.831e-03
1.2887  1.237e-06  8.831e-03
1.3135  1.139e-06  8.266e-03
1.3388  1.069e-06  7.870e-03
1.3646  1.010e-06  7.558e-03
1.3909  9.517e-07  6.252e-03
1.4177  8.863e-07  6.091e-03
1.4450  8.140e-07  5.080e-03
1.4728  7.981e-07  4.553e-03
1.5011  7.331e-07  4.273e-03
1.5301  6.858e-07  3.491e-03
1.5595  6.546e-07  3.377e-03
1.5896  6.162e-07  2.844e-03
1.6000  6.026e-07  2.649e-03
1.6020  5.963e-07  2.583e-03
1.6040  5.963e-07  2.583e-03
1.6060  5.904e-07  2.543e-03
1.6080  5.904e-07  2.543e-03
1.6100  5.843e-07  2.525e-03
1.6120  5.843e-07  2.525e-03
1.6140  5.785e-07  2.513e-03
1.6160  5.785e-07  2.513e-03
1.6180  5.785e-07  2.513e-03
1.6200  5.726e-07  2.505e-03
1.6202  5.726e-07  2.505e-03
1.6220  5.726e-07  2.505e-03
1.6240  5.668e-07  2.505e-03
1.6260  5.668e-07  2.505e-03
1.6280  5.600e-07  2.505e-03
1.6300  5.600e-07  2.505e-03
1.6320  5.521e-07  2.498e-03
1.6340  5.521e-07  2.498e-03
1.6360  5.521e-07  2.498e-03
1.6380  5.445e-07  2.486e-03
1.6400  5.445e-07  2.486e-03
1.6420  5.382e-07  2.468e-03
1.6440  5.382e-07  2.468e-03
1.6460  5.332e-07  2.424e-03
1.6480  5.332e-07  2.424e-03
1.6500  5.332e-07  2.424e-03
1.6514  5.288e-07  2.365e-03
1.6520  5.288e-07  2.365e-03
1.6540  5.288e-07  2.365e-03
1.6560  5.288e-07  2.291e-03
1.6580  5.288e-07  2.291e-03
1.6600  5.288e-07  2.206e-03
1.6620  5.288e-07  2.206e-03
1.6640  5.288e-07  2.206e-03
1.6660  5.288e-07  2.116e-03
1.6680  5.288e-07  2.116e-03
1.6700  5.288e-07  2.035e-03
1.6720  5.288e-07  2.035e-03
1.6740  5.288e-07  1.969e-03
1.6760  5.288e-07  1.969e-03
1.6780  5.288e-07  1.969e-03
1.6800  5.234e-07  1.921e-03
1.6820  5.234e-07  1.921e-03
1.6832  5.178e-07  1.888e-03
1.6840  5.178e-07  1.888e-03
1.6860  5.178e-07  1.888e-03
1.6880  5.108e-07  1.874e-03
1.6900  5.108e-07  1.874e-03
1.6920  5.108e-07  1.874e-03
1.6940  5.036e-07  1.864e-03
1.6960  5.036e-07  1.864e-03
1.6980  4.968e-07  1.859e-03
1.7000  4.968e-07  1.859e-03
1.7020  4.905e-07  1.859e-03
1.7040  4.905e-07  1.859e-03
1.7060  4.905e-07  1.859e-03
1.7080  4.851e-07  1.859e-03
1.7100  4.851e-07  1.859e-03
1.7120  4.797e-07  1.853e-03
1.7140  4.797e-07  1.853e-03
1.7156  4.797e-07  1.853e-03
1.7160  4.752e-07  1.845e-03
1.7180  4.752e-07  1.845e-03
1.7200  4.752e-07  1.845e-03
1.7220  4.704e-07  1.833e-03
1.7240  4.704e-07  1.833e-03
1.7260  4.657e-07  1.802e-03
1.7280  4.657e-07  1.802e-03
1.7300  4.657e-07  1.802e-03
1.7320  4.611e-07  1.758e-03
1.7340  4.611e-07  1.758e-03
1.7360  4.563e-07  1.706e-03
1.7380  4.563e-07  1.706e-03
1.7400  4.509e-07  1.642e-03
1.7420  4.509e-07  1.642e-03
1.7440  4.509e-07  1.642e-03
1.7460  4.453e-07  1.575e-03
1.7480  4.453e-07  1.575e-03
1.7487  4.453e-07  1.575e-03
1.7500  4.393e-07  1.515e-03
1.7520  4.393e-07  1.515e-03
1.7540  4.393e-07  1.515e-03
1.7560  4.337e-07  1.464e-03
1.7580  4.337e-07  1.464e-03
1.7600  4.298e-07  1.427e-03
1.7620  4.298e-07  1.427e-03
1.7640  4.298e-07  1.427e-03
1.7660  4.263e-07  1.403e-03
1.7680  4.263e-07  1.403e-03
1.7700  4.263e-07  1.392e-03
1.7720  4.263e-07  1.392e-03
1.7740  4.263e-07  1.392e-03
1.7760  4.263e-07  1.386e-03
1.7780  4.263e-07  1.386e-03
1.7800  4.263e-07  1.382e-03
1.7820  4.263e-07  1.382e-03
1.7823  4.263e-07  1.382e-03
1.7840  4.263e-07  1.382e-03
1.7860  4.263e-07  1.382e-03
1.7880  4.263e-07  1.382e-03
1.7900  4.263e-07  1.382e-03
1.7920  4.263e-07  1.382e-03
1.7940  4.263e-07  1.382e-03
1.7960  4.222e-07  1.378e-03
1.7980  4.222e-07  1.378e-03
1.8000  4.179e-07  1.371e-03
1.8020  4.179e-07  1.371e-03
1.8040  4.179e-07  1.371e-03
1.8060  4.125e-07  1.362e-03
1.8080  4.125e-07  1.362e-03
1.8100  4.069e-07  1.339e-03
1.8120  4.069e-07  1.339e-03
1.8140  4.069e-07  1.339e-03
1.8160  4.016e-07  1.306e-03
1.8167  4.016e-07  1.306e-03
1.8180  4.016e-07  1.306e-03
1.8200  3.972e-07  1.267e-03
1.8220  3.972e-07  1.267e-03
1.8240  3.972e-07  1.267e-03
1.8260  3.934e-07  1.219e-03
1.8280  3.934e-07  1.219e-03
1.8300  3.893e-07  1.169e-03
1.8320  3.893e-07  1.169e-03
1.8340  3.893e-07  1.169e-03
1.8360  3.857e-07  1.126e-03
1.8380  3.857e-07  1.126e-03
1.8400  3.818e-07  1.088e-03
1.8420  3.818e-07  1.088e-03
1.8440  3.818e-07  1.088e-03
1.8460  3.780e-07  1.058e-03
1.8480  3.780e-07  1.058e-03
1.8500  3.741e-07  1.040e-03
1.8516  3.741e-07  1.040e-03
1.8520  3.741e-07  1.040e-03
1.8540  3.741e-07  1.040e-03
1.8560  3.702e-07  1.032e-03
1.8580  3.702e-07  1.032e-03
1.8600  3.702e-07  1.032e-03
1.8620  3.656e-07  1.027e-03
1.8640  3.656e-07  1.027e-03
1.8660  3.607e-07  1.024e-03
1.8680  3.607e-07  1.024e-03
1.8700  3.607e-07  1.024e-03
1.8720  3.557e-07  1.024e-03
1.8740  3.557e-07  1.024e-03
1.8760  3.510e-07  1.024e-03
1.8780  3.510e-07  1.024e-03
1.8800  3.510e-07  1.024e-03
1.8820  3.477e-07  1.021e-03
1.8840  3.477e-07  1.021e-03
1.8860  3.477e-07  1.021e-03
1.8873  3.455e-07  1.016e-03
1.8880  3.455e-07  1.016e-03
1.8900  3.455e-07  1.016e-03
1.8920  3.455e-07  1.010e-03
1.8940  3.455e-07  1.010e-03
1.8960  3.455e-07  1.010e-03
1.8980  3.455e-07  9.924e-04
1.9000  3.455e-07  9.924e-04
1.9020  3.455e-07  9.924e-04
1.9040  3.455e-07  9.677e-04
1.9060  3.455e-07  9.677e-04
1.9080  3.455e-07  9.380e-04
1.9100  3.455e-07  9.380e-04
1.9120  3.455e-07  9.380e-04
1.9140  3.455e-07  9.017e-04
1.9160  3.455e-07  9.017e-04
1.9180  3.455e-07  9.017e-04
1.9200  3.421e-07  8.639e-04
1.9220  3.421e-07  8.639e-04
1.9237  3.385e-07  8.304e-04
1.9240  3.385e-07  8.304e-04
1.9260  3.385e-07  8.304e-04
1.9280  3.385e-07  8.304e-04
1.9300  3.342e-07  8.013e-04
1.9320  3.342e-07  8.013e-04
1.9340  3.342e-07  8.013e-04
1.9360  3.295e-07  7.811e-04
1.9380  3.295e-07  7.811e-04
1.9400  3.250e-07  7.673e-04
1.9420  3.250e-07  7.673e-04
1.9440  3.250e-07  7.673e-04
1.9460  3.213e-07  7.617e-04
1.9480  3.213e-07  7.617e-04
1.9500  3.213e-07  7.617e-04
1.9520  3.182e-07  7.582e-04
1.9540  3.182e-07  7.582e-04
1.9560  3.148e-07  7.559e-04
1.9580  3.148e-07  7.559e-04
1.9600  3.148e-07  7.559e-04
1.9607  3.148e-07  7.559e-04
1.9620  3.118e-07  7.542e-04
1.9640  3.118e-07  7.542e-04
1.9660  3.118e-07  7.542e-04
1.9680  3.086e-07  7.542e-04
1.9700  3.086e-07  7.542e-04
1.9720  3.086e-07  7.542e-04
1.9740  3.054e-07  7.519e-04
1.9760  3.054e-07  7.519e-04
1.9780  3.021e-07  7.482e-04
1.9800  3.021e-07  7.482e-04
1.9820  3.021e-07  7.482e-04
1.9840  2.989e-07  7.439e-04
1.9860  2.989e-07  7.439e-04
1.9880  2.989e-07  7.439e-04
1.9900  2.952e-07  7.309e-04
1.9920  2.952e-07  7.309e-04
1.9940  2.952e-07  7.309e-04
1.9960  2.913e-07  7.128e-04
1.9980  2.913e-07  7.128e-04
1.9985  2.913e-07  7.128e-04
2.0000  2.877e-07  6.908e-04
2.0370  2.794e-07  5.721e-04
2.0762  2.632e-07  5.592e-04
2.1162  2.446e-07  4.582e-04
2.1569  2.264e-07  4.157e-04
2.1985  2.246e-07  3.913e-04
2.2408  2.067e-07  3.122e-04
2.2840  1.915e-07  3.053e-04
2.3279  1.834e-07  2.491e-04
2.3728  1.732e-07  2.285e-04
2.4185  1.613e-07  2.054e-04
2.4651  1.493e-07  1.693e-04
2.5125  1.483e-07  1.668e-04
2.5609  1.368e-07  1.349e-04
2.6103  1.264e-07  1.254e-04
2.6605  1.211e-07  1.118e-04
2.7118  1.155e-07  9.270e-05
2.7640  1.069e-07  8.977e-05
2.8172  9.877e-08  7.074e-05
2.8715  9.817e-08  6.827e-05
2.9268  9.074e-08  5.983e-05
2.9831  8.410e-08  5.069e-05
3.0406  7.974e-08  4.852e-05
3.0992  7.663e-08  3.842e-05
3.1588  7.100e-08  3.729e-05
3.2197  6.625e-08  3.219e-05
3.2817  6.500e-08  2.773e-05
3.3449  6.046e-08  2.620e-05
3.4093  5.602e-08  2.074e-05
3.4750  5.279e-08  2.032e-05
3.5419  5.127e-08  1.647e-05
3.6101  4.738e-08  1.507e-05
3.6796  4.424e-08  1.397e-05
3.7505  4.306e-08  1.127e-05
3.8227  4.306e-08  1.097e-05
3.8964  4.306e-08  8.746e-06
3.9714  5.971e-06  8.216e-06
4.0479  5.971e-06  6.906e-06
4.1258  5.971e-06  6.043e-06
4.2053  5.562e-06  5.562e-06
4.2863  4.483e-06  4.483e-06
4.3689  4.200e-06  4.200e-06
4.4530  3.372e-06  3.372e-06
4.5388  3.089e-06  3.089e-06
4.6262  2.528e-06  2.528e-06
4.7153  2.299e-06  2.299e-06
4.8000  1.912e-06  1.912e-06
4.8050  1.912e-06  1.912e-06
4.8061  1.912e-06  1.912e-06
4.8100  1.860e-06  1.860e-06
4.8150  1.860e-06  1.860e-06
4.8200  1.860e-06  1.860e-06
4.8250  1.809e-06  1.809e-06
4.8300  1.809e-06  1.809e-06
4.8350  1.809e-06  1.809e-06
4.8400  1.766e-06  1.766e-06
4.8450  1.766e-06  1.766e-06
4.8500  1.737e-06  1.737e-06
4.8550  1.737e-06  1.737e-06
4.8600  1.737e-06  1.737e-06
4.8650  1.699e-06  1.699e-06
4.8700  1.699e-06  1.699e-06
4.8750  1.699e-06  1.699e-06
4.8800  1.666e-06  1.666e-06
4.8850  1.666e-06  1.666e-06
4.8900  1.666e-06  1.666e-06
4.8950  1.635e-06  1.635e-06
4.8986  1.635e-06  1.635e-06
4.9000  1.635e-06  1.635e-06
4.9050  1.600e-06  1.600e-06
4.9100  1.600e-06  1.600e-06
4.9150  1.600e-06  1.600e-06
4.9200  1.562e-06  1.562e-06
4.9250  1.562e-06  1.562e-06
4.9300  1.562e-06  1.562e-06
4.9350  1.522e-06  1.522e-06
4.9400  1.522e-06  1.522e-06
4.9450  1.483e-06  1.483e-06
4.9500  1.483e-06  1.483e-06
4.9550  1.483e-06  1.483e-06
4.9600  1.444e-06  1.444e-06
4.9650  1.444e-06  1.444e-06
4.9700  1.444e-06  1.444e-06
4.9750  1.406e-06  1.406e-06
4.9800  1.406e-06  1.406e-06
4.9850  1.406e-06  1.406e-06
4.9900  1.370e-06  1.370e-06
4.9930  1.370e-06  1.370e-06
4.9950  1.370e-06  1.370e-06
5.0000  1.370e-06  1.370e-06
5.0050  1.333e-06  1.333e-06
5.0100  1.333e-06  1.333e-06
5.0150  1.302e-06  1.302e-06
5.0200  1.302e-06  1.302e-06
5.0250  1.302e-06  1.302e-06
5.0300  1.271e-06  1.271e-06
5.0350  1.271e-06  1.271e-06
5.0400  1.271e-06  1.271e-06
5.0450  1.237e-06  1.237e-06
5.0500  1.237e-06  1.237e-06
5.0550  1.237e-06  1.237e-06
5.0600  1.197e-06  1.197e-06
5.0650  1.197e-06  1.197e-06
5.0700  1.197e-06  1.197e-06
5.0750  1.162e-06  1.162e-06
5.0800  1.162e-06  1.162e-06
5.0850  1.139e-06  1.139e-06
5.0892  1.139e-06  1.139e-06
5.0900  1.139e-06  1.139e-06
5.0950  1.139e-06  1.139e-06
5.1000  1.118e-06  1.118e-06
5.1050  1.118e-06  1.118e-06
5.1100  1.118e-06  1.118e-06
5.1150  1.095e-06  1.095e-06
5.1200  1.095e-06  1.095e-06
5.1250  1.095e-06  1.095e-06
5.1300  1.069e-06  1.069e-06
5.1350  1.069e-06  1.069e-06
5.1400  1.069e-06  1.069e-06
5.1450  1.044e-06  1.044e-06
5.1500  1.044e-06  1.044e-06
5.1550  1.044e-06  1.044e-06
5.1600  1.018e-06  1.018e-06
5.1650  1.018e-06  1.018e-06
5.1700  1.018e-06  1.018e-06
5.1750  9.943e-07  9.943e-07
5.1800  9.943e-07  9.943e-07
5.1850  9.723e-07  9.723e-07
5.1872  9.723e-07  9.723e-07
5.1900  9.723e-07  9.723e-07
5.1950  9.723e-07  9.723e-07
5.2000  9.510e-07  9.510e-07
5.2050  9.510e-07  9.510e-07
5.2100  9.510e-07  9.510e-07
5.2150  9.245e-07  9.245e-07
5.2200  9.245e-07  9.245e-07
5.2250  9.245e-07  9.245e-07
5.2300  8.915e-07  8.915e-07
5.2350  8.915e-07  8.915e-07
5.2400  8.915e-07  8.915e-07
5.2450  8.588e-07  8.588e-07
5.2500  8.588e-07  8.588e-07
5.2550  8.588e-07  8.588e-07
5.2600  8.305e-07  8.305e-07
5.2650  8.305e-07  8.305e-07
5.2700  8.305e-07  8.305e-07
5.2750  8.096e-07  8.096e-07
5.2800  8.096e-07  8.096e-07
5.2850  8.096e-07  8.096e-07
5.2871  7.948e-07  7.948e-07
5.2900  7.948e-07  7.948e-07
5.2950  7.948e-07  7.948e-07
5.3000  7.948e-07  7.948e-07
5.3050  7.792e-07  7.792e-07
5.3100  7.792e-07  7.792e-07
5.3150  7.792e-07  7.792e-07
5.3200  7.632e-07  7.632e-07
5.3250  7.632e-07  7.632e-07
5.3300  7.632e-07  7.632e-07
5.3350  7.454e-07  7.454e-07
5.3400  7.454e-07  7.454e-07
5.3450  7.454e-07  7.454e-07
5.3500  7.285e-07  7.285e-07
5.3550  7.285e-07  7.285e-07
5.3600  7.285e-07  7.285e-07
5.3650  7.135e-07  7.135e-07
5.3700  7.135e-07  7.135e-07
5.3750  7.135e-07  7.135e-07
5.3800  6.993e-07  6.993e-07
5.3850  6.993e-07  6.993e-07
5.3889  6.993e-07  6.993e-07
5.3900  6.993e-07  6.993e-07
5.3950  6.798e-07  6.798e-07
5.4000  6.798e-07  6.798e-07
5.4927  5.584e-07  5.584e-07
5.5985  4.662e-07  4.662e-07
5.7063  3.803e-07  3.803e-07
5.8162  2.963e-07  2.963e-07
5.9282  2.447e-07  2.447e-07
6.0424  1.979e-07  1.979e-07
6.1588  1.591e-07  1.591e-07
6.2774  1.229e-07  1.229e-07
6.3983  9.828e-08  9.828e-08
6.5215  8.680e-08  8.680e-08
6.6471  7.736e-08  7.736e-08
6.7751  6.878e-08  6.878e-08
6.9056  6.621e-08  6.621e-08
7.0386  6.468e-08  6.468e-08
7.1741  5.541e-08  5.541e-08
7.3123  5.103e-08  5.103e-08
