# FASER2 HNL |Umu|^2 sensitivity (BC7 benchmark)
# Digitized from arXiv:2505.00947v2, fig:pbc_bc7_gray_final, 2026-06-06
# Source file: Figures/5-PhysicsReach/BSM_benchmarks/pbc_bc7_gray_final.pdf
# FASER2 and FLArE contours overlap to within line width across
# most of the mass range; values are co-located with FLArE_Umu.dat.
# mass_GeV  u2_min  u2_max
0.1000  4.006e-05  4.006e-05
0.1019  4.006e-05  4.006e-05
0.1039  3.945e-05  3.945e-05
0.1059  3.773e-05  3.773e-05
0.1079  3.538e-05  3.538e-05
0.1100  3.295e-05  3.295e-05
0.1121  3.052e-05  3.052e-05
0.1143  2.853e-05  2.853e-05
0.1165  2.650e-05  2.650e-05
0.1187  2.474e-05  2.474e-05
0.1210  2.324e-05  2.324e-05
0.1234  2.116e-05  2.116e-05
0.1257  1.775e-05  1.775e-05
0.1281  1.616e-05  1.616e-05
0.1306  1.404e-05  1.404e-05
0.1331  1.160e-05  1.160e-05
0.1357  9.698e-06  9.698e-06
0.1383  7.953e-06  7.953e-06
0.1410  6.623e-06  6.623e-06
0.1437  5.311e-06  5.311e-06
0.1464  4.264e-06  4.264e-06
0.1493  3.473e-06  3.473e-06
0.1522  2.741e-06  2.741e-06
0.1551  2.354e-06  2.354e-06
0.1581  1.949e-06  1.949e-06
0.1611  1.679e-06  1.679e-06
0.1642  1.414e-06  1.414e-06
0.1674  1.196e-06  1.196e-06
0.1706  1.112e-06  1.112e-06
0.1739  9.292e-07  9.292e-07
0.1772  8.787e-07  8.787e-07
0.1806  7.938e-07  7.938e-07
0.1841  6.887e-07  6.887e-07
0.1877  6.465e-07  6.465e-07
0.1913  5.715e-07  5.715e-07
0.1950  5.194e-07  5.194e-07
0.1987  4.871e-07  4.871e-07
0.2026  4.415e-07  4.415e-07
0.2064  4.032e-07  4.032e-07
0.2104  3.748e-07  3.748e-07
0.2145  3.389e-07  3.389e-07
0.2186  3.108e-07  3.108e-07
0.2228  2.889e-07  2.889e-07
0.2271  2.652e-07  2.652e-07
0.2315  2.407e-07  2.407e-07
0.2359  2.249e-07  2.249e-07
0.2405  2.032e-07  2.032e-07
0.2451  1.852e-07  1.852e-07
0.2498  1.722e-07  1.722e-07
0.2500  1.722e-07  1.722e-07
0.2520  1.671e-07  1.671e-07
0.2540  1.591e-07  1.591e-07
0.2546  1.561e-07  1.561e-07
0.2560  1.533e-07  1.533e-07
0.2580  1.472e-07  1.472e-07
0.2596  1.444e-07  1.444e-07
0.2600  1.427e-07  1.427e-07
0.2620  1.381e-07  1.381e-07
0.2640  1.339e-07  1.339e-07
0.2646  1.339e-07  1.339e-07
0.2660  1.313e-07  1.313e-07
0.2680  1.259e-07  1.259e-07
0.2697  1.214e-07  1.214e-07
0.2700  1.190e-07  1.190e-07
0.2720  1.149e-07  1.149e-07
0.2740  1.115e-07  1.115e-07
0.2748  1.106e-07  1.106e-07
0.2760  1.096e-07  1.096e-07
0.2780  1.062e-07  1.062e-07
0.2800  1.027e-07  1.027e-07
0.2801  1.027e-07  1.027e-07
0.2820  1.007e-07  1.007e-07
0.2840  9.770e-08  9.770e-08
0.2855  9.548e-08  9.548e-08
0.2860  9.548e-08  9.548e-08
0.2880  9.219e-08  9.219e-08
0.2900  9.082e-08  9.082e-08
0.2910  8.935e-08  8.935e-08
0.2920  8.858e-08  8.858e-08
0.2940  8.696e-08  8.696e-08
0.2960  8.385e-08  8.385e-08
0.2966  8.385e-08  8.385e-08
0.2980  8.176e-08  8.176e-08
0.3000  7.987e-08  7.987e-08
0.3020  7.747e-08  7.747e-08
0.3024  7.747e-08  7.747e-08
0.3040  7.580e-08  7.580e-08
0.3060  7.396e-08  7.396e-08
0.3080  7.360e-08  7.360e-08
0.3082  7.360e-08  7.360e-08
0.3100  7.294e-08  7.294e-08
0.3120  7.177e-08  7.177e-08
0.3140  7.082e-08  7.082e-08
0.3141  7.082e-08  7.082e-08
0.3160  6.971e-08  6.971e-08
0.3180  6.847e-08  6.847e-08
0.3200  6.667e-08  6.667e-08
0.3202  6.667e-08  6.667e-08
0.3220  6.559e-08  6.559e-08
0.3240  6.477e-08  6.477e-08
0.3260  6.403e-08  6.403e-08
0.3263  6.374e-08  6.374e-08
0.3280  6.350e-08  6.350e-08
0.3300  6.341e-08  6.341e-08
0.3320  6.341e-08  6.341e-08
0.3326  6.341e-08  6.341e-08
0.3340  6.341e-08  6.341e-08
0.3360  6.341e-08  6.341e-08
0.3380  6.341e-08  6.341e-08
0.3390  6.341e-08  6.341e-08
0.3400  6.341e-08  6.341e-08
0.3420  6.341e-08  6.341e-08
0.3440  6.341e-08  6.341e-08
0.3456  6.341e-08  6.341e-08
0.3460  6.341e-08  6.341e-08
0.3480  6.344e-08  6.344e-08
0.3500  6.543e-08  6.543e-08
0.3520  6.763e-08  6.763e-08
0.3522  6.763e-08  6.763e-08
0.3540  7.057e-08  7.057e-08
0.3560  7.382e-08  7.382e-08
0.3580  7.648e-08  7.648e-08
0.3590  7.768e-08  7.768e-08
0.3600  7.914e-08  7.914e-08
0.3620  8.265e-08  8.265e-08
0.3640  8.729e-08  8.729e-08
0.3659  9.201e-08  9.201e-08
0.3660  9.201e-08  9.201e-08
0.3680  9.688e-08  9.688e-08
0.3700  1.043e-07  1.043e-07
0.3720  1.134e-07  1.134e-07
0.3729  1.177e-07  1.177e-07
0.3740  1.222e-07  1.222e-07
0.3760  1.270e-07  1.270e-07
0.3780  1.379e-07  1.379e-07
0.3800  1.486e-07  1.486e-07
0.3801  1.486e-07  1.486e-07
0.3820  1.585e-07  1.585e-07
0.3840  1.683e-07  1.683e-07
0.3860  1.792e-07  1.792e-07
0.3875  1.848e-07  1.848e-07
0.3880  1.905e-07  1.905e-07
0.3900  2.002e-07  2.002e-07
0.3920  2.053e-07  2.053e-07
0.3940  2.169e-07  2.169e-07
0.3949  2.226e-07  2.226e-07
0.3960  2.276e-07  2.276e-07
0.3980  2.352e-07  2.352e-07
0.4000  2.429e-07  2.429e-07
0.4020  2.474e-07  2.474e-07
0.4025  2.530e-07  2.530e-07
0.4040  2.586e-07  2.586e-07
0.4060  2.638e-07  2.638e-07
0.4080  2.638e-07  2.638e-07
0.4100  2.638e-07  2.638e-07
0.4103  2.638e-07  2.638e-07
0.4120  2.638e-07  2.638e-07
0.4140  2.638e-07  2.638e-07
0.4160  2.638e-07  2.638e-07
0.4180  2.638e-07  2.638e-07
0.4182  2.638e-07  2.638e-07
0.4200  2.638e-07  2.638e-07
0.4220  2.638e-07  2.638e-07
0.4240  2.638e-07  2.638e-07
0.4260  2.638e-07  2.638e-07
0.4262  2.638e-07  2.638e-07
0.4280  2.605e-07  2.605e-07
0.4300  2.580e-07  2.580e-07
0.4320  2.580e-07  2.580e-07
0.4340  2.580e-07  2.580e-07
0.4344  2.580e-07  2.580e-07
0.4360  2.570e-07  2.570e-07
0.4380  2.557e-07  2.557e-07
0.4400  2.527e-07  2.527e-07
0.4420  2.495e-07  2.495e-07
0.4428  2.495e-07  2.495e-07
0.4440  2.475e-07  2.475e-07
0.4460  2.432e-07  2.432e-07
0.4480  2.410e-07  2.410e-07
0.4500  2.365e-07  2.365e-07
0.4513  2.342e-07  2.342e-07
0.4600  2.226e-07  2.226e-07
0.4689  2.191e-07  2.191e-07
0.4779  2.095e-07  2.095e-07
0.4871  1.984e-07  1.984e-07
0.4965  1.884e-07  1.884e-07
0.5061  1.868e-07  1.868e-07
0.5158  1.802e-07  1.802e-07
0.5257  1.710e-07  1.710e-07
0.5359  1.648e-07  1.648e-07
0.5462  1.640e-07  1.640e-07
0.5567  1.589e-07  1.589e-07
0.5674  1.508e-07  1.508e-07
0.5784  1.444e-07  1.444e-07
0.5895  1.436e-07  1.436e-07
0.6008  1.380e-07  1.380e-07
0.6124  1.304e-07  1.304e-07
0.6242  1.258e-07  1.258e-07
0.6362  1.246e-07  1.246e-07
0.6485  1.193e-07  1.193e-07
0.6610  1.124e-07  1.124e-07
0.6737  1.079e-07  1.079e-07
0.6867  1.068e-07  1.068e-07
0.6999  1.019e-07  1.019e-07
0.7134  9.692e-08  9.692e-08
0.7271  9.305e-08  9.305e-08
0.7411  9.215e-08  9.215e-08
0.7554  8.808e-08  8.808e-08
0.7700  8.322e-08  8.322e-08
0.7848  8.048e-08  8.048e-08
0.7999  7.851e-08  7.851e-08
0.8153  7.452e-08  7.452e-08
0.8310  6.954e-08  6.954e-08
0.8470  6.687e-08  6.687e-08
0.8633  6.440e-08  6.440e-08
0.8799  5.979e-08  5.979e-08
0.8969  5.637e-08  5.637e-08
0.9142  5.453e-08  5.453e-08
0.9318  5.141e-08  5.141e-08
0.9497  4.748e-08  4.748e-08
0.9680  4.488e-08  4.488e-08
0.9867  4.237e-08  4.237e-08
1.0056  3.929e-08  3.929e-08
1.0250  3.683e-08  3.683e-08
1.0448  3.521e-08  3.521e-08
1.0649  3.311e-08  3.311e-08
1.0854  3.056e-08  3.056e-08
1.1063  2.893e-08  2.893e-08
1.1276  2.787e-08  2.787e-08
1.1493  2.608e-08  2.608e-08
1.1715  2.464e-08  2.464e-08
1.1940  2.397e-08  2.397e-08
1.2170  2.320e-08  2.320e-08
1.2405  2.182e-08  2.223e-08
1.2643  2.067e-08  2.223e-08
1.2887  2.036e-08  2.223e-08
1.3135  1.955e-08  8.187e-03
1.3388  1.858e-08  8.187e-03
1.3646  1.761e-08  8.187e-03
1.3909  1.746e-08  7.854e-03
1.4177  1.710e-08  7.437e-03
1.4450  1.654e-08  6.544e-03
1.4728  1.615e-08  6.223e-03
1.5011  1.610e-08  5.163e-03
1.5301  1.610e-08  4.708e-03
1.5595  1.610e-08  4.177e-03
1.5896  1.650e-08  3.509e-03
1.6000  1.658e-08  3.474e-03
1.6020  1.661e-08  3.467e-03
1.6040  1.661e-08  3.467e-03
1.6060  1.662e-08  3.455e-03
1.6080  1.662e-08  3.455e-03
1.6100  1.664e-08  3.438e-03
1.6120  1.664e-08  3.438e-03
1.6140  1.666e-08  3.395e-03
1.6160  1.666e-08  3.395e-03
1.6180  1.666e-08  3.395e-03
1.6200  1.666e-08  3.327e-03
1.6202  1.666e-08  3.327e-03
1.6220  1.666e-08  3.327e-03
1.6240  1.673e-08  3.235e-03
1.6260  1.673e-08  3.235e-03
1.6280  1.684e-08  3.125e-03
1.6300  1.684e-08  3.125e-03
1.6320  1.697e-08  3.016e-03
1.6340  1.697e-08  3.016e-03
1.6360  1.697e-08  3.016e-03
1.6380  1.713e-08  2.915e-03
1.6400  1.713e-08  2.915e-03
1.6420  1.731e-08  2.825e-03
1.6440  1.731e-08  2.825e-03
1.6460  1.748e-08  2.749e-03
1.6480  1.748e-08  2.749e-03
1.6500  1.748e-08  2.749e-03
1.6514  1.766e-08  2.688e-03
1.6520  1.766e-08  2.688e-03
1.6540  1.766e-08  2.688e-03
1.6560  1.783e-08  2.632e-03
1.6580  1.783e-08  2.632e-03
1.6600  1.806e-08  2.594e-03
1.6620  1.806e-08  2.594e-03
1.6640  1.806e-08  2.594e-03
1.6660  1.830e-08  2.572e-03
1.6680  1.830e-08  2.572e-03
1.6700  1.854e-08  2.557e-03
1.6720  1.854e-08  2.557e-03
1.6740  1.878e-08  2.557e-03
1.6760  1.878e-08  2.557e-03
1.6780  1.878e-08  2.557e-03
1.6800  1.902e-08  2.548e-03
1.6820  1.902e-08  2.548e-03
1.6832  1.925e-08  2.536e-03
1.6840  1.925e-08  2.536e-03
1.6860  1.925e-08  2.536e-03
1.6880  1.946e-08  2.505e-03
1.6900  1.946e-08  2.505e-03
1.6920  1.946e-08  2.505e-03
1.6940  1.967e-08  2.436e-03
1.6960  1.967e-08  2.436e-03
1.6980  1.986e-08  2.354e-03
1.7000  1.986e-08  2.354e-03
1.7020  2.003e-08  2.264e-03
1.7040  2.003e-08  2.264e-03
1.7060  2.003e-08  2.264e-03
1.7080  2.036e-08  2.168e-03
1.7100  2.036e-08  2.168e-03
1.7120  2.077e-08  2.076e-03
1.7140  2.077e-08  2.076e-03
1.7156  2.077e-08  2.076e-03
1.7160  2.127e-08  2.003e-03
1.7180  2.127e-08  2.003e-03
1.7200  2.127e-08  2.003e-03
1.7220  2.193e-08  1.939e-03
1.7240  2.193e-08  1.939e-03
1.7260  2.257e-08  1.874e-03
1.7280  2.257e-08  1.874e-03
1.7300  2.257e-08  1.874e-03
1.7320  2.312e-08  1.812e-03
1.7340  2.312e-08  1.812e-03
1.7360  2.360e-08  1.757e-03
1.7380  2.360e-08  1.757e-03
1.7400  2.399e-08  1.721e-03
1.7420  2.399e-08  1.721e-03
1.7440  2.399e-08  1.721e-03
1.7460  2.425e-08  1.699e-03
1.7480  2.425e-08  1.699e-03
1.7487  2.425e-08  1.699e-03
1.7500  2.470e-08  1.678e-03
1.7520  2.470e-08  1.678e-03
1.7540  2.470e-08  1.678e-03
1.7560  2.520e-08  1.656e-03
1.7580  2.520e-08  1.656e-03
1.7600  2.572e-08  1.611e-03
1.7620  2.572e-08  1.611e-03
1.7640  2.572e-08  1.611e-03
1.7660  2.630e-08  1.543e-03
1.7680  2.630e-08  1.543e-03
1.7700  2.686e-08  1.467e-03
1.7720  2.686e-08  1.467e-03
1.7740  2.686e-08  1.467e-03
1.7760  2.744e-08  1.383e-03
1.7780  2.744e-08  1.383e-03
1.7800  2.804e-08  1.307e-03
1.7820  2.804e-08  1.307e-03
1.7823  2.804e-08  1.307e-03
1.7840  2.804e-08  1.307e-03
1.7860  2.873e-08  1.241e-03
1.7880  2.873e-08  1.241e-03
1.7900  2.956e-08  1.184e-03
1.7920  2.956e-08  1.184e-03
1.7940  2.956e-08  1.184e-03
1.7960  3.051e-08  1.134e-03
1.7980  3.051e-08  1.134e-03
1.8000  3.153e-08  1.085e-03
1.8020  3.153e-08  1.085e-03
1.8040  3.153e-08  1.085e-03
1.8060  3.262e-08  1.041e-03
1.8080  3.262e-08  1.041e-03
1.8100  3.378e-08  1.001e-03
1.8120  3.378e-08  1.001e-03
1.8140  3.378e-08  1.001e-03
1.8160  3.486e-08  9.701e-04
1.8167  3.486e-08  9.701e-04
1.8180  3.486e-08  9.701e-04
1.8200  3.594e-08  9.457e-04
1.8220  3.594e-08  9.457e-04
1.8240  3.594e-08  9.457e-04
1.8260  3.699e-08  9.257e-04
1.8280  3.699e-08  9.257e-04
1.8300  3.821e-08  9.076e-04
1.8320  3.821e-08  9.076e-04
1.8340  3.821e-08  9.076e-04
1.8360  3.949e-08  8.911e-04
1.8380  3.949e-08  8.911e-04
1.8400  4.090e-08  8.669e-04
1.8420  4.090e-08  8.669e-04
1.8440  4.090e-08  8.669e-04
1.8460  4.227e-08  8.338e-04
1.8480  4.227e-08  8.338e-04
1.8500  4.367e-08  7.990e-04
1.8516  4.367e-08  7.990e-04
1.8520  4.367e-08  7.990e-04
1.8540  4.367e-08  7.990e-04
1.8560  4.482e-08  7.629e-04
1.8580  4.482e-08  7.629e-04
1.8600  4.482e-08  7.629e-04
1.8620  4.608e-08  7.281e-04
1.8640  4.608e-08  7.281e-04
1.8660  4.721e-08  6.981e-04
1.8680  4.721e-08  6.981e-04
1.8700  4.721e-08  6.981e-04
1.8720  4.870e-08  6.726e-04
1.8740  4.870e-08  6.726e-04
1.8760  5.058e-08  6.496e-04
1.8780  5.058e-08  6.496e-04
1.8800  5.058e-08  6.496e-04
1.8820  5.268e-08  6.239e-04
1.8840  5.268e-08  6.239e-04
1.8860  5.268e-08  6.239e-04
1.8873  5.504e-08  5.980e-04
1.8880  5.504e-08  5.980e-04
1.8900  5.504e-08  5.980e-04
1.8920  5.756e-08  5.752e-04
1.8940  5.756e-08  5.752e-04
1.8960  5.756e-08  5.752e-04
1.8980  6.008e-08  5.579e-04
1.9000  6.008e-08  5.579e-04
1.9020  6.008e-08  5.579e-04
1.9040  6.249e-08  5.418e-04
1.9060  6.249e-08  5.418e-04
1.9080  6.511e-08  5.278e-04
1.9100  6.511e-08  5.278e-04
1.9120  6.511e-08  5.278e-04
1.9140  6.752e-08  5.139e-04
1.9160  6.752e-08  5.139e-04
1.9180  6.752e-08  5.139e-04
1.9200  6.959e-08  4.995e-04
1.9220  6.959e-08  4.995e-04
1.9237  7.157e-08  4.833e-04
1.9240  7.157e-08  4.833e-04
1.9260  7.157e-08  4.833e-04
1.9280  7.157e-08  4.833e-04
1.9300  7.304e-08  4.675e-04
1.9320  7.304e-08  4.675e-04
1.9340  7.304e-08  4.675e-04
1.9360  7.426e-08  4.527e-04
1.9380  7.426e-08  4.527e-04
1.9400  7.566e-08  4.409e-04
1.9420  7.566e-08  4.409e-04
1.9440  7.566e-08  4.409e-04
1.9460  7.718e-08  4.314e-04
1.9480  7.718e-08  4.314e-04
1.9500  7.718e-08  4.314e-04
1.9520  7.897e-08  4.208e-04
1.9540  7.897e-08  4.208e-04
1.9560  8.082e-08  4.096e-04
1.9580  8.082e-08  4.096e-04
1.9600  8.082e-08  4.096e-04
1.9607  8.082e-08  4.096e-04
1.9620  8.266e-08  3.961e-04
1.9640  8.266e-08  3.961e-04
1.9660  8.266e-08  3.961e-04
1.9680  8.445e-08  3.817e-04
1.9700  8.445e-08  3.817e-04
1.9720  8.445e-08  3.817e-04
1.9740  8.612e-08  3.668e-04
1.9760  8.612e-08  3.668e-04
1.9780  8.815e-08  3.518e-04
1.9800  8.815e-08  3.518e-04
1.9820  8.815e-08  3.518e-04
1.9840  9.039e-08  3.381e-04
1.9860  9.039e-08  3.381e-04
1.9880  9.039e-08  3.381e-04
1.9900  9.285e-08  3.268e-04
1.9920  9.285e-08  3.268e-04
1.9940  9.285e-08  3.268e-04
1.9960  9.561e-08  3.159e-04
1.9980  9.561e-08  3.159e-04
1.9985  9.561e-08  3.159e-04
2.0000  9.862e-08  3.057e-04
2.0370  1.141e-07  2.551e-04
2.0762  1.284e-07  1.985e-04
2.1162  1.321e-07  1.686e-04
2.1569  1.328e-07  1.458e-04
2.1985  1.353e-07  1.255e-04
2.2408  1.394e-07  1.093e-04
2.2840  1.415e-07  9.172e-05
2.3279  1.444e-07  7.983e-05
2.3728  1.538e-07  6.695e-05
2.4185  1.644e-07  5.714e-05
2.4651  1.733e-07  4.749e-05
2.5125  1.847e-07  4.089e-05
2.5609  1.992e-07  3.400e-05
2.6103  2.192e-07  2.845e-05
2.6605  2.512e-07  2.314e-05
2.7118  2.682e-07  1.920e-05
2.7640  3.258e-07  1.512e-05
2.8172  3.736e-07  1.189e-05
2.8715  4.455e-07  9.249e-06
2.9268  1.949e-06  2.252e-06
2.9831  1.949e-06  2.031e-06
3.0406  1.949e-06  1.981e-06
3.0992  1.897e-06  1.897e-06
3.1588  1.884e-06  1.884e-06
3.2197  1.868e-06  1.868e-06
3.2817  1.849e-06  1.849e-06
3.3449  1.837e-06  1.837e-06
