# FLArE HNL |Umu|^2 sensitivity (BC7 benchmark)
# Digitized from arXiv:2505.00947v2, fig:pbc_bc7_gray_final, 2026-06-06
# Source file: Figures/5-PhysicsReach/BSM_benchmarks/pbc_bc7_gray_final.pdf
# FLArE and FASER2 contours overlap to within line width across
# most of the mass range; values are co-located with FASER2_Umu.dat.
# mass_GeV  u2_min  u2_max
0.1000  4.370e-05  4.370e-05
0.1019  4.144e-05  4.144e-05
0.1039  4.027e-05  4.027e-05
0.1059  3.878e-05  3.878e-05
0.1079  3.627e-05  3.627e-05
0.1100  3.424e-05  3.424e-05
0.1121  3.188e-05  3.188e-05
0.1143  2.923e-05  2.923e-05
0.1165  2.809e-05  2.809e-05
0.1187  2.592e-05  2.592e-05
0.1210  2.430e-05  2.430e-05
0.1234  2.086e-05  2.086e-05
0.1257  1.976e-05  1.976e-05
0.1281  1.660e-05  1.660e-05
0.1306  1.401e-05  1.401e-05
0.1331  1.219e-05  1.219e-05
0.1357  9.733e-06  9.733e-06
0.1383  8.475e-06  8.475e-06
0.1410  6.613e-06  6.613e-06
0.1437  5.513e-06  5.513e-06
0.1464  4.448e-06  4.448e-06
0.1493  3.528e-06  3.528e-06
0.1522  2.940e-06  2.940e-06
0.1551  2.295e-06  2.295e-06
0.1581  2.076e-06  2.076e-06
0.1611  1.691e-06  1.691e-06
0.1642  1.407e-06  1.407e-06
0.1674  1.282e-06  1.282e-06
0.1706  1.044e-06  1.044e-06
0.1739  1.019e-06  1.019e-06
0.1772  8.942e-07  8.942e-07
0.1806  7.801e-07  7.801e-07
0.1841  7.452e-07  7.452e-07
0.1877  6.326e-07  6.326e-07
0.1913  5.900e-07  5.900e-07
0.1950  5.526e-07  5.526e-07
0.1987  4.805e-07  4.805e-07
0.2026  4.539e-07  4.539e-07
0.2064  4.261e-07  4.261e-07
0.2104  3.748e-07  3.748e-07
0.2145  3.476e-07  3.476e-07
0.2186  3.224e-07  3.224e-07
0.2228  2.860e-07  2.860e-07
0.2271  2.682e-07  2.682e-07
0.2315  2.521e-07  2.521e-07
0.2359  2.237e-07  2.237e-07
0.2405  2.078e-07  2.078e-07
0.2451  1.944e-07  1.944e-07
0.2498  1.723e-07  1.723e-07
0.2500  1.723e-07  1.723e-07
0.2520  1.644e-07  1.644e-07
0.2540  1.601e-07  1.601e-07
0.2546  1.590e-07  1.590e-07
0.2560  1.578e-07  1.578e-07
0.2580  1.539e-07  1.539e-07
0.2596  1.499e-07  1.499e-07
0.2600  1.475e-07  1.475e-07
0.2620  1.413e-07  1.413e-07
0.2640  1.358e-07  1.358e-07
0.2646  1.358e-07  1.358e-07
0.2660  1.318e-07  1.318e-07
0.2680  1.266e-07  1.266e-07
0.2697  1.245e-07  1.245e-07
0.2700  1.236e-07  1.236e-07
0.2720  1.221e-07  1.221e-07
0.2740  1.190e-07  1.190e-07
0.2748  1.174e-07  1.174e-07
0.2760  1.156e-07  1.156e-07
0.2780  1.108e-07  1.108e-07
0.2800  1.089e-07  1.089e-07
0.2801  1.089e-07  1.089e-07
0.2820  1.069e-07  1.069e-07
0.2840  1.028e-07  1.028e-07
0.2855  1.005e-07  1.005e-07
0.2860  1.005e-07  1.005e-07
0.2880  9.744e-08  9.744e-08
0.2900  9.563e-08  9.563e-08
0.2910  9.349e-08  9.349e-08
0.2920  9.224e-08  9.224e-08
0.2940  8.969e-08  8.969e-08
0.2960  8.723e-08  8.723e-08
0.2966  8.723e-08  8.723e-08
0.2980  8.723e-08  8.723e-08
0.3000  8.723e-08  8.723e-08
0.3020  8.468e-08  8.468e-08
0.3024  8.468e-08  8.468e-08
0.3040  8.265e-08  8.265e-08
0.3060  8.014e-08  8.014e-08
0.3080  7.848e-08  7.848e-08
0.3082  7.848e-08  7.848e-08
0.3100  7.687e-08  7.687e-08
0.3120  7.434e-08  7.434e-08
0.3140  7.254e-08  7.254e-08
0.3141  7.254e-08  7.254e-08
0.3160  7.125e-08  7.125e-08
0.3180  7.084e-08  7.084e-08
0.3200  7.084e-08  7.084e-08
0.3202  7.084e-08  7.084e-08
0.3220  7.084e-08  7.084e-08
0.3240  7.042e-08  7.042e-08
0.3260  6.908e-08  6.908e-08
0.3263  6.840e-08  6.840e-08
0.3280  6.776e-08  6.776e-08
0.3300  6.563e-08  6.563e-08
0.3320  6.485e-08  6.485e-08
0.3326  6.485e-08  6.485e-08
0.3340  6.485e-08  6.485e-08
0.3360  6.485e-08  6.485e-08
0.3380  6.485e-08  6.485e-08
0.3390  6.485e-08  6.485e-08
0.3400  6.485e-08  6.485e-08
0.3420  6.485e-08  6.485e-08
0.3440  6.485e-08  6.485e-08
0.3456  6.485e-08  6.485e-08
0.3460  6.485e-08  6.485e-08
0.3480  6.485e-08  6.485e-08
0.3500  6.664e-08  6.664e-08
0.3520  6.879e-08  6.879e-08
0.3522  6.879e-08  6.879e-08
0.3540  7.116e-08  7.116e-08
0.3560  7.375e-08  7.375e-08
0.3580  7.855e-08  7.855e-08
0.3590  8.145e-08  8.145e-08
0.3600  8.407e-08  8.407e-08
0.3620  8.943e-08  8.943e-08
0.3640  9.350e-08  9.350e-08
0.3659  9.822e-08  9.822e-08
0.3660  9.822e-08  9.822e-08
0.3680  1.032e-07  1.032e-07
0.3700  1.074e-07  1.074e-07
0.3720  1.132e-07  1.132e-07
0.3729  1.178e-07  1.178e-07
0.3740  1.232e-07  1.232e-07
0.3760  1.292e-07  1.292e-07
0.3780  1.400e-07  1.400e-07
0.3800  1.512e-07  1.512e-07
0.3801  1.512e-07  1.512e-07
0.3820  1.639e-07  1.639e-07
0.3840  1.729e-07  1.729e-07
0.3860  1.802e-07  1.802e-07
0.3875  1.836e-07  1.836e-07
0.3880  1.872e-07  1.872e-07
0.3900  1.967e-07  1.967e-07
0.3920  2.014e-07  2.014e-07
0.3940  2.078e-07  2.078e-07
0.3949  2.126e-07  2.126e-07
0.3960  2.180e-07  2.180e-07
0.3980  2.313e-07  2.313e-07
0.4000  2.461e-07  2.461e-07
0.4020  2.514e-07  2.514e-07
0.4025  2.553e-07  2.553e-07
0.4040  2.590e-07  2.590e-07
0.4060  2.671e-07  2.671e-07
0.4080  2.713e-07  2.713e-07
0.4100  2.713e-07  2.713e-07
0.4103  2.713e-07  2.713e-07
0.4120  2.713e-07  2.713e-07
0.4140  2.713e-07  2.713e-07
0.4160  2.713e-07  2.713e-07
0.4180  2.713e-07  2.713e-07
0.4182  2.713e-07  2.713e-07
0.4200  2.713e-07  2.713e-07
0.4220  2.713e-07  2.713e-07
0.4240  2.713e-07  2.713e-07
0.4260  2.713e-07  2.713e-07
0.4262  2.713e-07  2.713e-07
0.4280  2.713e-07  2.713e-07
0.4300  2.677e-07  2.677e-07
0.4320  2.648e-07  2.648e-07
0.4340  2.585e-07  2.585e-07
0.4344  2.585e-07  2.585e-07
0.4360  2.530e-07  2.530e-07
0.4380  2.507e-07  2.507e-07
0.4400  2.460e-07  2.460e-07
0.4420  2.419e-07  2.419e-07
0.4428  2.419e-07  2.419e-07
0.4440  2.407e-07  2.407e-07
0.4460  2.407e-07  2.407e-07
0.4480  2.407e-07  2.407e-07
0.4500  2.407e-07  2.407e-07
0.4513  2.407e-07  2.407e-07
0.4600  2.344e-07  2.344e-07
0.4689  2.172e-07  2.172e-07
0.4779  2.058e-07  2.058e-07
0.4871  2.058e-07  2.058e-07
0.4965  2.013e-07  2.013e-07
0.5061  1.880e-07  1.880e-07
0.5158  1.793e-07  1.793e-07
0.5257  1.793e-07  1.793e-07
0.5359  1.756e-07  1.756e-07
0.5462  1.650e-07  1.650e-07
0.5567  1.591e-07  1.591e-07
0.5674  1.591e-07  1.591e-07
0.5784  1.555e-07  1.555e-07
0.5895  1.452e-07  1.452e-07
0.6008  1.387e-07  1.387e-07
0.6124  1.387e-07  1.387e-07
0.6242  1.352e-07  1.352e-07
0.6362  1.254e-07  1.254e-07
0.6485  1.192e-07  1.192e-07
0.6610  1.192e-07  1.192e-07
0.6737  1.141e-07  1.141e-07
0.6867  1.055e-07  1.055e-07
0.6999  1.008e-07  1.008e-07
0.7134  1.008e-07  1.008e-07
0.7271  9.712e-08  9.712e-08
0.7411  9.058e-08  9.058e-08
0.7554  8.778e-08  8.778e-08
0.7700  8.778e-08  8.778e-08
0.7848  8.309e-08  8.309e-08
0.7999  7.721e-08  7.721e-08
0.8153  7.500e-08  7.500e-08
0.8310  7.446e-08  7.446e-08
0.8470  6.908e-08  6.908e-08
0.8633  6.371e-08  6.371e-08
0.8799  6.195e-08  6.195e-08
0.8969  5.892e-08  5.892e-08
0.9142  5.528e-08  5.528e-08
0.9318  5.109e-08  5.109e-08
0.9497  5.041e-08  5.041e-08
0.9680  4.659e-08  4.659e-08
0.9867  4.327e-08  4.327e-08
1.0056  4.107e-08  4.107e-08
1.0250  3.871e-08  3.871e-08
1.0448  3.633e-08  3.633e-08
1.0649  3.343e-08  3.343e-08
1.0854  3.272e-08  3.272e-08
1.1063  3.020e-08  3.020e-08
1.1276  2.793e-08  2.793e-08
1.1493  2.671e-08  2.671e-08
1.1715  2.635e-08  2.635e-08
1.1940  2.445e-08  2.445e-08
1.2170  2.272e-08  2.272e-08
1.2405  2.243e-08  2.243e-08
1.2643  2.190e-08  2.243e-08
1.2887  2.038e-08  2.243e-08
1.3135  1.934e-08  8.202e-03
1.3388  1.934e-08  8.202e-03
1.3646  1.901e-08  8.202e-03
1.3909  1.788e-08  7.887e-03
1.4177  1.708e-08  7.363e-03
1.4450  1.708e-08  6.970e-03
1.4728  1.704e-08  5.539e-03
1.5011  1.676e-08  5.377e-03
1.5301  1.676e-08  4.514e-03
1.5595  1.676e-08  4.027e-03
1.5896  1.707e-08  3.490e-03
1.6000  1.741e-08  3.269e-03
1.6020  1.756e-08  3.167e-03
1.6040  1.756e-08  3.167e-03
1.6060  1.774e-08  3.080e-03
1.6080  1.774e-08  3.080e-03
1.6100  1.793e-08  3.012e-03
1.6120  1.793e-08  3.012e-03
1.6140  1.811e-08  2.965e-03
1.6160  1.811e-08  2.965e-03
1.6180  1.811e-08  2.965e-03
1.6200  1.827e-08  2.946e-03
1.6202  1.827e-08  2.946e-03
1.6220  1.827e-08  2.946e-03
1.6240  1.842e-08  2.946e-03
1.6260  1.842e-08  2.946e-03
1.6280  1.857e-08  2.946e-03
1.6300  1.857e-08  2.946e-03
1.6320  1.871e-08  2.927e-03
1.6340  1.871e-08  2.927e-03
1.6360  1.871e-08  2.927e-03
1.6380  1.887e-08  2.903e-03
1.6400  1.887e-08  2.903e-03
1.6420  1.906e-08  2.855e-03
1.6440  1.906e-08  2.855e-03
1.6460  1.929e-08  2.790e-03
1.6480  1.929e-08  2.790e-03
1.6500  1.929e-08  2.790e-03
1.6514  1.956e-08  2.718e-03
1.6520  1.956e-08  2.718e-03
1.6540  1.956e-08  2.718e-03
1.6560  1.965e-08  2.637e-03
1.6580  1.965e-08  2.637e-03
1.6600  1.965e-08  2.559e-03
1.6620  1.965e-08  2.559e-03
1.6640  1.965e-08  2.559e-03
1.6660  1.965e-08  2.479e-03
1.6680  1.965e-08  2.479e-03
1.6700  1.965e-08  2.400e-03
1.6720  1.965e-08  2.400e-03
1.6740  1.965e-08  2.327e-03
1.6760  1.965e-08  2.327e-03
1.6780  1.965e-08  2.327e-03
1.6800  1.965e-08  2.258e-03
1.6820  1.965e-08  2.258e-03
1.6832  1.981e-08  2.204e-03
1.6840  1.981e-08  2.204e-03
1.6860  1.981e-08  2.204e-03
1.6880  2.007e-08  2.164e-03
1.6900  2.007e-08  2.164e-03
1.6920  2.007e-08  2.164e-03
1.6940  2.043e-08  2.145e-03
1.6960  2.043e-08  2.145e-03
1.6980  2.076e-08  2.121e-03
1.7000  2.076e-08  2.121e-03
1.7020  2.105e-08  2.085e-03
1.7040  2.105e-08  2.085e-03
1.7060  2.105e-08  2.085e-03
1.7080  2.129e-08  2.031e-03
1.7100  2.129e-08  2.031e-03
1.7120  2.148e-08  1.977e-03
1.7140  2.148e-08  1.977e-03
1.7156  2.148e-08  1.977e-03
1.7160  2.167e-08  1.923e-03
1.7180  2.167e-08  1.923e-03
1.7200  2.167e-08  1.923e-03
1.7220  2.187e-08  1.864e-03
1.7240  2.187e-08  1.864e-03
1.7260  2.233e-08  1.811e-03
1.7280  2.233e-08  1.811e-03
1.7300  2.233e-08  1.811e-03
1.7320  2.293e-08  1.755e-03
1.7340  2.293e-08  1.755e-03
1.7360  2.368e-08  1.706e-03
1.7380  2.368e-08  1.706e-03
1.7400  2.444e-08  1.642e-03
1.7420  2.444e-08  1.642e-03
1.7440  2.444e-08  1.642e-03
1.7460  2.524e-08  1.574e-03
1.7480  2.524e-08  1.574e-03
1.7487  2.524e-08  1.574e-03
1.7500  2.607e-08  1.510e-03
1.7520  2.607e-08  1.510e-03
1.7540  2.607e-08  1.510e-03
1.7560  2.691e-08  1.457e-03
1.7580  2.691e-08  1.457e-03
1.7600  2.769e-08  1.416e-03
1.7620  2.769e-08  1.416e-03
1.7640  2.769e-08  1.416e-03
1.7660  2.838e-08  1.392e-03
1.7680  2.838e-08  1.392e-03
1.7700  2.934e-08  1.370e-03
1.7720  2.934e-08  1.370e-03
1.7740  2.934e-08  1.370e-03
1.7760  3.024e-08  1.350e-03
1.7780  3.024e-08  1.350e-03
1.7800  3.093e-08  1.315e-03
1.7820  3.093e-08  1.315e-03
1.7823  3.093e-08  1.315e-03
1.7840  3.093e-08  1.315e-03
1.7860  3.156e-08  1.271e-03
1.7880  3.156e-08  1.271e-03
1.7900  3.216e-08  1.227e-03
1.7920  3.216e-08  1.227e-03
1.7940  3.216e-08  1.227e-03
1.7960  3.271e-08  1.185e-03
1.7980  3.271e-08  1.185e-03
1.8000  3.327e-08  1.146e-03
1.8020  3.327e-08  1.146e-03
1.8040  3.327e-08  1.146e-03
1.8060  3.375e-08  1.107e-03
1.8080  3.375e-08  1.107e-03
1.8100  3.449e-08  1.070e-03
1.8120  3.449e-08  1.070e-03
1.8140  3.449e-08  1.070e-03
1.8160  3.538e-08  1.032e-03
1.8167  3.538e-08  1.032e-03
1.8180  3.538e-08  1.032e-03
1.8200  3.631e-08  9.926e-04
1.8220  3.631e-08  9.926e-04
1.8240  3.631e-08  9.926e-04
1.8260  3.709e-08  9.469e-04
1.8280  3.709e-08  9.469e-04
1.8300  3.779e-08  9.053e-04
1.8320  3.779e-08  9.053e-04
1.8340  3.779e-08  9.053e-04
1.8360  3.865e-08  8.733e-04
1.8380  3.865e-08  8.733e-04
1.8400  3.964e-08  8.488e-04
1.8420  3.964e-08  8.488e-04
1.8440  3.964e-08  8.488e-04
1.8460  4.089e-08  8.341e-04
1.8480  4.089e-08  8.341e-04
1.8500  4.217e-08  8.153e-04
1.8516  4.217e-08  8.153e-04
1.8520  4.217e-08  8.153e-04
1.8540  4.217e-08  8.153e-04
1.8560  4.422e-08  7.946e-04
1.8580  4.422e-08  7.946e-04
1.8600  4.422e-08  7.946e-04
1.8620  4.652e-08  7.652e-04
1.8640  4.652e-08  7.652e-04
1.8660  4.858e-08  7.322e-04
1.8680  4.858e-08  7.322e-04
1.8700  4.858e-08  7.322e-04
1.8720  5.042e-08  6.989e-04
1.8740  5.042e-08  6.989e-04
1.8760  5.231e-08  6.687e-04
1.8780  5.231e-08  6.687e-04
1.8800  5.231e-08  6.687e-04
1.8820  5.447e-08  6.441e-04
1.8840  5.447e-08  6.441e-04
1.8860  5.447e-08  6.441e-04
1.8873  5.658e-08  6.204e-04
1.8880  5.658e-08  6.204e-04
1.8900  5.658e-08  6.204e-04
1.8920  5.863e-08  5.989e-04
1.8940  5.863e-08  5.989e-04
1.8960  5.863e-08  5.989e-04
1.8980  6.030e-08  5.758e-04
1.9000  6.030e-08  5.758e-04
1.9020  6.030e-08  5.758e-04
1.9040  6.196e-08  5.550e-04
1.9060  6.196e-08  5.550e-04
1.9080  6.347e-08  5.397e-04
1.9100  6.347e-08  5.397e-04
1.9120  6.347e-08  5.397e-04
1.9140  6.512e-08  5.236e-04
1.9160  6.512e-08  5.236e-04
1.9180  6.512e-08  5.236e-04
1.9200  6.765e-08  5.080e-04
1.9220  6.765e-08  5.080e-04
1.9237  7.028e-08  4.931e-04
1.9240  7.028e-08  4.931e-04
1.9260  7.028e-08  4.931e-04
1.9280  7.028e-08  4.931e-04
1.9300  7.352e-08  4.764e-04
1.9320  7.352e-08  4.764e-04
1.9340  7.352e-08  4.764e-04
1.9360  7.643e-08  4.576e-04
1.9380  7.643e-08  4.576e-04
1.9400  7.920e-08  4.378e-04
1.9420  7.920e-08  4.378e-04
1.9440  7.920e-08  4.378e-04
1.9460  8.167e-08  4.162e-04
1.9480  8.167e-08  4.162e-04
1.9500  8.167e-08  4.162e-04
1.9520  8.422e-08  3.984e-04
1.9540  8.422e-08  3.984e-04
1.9560  8.685e-08  3.844e-04
1.9580  8.685e-08  3.844e-04
1.9600  8.685e-08  3.844e-04
1.9607  8.685e-08  3.844e-04
1.9620  8.972e-08  3.733e-04
1.9640  8.972e-08  3.733e-04
1.9660  8.972e-08  3.733e-04
1.9680  9.248e-08  3.637e-04
1.9700  9.248e-08  3.637e-04
1.9720  9.248e-08  3.637e-04
1.9740  9.518e-08  3.550e-04
1.9760  9.518e-08  3.550e-04
1.9780  9.775e-08  3.463e-04
1.9800  9.775e-08  3.463e-04
1.9820  9.775e-08  3.463e-04
1.9840  1.000e-07  3.387e-04
1.9860  1.000e-07  3.387e-04
1.9880  1.000e-07  3.387e-04
1.9900  1.019e-07  3.289e-04
1.9920  1.019e-07  3.289e-04
1.9940  1.019e-07  3.289e-04
1.9960  1.033e-07  3.165e-04
1.9980  1.033e-07  3.165e-04
1.9985  1.033e-07  3.165e-04
2.0000  1.049e-07  3.054e-04
2.0370  1.192e-07  2.441e-04
2.0762  1.327e-07  2.061e-04
2.1162  1.383e-07  1.663e-04
2.1569  1.414e-07  1.422e-04
2.1985  1.414e-07  1.255e-04
2.2408  1.414e-07  1.048e-04
2.2840  1.489e-07  9.164e-05
2.3279  1.576e-07  7.655e-05
2.3728  1.586e-07  6.671e-05
2.4185  1.639e-07  5.575e-05
2.4651  1.766e-07  4.733e-05
2.5125  1.888e-07  4.031e-05
2.5609  2.061e-07  3.402e-05
2.6103  2.212e-07  2.773e-05
2.6605  2.419e-07  2.337e-05
2.7118  2.948e-07  1.821e-05
2.7640  3.191e-07  1.503e-05
2.8172  3.928e-07  1.156e-05
2.8715  4.626e-07  9.268e-06
2.9268  1.996e-06  2.235e-06
2.9831  1.996e-06  2.092e-06
3.0406  1.996e-06  2.031e-06
3.0992  1.963e-06  1.963e-06
3.1588  1.915e-06  1.915e-06
3.2197  1.894e-06  1.894e-06
3.2817  1.889e-06  1.889e-06
3.3449  1.842e-06  1.842e-06
