# SHiP HNL |Umu|^2 sensitivity (BC7 benchmark)
# Digitized from arXiv:2505.00947v2, fig:pbc_bc7_gray_final, 2026-06-06
# Source file: Figures/5-PhysicsReach/BSM_benchmarks/pbc_bc7_gray_final.pdf
# The SHiP upper branch is sampled with an extrema window and
# short sparse-raster gaps are log-interpolated from neighboring
# visible upper-edge pixels to avoid artificial branch toggles.
# mass_GeV  u2_min  u2_max
0.1000  7.347e-07  9.701e-04
0.1019  7.152e-07  9.701e-04
0.1039  6.880e-07  9.701e-04
0.1059  6.494e-07  9.701e-04
0.1079  6.180e-07  9.701e-04
0.1100  5.850e-07  9.701e-04
0.1121  5.668e-07  9.701e-04
0.1143  5.515e-07  9.701e-04
0.1165  5.372e-07  9.701e-04
0.1187  5.279e-07  9.701e-04
0.1210  5.279e-07  9.701e-04
0.1234  2.533e-07  9.701e-04
0.1257  2.348e-07  9.701e-04
0.1281  2.104e-07  9.701e-04
0.1306  1.903e-07  9.701e-04
0.1331  1.850e-07  9.701e-04
0.1357  1.743e-07  9.701e-04
0.1383  1.580e-07  9.701e-04
0.1410  5.462e-08  9.701e-04
0.1437  5.210e-08  9.701e-04
0.1464  4.879e-08  9.701e-04
0.1493  4.596e-08  9.701e-04
0.1522  4.315e-08  9.701e-04
0.1551  3.927e-08  9.701e-04
0.1581  3.662e-08  9.701e-04
0.1611  3.433e-08  9.701e-04
0.1642  3.253e-08  9.701e-04
0.1674  3.118e-08  9.701e-04
0.1706  3.081e-08  9.701e-04
0.1739  3.081e-08  9.701e-04
0.1772  3.081e-08  9.701e-04
0.1806  1.582e-08  9.701e-04
0.1841  1.557e-08  9.701e-04
0.1877  1.507e-08  9.701e-04
0.1913  1.458e-08  9.701e-04
0.1950  1.402e-08  9.701e-04
0.1987  1.311e-08  9.701e-04
0.2026  1.235e-08  9.701e-04
0.2064  1.160e-08  9.701e-04
0.2104  1.120e-08  9.701e-04
0.2145  1.085e-08  9.701e-04
0.2186  1.054e-08  9.701e-04
0.2228  1.036e-08  9.701e-04
0.2271  1.036e-08  9.701e-04
0.2315  1.036e-08  9.701e-04
0.2359  5.350e-09  9.701e-04
0.2405  5.277e-09  9.701e-04
0.2451  5.093e-09  9.701e-04
0.2498  4.913e-09  9.701e-04
0.2500  4.913e-09  9.701e-04
0.2520  4.840e-09  9.701e-04
0.2540  4.765e-09  9.701e-04
0.2546  4.743e-09  9.701e-04
0.2560  4.715e-09  9.701e-04
0.2580  4.611e-09  9.701e-04
0.2596  4.528e-09  9.701e-04
0.2600  4.484e-09  9.701e-04
0.2620  4.344e-09  9.701e-04
0.2640  4.212e-09  9.701e-04
0.2646  4.212e-09  9.701e-04
0.2660  4.129e-09  9.701e-04
0.2680  4.012e-09  9.701e-04
0.2697  3.940e-09  9.701e-04
0.2700  3.907e-09  9.701e-04
0.2720  3.847e-09  9.701e-04
0.2740  3.783e-09  9.701e-04
0.2748  3.765e-09  9.701e-04
0.2760  3.747e-09  9.701e-04
0.2780  3.696e-09  9.701e-04
0.2800  3.645e-09  9.701e-04
0.2801  3.645e-09  9.701e-04
0.2820  3.612e-09  9.701e-04
0.2840  3.565e-09  9.701e-04
0.2855  3.535e-09  9.701e-04
0.2860  3.535e-09  9.701e-04
0.2880  3.494e-09  9.701e-04
0.2900  3.470e-09  9.701e-04
0.2910  3.453e-09  9.701e-04
0.2920  3.443e-09  9.701e-04
0.2940  3.439e-09  9.701e-04
0.2960  3.439e-09  9.701e-04
0.2966  3.439e-09  9.701e-04
0.2980  3.439e-09  9.716e-04
0.3000  3.439e-09  9.720e-04
0.3020  3.439e-09  9.723e-04
0.3024  3.439e-09  9.723e-04
0.3040  3.439e-09  9.725e-04
0.3060  3.439e-09  9.726e-04
0.3080  3.439e-09  9.726e-04
0.3082  3.439e-09  9.726e-04
0.3100  3.439e-09  9.727e-04
0.3120  3.439e-09  9.727e-04
0.3140  3.439e-09  9.727e-04
0.3141  3.439e-09  9.727e-04
0.3160  3.439e-09  9.727e-04
0.3180  3.439e-09  9.728e-04
0.3200  2.101e-09  9.728e-04
0.3202  2.101e-09  9.728e-04
0.3220  2.101e-09  9.730e-04
0.3240  2.101e-09  9.730e-04
0.3260  2.101e-09  9.730e-04
0.3263  2.101e-09  9.730e-04
0.3280  2.101e-09  9.730e-04
0.3300  2.101e-09  9.730e-04
0.3320  2.101e-09  9.730e-04
0.3326  2.101e-09  9.730e-04
0.3340  2.101e-09  9.730e-04
0.3360  2.091e-09  9.730e-04
0.3380  2.080e-09  9.730e-04
0.3390  2.074e-09  9.730e-04
0.3400  2.069e-09  9.730e-04
0.3420  2.057e-09  9.730e-04
0.3440  2.039e-09  9.730e-04
0.3456  2.034e-09  9.730e-04
0.3460  2.028e-09  9.730e-04
0.3480  2.016e-09  9.730e-04
0.3500  2.001e-09  9.730e-04
0.3520  1.978e-09  9.730e-04
0.3522  1.978e-09  9.730e-04
0.3540  1.955e-09  9.730e-04
0.3560  1.933e-09  9.730e-04
0.3580  1.912e-09  9.730e-04
0.3590  1.901e-09  9.730e-04
0.3600  1.890e-09  9.730e-04
0.3620  1.869e-09  9.730e-04
0.3640  1.848e-09  9.730e-04
0.3659  1.827e-09  9.730e-04
0.3660  1.827e-09  9.730e-04
0.3680  1.806e-09  9.730e-04
0.3700  1.785e-09  9.730e-04
0.3720  1.765e-09  9.730e-04
0.3729  1.756e-09  9.730e-04
0.3740  1.746e-09  9.730e-04
0.3760  1.736e-09  9.730e-04
0.3780  1.719e-09  9.730e-04
0.3800  1.707e-09  9.730e-04
0.3801  1.707e-09  9.730e-04
0.3820  1.698e-09  9.730e-04
0.3840  1.688e-09  9.730e-04
0.3860  1.679e-09  9.730e-04
0.3875  1.675e-09  9.730e-04
0.3880  1.670e-09  9.730e-04
0.3900  1.661e-09  9.730e-04
0.3920  1.657e-09  9.730e-04
0.3940  1.648e-09  9.730e-04
0.3949  1.644e-09  9.730e-04
0.3960  1.640e-09  9.730e-04
0.3980  1.631e-09  9.730e-04
0.4000  1.624e-09  9.730e-04
0.4020  1.620e-09  9.730e-04
0.4025  1.617e-09  9.730e-04
0.4040  1.613e-09  9.730e-04
0.4060  1.608e-09  9.730e-04
0.4080  1.605e-09  9.730e-04
0.4100  1.605e-09  9.730e-04
0.4103  1.605e-09  9.730e-04
0.4120  1.605e-09  9.730e-04
0.4140  1.605e-09  9.730e-04
0.4160  1.605e-09  9.730e-04
0.4180  1.605e-09  9.730e-04
0.4182  1.605e-09  9.730e-04
0.4200  1.605e-09  9.730e-04
0.4220  1.605e-09  9.730e-04
0.4240  1.605e-09  9.730e-04
0.4260  1.605e-09  9.730e-04
0.4262  1.605e-09  9.730e-04
0.4280  1.605e-09  9.730e-04
0.4300  1.605e-09  9.730e-04
0.4320  1.605e-09  9.730e-04
0.4340  1.605e-09  9.730e-04
0.4344  1.605e-09  9.730e-04
0.4360  1.605e-09  9.730e-04
0.4380  1.605e-09  9.730e-04
0.4400  1.605e-09  9.730e-04
0.4420  1.605e-09  9.730e-04
0.4428  1.605e-09  9.730e-04
0.4440  1.605e-09  9.730e-04
0.4460  1.605e-09  9.730e-04
0.4480  1.605e-09  9.730e-04
0.4500  1.086e-09  9.730e-04
0.4513  1.086e-09  9.730e-04
0.4600  1.086e-09  9.730e-04
0.4689  1.086e-09  9.730e-04
0.4779  1.070e-09  9.730e-04
0.4871  1.055e-09  9.730e-04
0.4965  1.028e-09  9.730e-04
0.5061  9.938e-10  9.730e-04
0.5158  9.603e-10  9.730e-04
0.5257  9.279e-10  9.730e-04
0.5359  9.009e-10  9.730e-04
0.5462  8.859e-10  9.730e-04
0.5567  8.735e-10  9.730e-04
0.5674  8.602e-10  9.730e-04
0.5784  8.544e-10  9.730e-04
0.5895  8.544e-10  9.730e-04
0.6008  8.544e-10  9.730e-04
0.6124  8.544e-10  9.730e-04
0.6242  8.544e-10  9.730e-04
0.6362  5.787e-10  9.730e-04
0.6485  5.787e-10  9.730e-04
0.6610  5.787e-10  9.730e-04
0.6737  5.679e-10  9.730e-04
0.6867  5.562e-10  9.730e-04
0.6999  5.383e-10  9.730e-04
0.7134  5.191e-10  9.730e-04
0.7271  4.963e-10  9.730e-04
0.7411  4.742e-10  9.730e-04
0.7554  4.594e-10  9.730e-04
0.7700  4.491e-10  9.730e-04
0.7848  4.390e-10  9.730e-04
0.7999  4.308e-10  9.730e-04
0.8153  4.296e-10  9.730e-04
0.8310  4.296e-10  9.728e-04
0.8470  4.296e-10  9.727e-04
0.8633  4.296e-10  9.726e-04
0.8799  1.461e-10  9.723e-04
0.8969  1.461e-10  9.669e-04
0.9142  1.461e-10  9.669e-04
0.9318  1.461e-10  9.669e-04
0.9497  1.461e-10  9.669e-04
0.9680  1.461e-10  9.669e-04
0.9867  2.054e-10  9.669e-04
1.0056  1.965e-10  9.669e-04
1.0250  1.880e-10  9.669e-04
1.0448  1.833e-10  9.669e-04
1.0649  1.783e-10  9.669e-04
1.0854  1.738e-10  9.669e-04
1.1063  1.722e-10  9.669e-04
1.1276  1.722e-10  9.669e-04
1.1493  1.722e-10  9.669e-04
1.1715  1.722e-10  9.669e-04
1.1940  1.030e-10  9.669e-04
1.2170  1.030e-10  9.669e-04
1.2405  1.030e-10  9.669e-04
1.2643  1.010e-10  9.669e-04
1.2887  9.920e-11  9.669e-04
1.3135  9.671e-11  9.609e-04
1.3388  9.376e-11  9.609e-04
1.3646  9.076e-11  9.613e-04
1.3909  8.820e-11  9.629e-04
1.4177  8.610e-11  9.636e-04
1.4450  8.500e-11  9.636e-04
1.4728  8.413e-11  9.636e-04
1.5011  8.360e-11  9.636e-04
1.5301  8.337e-11  9.636e-04
1.5595  8.337e-11  9.636e-04
1.5896  8.337e-11  9.633e-04
1.6000  8.337e-11  9.633e-04
1.6020  8.337e-11  9.633e-04
1.6040  8.337e-11  9.633e-04
1.6060  8.337e-11  9.633e-04
1.6080  8.337e-11  9.633e-04
1.6100  8.337e-11  9.633e-04
1.6120  8.337e-11  9.633e-04
1.6140  8.337e-11  9.633e-04
1.6160  8.337e-11  9.633e-04
1.6180  8.337e-11  9.633e-04
1.6200  8.337e-11  9.633e-04
1.6202  8.337e-11  9.633e-04
1.6220  8.337e-11  9.633e-04
1.6240  8.337e-11  9.633e-04
1.6260  8.337e-11  9.633e-04
1.6280  8.337e-11  9.633e-04
1.6300  8.337e-11  9.633e-04
1.6320  8.337e-11  9.633e-04
1.6340  8.337e-11  9.633e-04
1.6360  8.337e-11  9.633e-04
1.6380  8.337e-11  9.633e-04
1.6400  8.337e-11  9.633e-04
1.6420  8.337e-11  9.631e-04
1.6440  8.337e-11  9.631e-04
1.6460  8.337e-11  9.629e-04
1.6480  8.337e-11  9.629e-04
1.6500  8.337e-11  9.629e-04
1.6514  8.337e-11  9.627e-04
1.6520  8.337e-11  9.627e-04
1.6540  8.337e-11  9.627e-04
1.6560  8.337e-11  9.625e-04
1.6580  8.337e-11  9.625e-04
1.6600  8.337e-11  9.624e-04
1.6620  8.337e-11  9.624e-04
1.6640  8.337e-11  9.624e-04
1.6660  8.337e-11  9.622e-04
1.6680  8.337e-11  9.622e-04
1.6700  8.337e-11  9.620e-04
1.6720  8.337e-11  9.620e-04
1.6740  8.337e-11  9.618e-04
1.6760  8.337e-11  9.618e-04
1.6780  8.337e-11  9.618e-04
1.6800  8.337e-11  9.616e-04
1.6820  8.337e-11  9.616e-04
1.6832  8.337e-11  9.614e-04
1.6840  8.337e-11  9.614e-04
1.6860  8.337e-11  9.614e-04
1.6880  8.337e-11  9.613e-04
1.6900  8.337e-11  9.613e-04
1.6920  8.337e-11  9.613e-04
1.6940  8.337e-11  9.611e-04
1.6960  8.337e-11  9.611e-04
1.6980  8.337e-11  9.609e-04
1.7000  8.337e-11  9.609e-04
1.7020  8.337e-11  9.609e-04
1.7040  8.337e-11  9.609e-04
1.7060  8.337e-11  9.609e-04
1.7080  8.337e-11  9.609e-04
1.7100  8.337e-11  9.609e-04
1.7120  1.339e-10  9.609e-04
1.7140  1.339e-10  9.609e-04
1.7156  1.339e-10  9.609e-04
1.7160  1.339e-10  9.609e-04
1.7180  1.339e-10  9.609e-04
1.7200  1.339e-10  9.609e-04
1.7220  1.339e-10  9.609e-04
1.7240  1.339e-10  9.609e-04
1.7260  1.339e-10  9.609e-04
1.7280  1.339e-10  9.609e-04
1.7300  1.339e-10  9.609e-04
1.7320  1.339e-10  9.609e-04
1.7340  1.339e-10  9.609e-04
1.7360  1.339e-10  9.609e-04
1.7380  1.339e-10  9.609e-04
1.7400  1.339e-10  9.609e-04
1.7420  1.339e-10  9.609e-04
1.7440  1.339e-10  9.609e-04
1.7460  1.339e-10  9.609e-04
1.7480  1.339e-10  9.609e-04
1.7487  1.339e-10  9.609e-04
1.7500  1.339e-10  9.609e-04
1.7520  1.339e-10  9.609e-04
1.7540  1.339e-10  9.609e-04
1.7560  1.339e-10  9.609e-04
1.7580  1.339e-10  9.609e-04
1.7600  1.339e-10  9.609e-04
1.7620  1.339e-10  9.609e-04
1.7640  1.339e-10  9.609e-04
1.7660  1.339e-10  9.609e-04
1.7680  1.339e-10  9.609e-04
1.7700  1.339e-10  9.609e-04
1.7720  1.339e-10  9.609e-04
1.7740  1.339e-10  9.609e-04
1.7760  1.339e-10  9.609e-04
1.7780  1.339e-10  9.609e-04
1.7800  1.339e-10  9.609e-04
1.7820  1.339e-10  9.609e-04
1.7823  1.339e-10  9.609e-04
1.7840  1.339e-10  9.609e-04
1.7860  1.339e-10  9.609e-04
1.7880  1.339e-10  9.609e-04
1.7900  1.339e-10  9.609e-04
1.7920  1.339e-10  9.609e-04
1.7940  1.339e-10  9.609e-04
1.7960  1.339e-10  9.609e-04
1.7980  1.339e-10  9.609e-04
1.8000  1.339e-10  9.609e-04
1.8020  1.339e-10  9.609e-04
1.8040  1.339e-10  9.609e-04
1.8060  1.354e-10  9.609e-04
1.8080  1.354e-10  9.609e-04
1.8100  1.367e-10  9.609e-04
1.8120  1.367e-10  9.609e-04
1.8140  1.367e-10  9.609e-04
1.8160  1.382e-10  9.609e-04
1.8167  1.382e-10  9.609e-04
1.8180  1.382e-10  9.609e-04
1.8200  1.690e-10  9.609e-04
1.8220  1.690e-10  9.609e-04
1.8240  1.690e-10  9.609e-04
1.8260  1.771e-10  9.609e-04
1.8280  1.771e-10  9.609e-04
1.8300  1.805e-10  9.609e-04
1.8320  1.805e-10  9.609e-04
1.8340  1.805e-10  9.609e-04
1.8360  1.825e-10  9.609e-04
1.8380  1.825e-10  9.609e-04
1.8400  1.838e-10  9.609e-04
1.8420  1.838e-10  9.609e-04
1.8440  1.838e-10  9.609e-04
1.8460  1.850e-10  9.609e-04
1.8480  1.850e-10  9.609e-04
1.8500  1.863e-10  9.609e-04
1.8516  1.863e-10  9.609e-04
1.8520  1.863e-10  9.609e-04
1.8540  1.863e-10  9.609e-04
1.8560  1.875e-10  9.609e-04
1.8580  1.875e-10  9.609e-04
1.8600  1.875e-10  9.609e-04
1.8620  1.888e-10  9.609e-04
1.8640  1.888e-10  9.609e-04
1.8660  1.901e-10  9.609e-04
1.8680  1.901e-10  9.609e-04
1.8700  1.901e-10  9.609e-04
1.8720  1.915e-10  9.609e-04
1.8740  1.915e-10  9.609e-04
1.8760  1.915e-10  9.609e-04
1.8780  1.915e-10  9.609e-04
1.8800  1.915e-10  9.609e-04
1.8820  1.915e-10  9.609e-04
1.8840  1.915e-10  9.609e-04
1.8860  1.915e-10  9.609e-04
1.8873  1.915e-10  5.911e-04
1.8880  1.915e-10  5.911e-04
1.8900  1.915e-10  5.911e-04
1.8920  1.915e-10  5.911e-04
1.8940  1.915e-10  5.911e-04
1.8960  1.915e-10  5.911e-04
1.8980  1.915e-10  5.911e-04
1.9000  1.915e-10  5.911e-04
1.9020  1.915e-10  5.911e-04
1.9040  1.915e-10  5.911e-04
1.9060  1.915e-10  5.911e-04
1.9080  1.915e-10  5.911e-04
1.9100  1.915e-10  5.911e-04
1.9120  1.915e-10  5.911e-04
1.9140  1.915e-10  5.911e-04
1.9160  1.915e-10  5.911e-04
1.9180  1.915e-10  5.911e-04
1.9200  1.915e-10  5.911e-04
1.9220  1.915e-10  5.911e-04
1.9237  1.915e-10  5.911e-04
1.9240  1.915e-10  5.911e-04
1.9260  1.915e-10  5.911e-04
1.9280  1.915e-10  5.911e-04
1.9300  1.915e-10  5.911e-04
1.9320  1.915e-10  5.911e-04
1.9340  1.915e-10  5.911e-04
1.9360  1.915e-10  5.911e-04
1.9380  1.915e-10  5.911e-04
1.9400  1.915e-10  5.911e-04
1.9420  1.915e-10  5.911e-04
1.9440  1.915e-10  5.911e-04
1.9460  1.915e-10  5.911e-04
1.9480  1.915e-10  5.911e-04
1.9500  1.915e-10  5.911e-04
1.9520  1.915e-10  5.911e-04
1.9540  1.915e-10  5.911e-04
1.9560  1.915e-10  5.911e-04
1.9580  1.915e-10  5.911e-04
1.9600  1.915e-10  5.911e-04
1.9607  1.915e-10  5.911e-04
1.9620  1.920e-10  5.911e-04
1.9640  1.920e-10  5.911e-04
1.9660  1.920e-10  5.911e-04
1.9680  1.927e-10  5.911e-04
1.9700  1.927e-10  5.911e-04
1.9720  1.927e-10  5.911e-04
1.9740  1.938e-10  5.911e-04
1.9760  1.938e-10  5.911e-04
1.9780  1.952e-10  5.911e-04
1.9800  1.952e-10  5.911e-04
1.9820  1.952e-10  5.911e-04
1.9840  1.957e-10  5.911e-04
1.9860  1.957e-10  5.911e-04
1.9880  1.957e-10  5.911e-04
1.9900  1.963e-10  5.911e-04
1.9920  1.963e-10  5.911e-04
1.9940  1.963e-10  5.911e-04
1.9960  1.972e-10  5.911e-04
1.9980  1.972e-10  5.911e-04
1.9985  1.972e-10  5.911e-04
2.0000  1.984e-10  5.911e-04
2.0370  2.109e-10  5.911e-04
2.0762  5.835e-09  5.784e-04
2.1162  5.856e-09  5.672e-04
2.1569  5.186e-09  5.338e-04
2.1985  5.186e-09  4.952e-04
2.2408  5.186e-09  4.793e-04
2.2840  5.186e-09  4.433e-04
2.3279  5.186e-09  4.161e-04
2.3728  5.186e-09  4.081e-04
2.4185  5.207e-09  3.967e-04
2.4651  5.239e-09  1.652e-04
2.5125  5.276e-09  1.602e-04
2.5609  5.331e-09  1.523e-04
2.6103  5.447e-09  1.407e-04
2.6605  5.609e-09  1.311e-04
2.7118  5.827e-09  1.187e-04
2.7640  6.086e-09  1.078e-04
2.8172  6.246e-09  1.035e-04
2.8715  6.377e-09  9.568e-05
2.9268  6.538e-09  9.214e-05
2.9831  6.654e-09  9.119e-05
3.0406  1.353e-08  3.944e-05
3.0992  1.353e-08  3.715e-05
3.1588  1.344e-08  3.474e-05
3.2197  1.319e-08  3.276e-05
3.2817  1.283e-08  3.008e-05
3.3449  1.244e-08  2.773e-05
3.4093  1.216e-08  2.592e-05
3.4750  1.196e-08  2.428e-05
3.5419  1.178e-08  2.297e-05
3.6101  1.163e-08  2.225e-05
3.6796  1.161e-08  9.824e-06
3.7505  1.161e-08  9.351e-06
3.8227  1.161e-08  8.734e-06
3.8964  1.161e-08  8.130e-06
3.9714  1.161e-08  7.509e-06
4.0479  1.082e-08  6.895e-06
4.1258  1.070e-08  6.480e-06
4.2053  1.070e-08  6.037e-06
4.2863  1.070e-08  5.659e-06
4.3689  1.070e-08  5.450e-06
4.4530  1.070e-08  2.260e-06
4.5388  1.070e-08  2.102e-06
4.6262  1.089e-08  1.930e-06
4.7153  1.121e-08  1.790e-06
4.8000  1.178e-08  1.682e-06
4.8050  1.178e-08  1.682e-06
4.8061  1.178e-08  1.682e-06
4.8100  1.189e-08  1.668e-06
4.8150  1.189e-08  1.668e-06
4.8200  1.189e-08  1.668e-06
4.8250  1.200e-08  1.653e-06
4.8300  1.200e-08  1.653e-06
4.8350  1.200e-08  1.653e-06
4.8400  1.212e-08  1.636e-06
4.8450  1.212e-08  1.636e-06
4.8500  1.225e-08  1.617e-06
4.8550  1.225e-08  1.617e-06
4.8600  1.225e-08  1.617e-06
4.8650  1.239e-08  1.598e-06
4.8700  1.239e-08  1.598e-06
4.8750  1.239e-08  1.598e-06
4.8800  1.252e-08  1.579e-06
4.8850  1.252e-08  1.579e-06
4.8900  1.252e-08  1.579e-06
4.8950  1.266e-08  1.560e-06
4.8986  1.266e-08  1.560e-06
4.9000  1.266e-08  1.560e-06
4.9050  1.279e-08  1.541e-06
4.9100  1.279e-08  1.541e-06
4.9150  1.279e-08  1.541e-06
4.9200  1.292e-08  1.522e-06
4.9250  1.292e-08  1.522e-06
4.9300  1.292e-08  1.522e-06
4.9350  1.304e-08  1.504e-06
4.9400  1.304e-08  1.504e-06
4.9450  1.315e-08  1.485e-06
4.9500  1.315e-08  1.485e-06
4.9550  1.315e-08  1.485e-06
4.9600  1.325e-08  1.467e-06
4.9650  1.325e-08  1.467e-06
4.9700  1.325e-08  1.467e-06
4.9750  1.337e-08  1.449e-06
4.9800  1.337e-08  1.449e-06
4.9850  1.337e-08  1.449e-06
4.9900  1.348e-08  1.432e-06
4.9930  1.348e-08  1.432e-06
4.9950  1.348e-08  1.432e-06
5.0000  1.348e-08  1.432e-06
5.0050  1.358e-08  1.414e-06
5.0100  1.358e-08  1.414e-06
5.0150  1.366e-08  1.397e-06
5.0200  1.366e-08  1.397e-06
5.0250  1.366e-08  1.397e-06
5.0300  1.373e-08  1.381e-06
5.0350  1.373e-08  1.381e-06
5.0400  1.373e-08  1.381e-06
5.0450  1.382e-08  1.364e-06
5.0500  1.382e-08  1.364e-06
5.0550  1.382e-08  1.364e-06
5.0600  1.391e-08  1.348e-06
5.0650  1.391e-08  1.348e-06
5.0700  1.391e-08  1.348e-06
5.0750  1.399e-08  1.333e-06
5.0800  1.399e-08  1.333e-06
5.0850  1.408e-08  1.319e-06
5.0892  1.408e-08  1.319e-06
5.0900  1.408e-08  1.319e-06
5.0950  1.408e-08  1.319e-06
5.1000  1.418e-08  1.308e-06
5.1050  1.418e-08  1.308e-06
5.1100  1.418e-08  1.308e-06
5.1150  1.427e-08  1.298e-06
5.1200  1.427e-08  1.298e-06
5.1250  1.427e-08  1.298e-06
5.1300  1.438e-08  1.288e-06
5.1350  1.438e-08  1.288e-06
5.1400  1.438e-08  1.288e-06
5.1450  1.448e-08  1.278e-06
5.1500  1.448e-08  1.278e-06
5.1550  1.448e-08  1.278e-06
5.1600  1.459e-08  1.269e-06
5.1650  1.459e-08  1.269e-06
5.1700  1.459e-08  1.269e-06
5.1750  1.471e-08  1.261e-06
5.1800  1.471e-08  1.261e-06
5.1850  1.482e-08  1.251e-06
5.1872  1.482e-08  1.251e-06
5.1900  1.482e-08  1.251e-06
5.1950  1.482e-08  1.251e-06
5.2000  1.494e-08  1.241e-06
5.2050  1.494e-08  1.241e-06
5.2100  1.494e-08  1.241e-06
5.2150  1.507e-08  1.231e-06
5.2200  1.507e-08  1.231e-06
5.2250  1.507e-08  1.231e-06
5.2300  1.521e-08  3.536e-07
5.2350  1.521e-08  3.536e-07
5.2400  1.521e-08  3.536e-07
5.2450  1.535e-08  3.536e-07
5.2500  1.535e-08  3.536e-07
5.2550  1.535e-08  3.536e-07
5.2600  1.548e-08  3.536e-07
5.2650  1.548e-08  3.536e-07
5.2700  1.548e-08  3.536e-07
5.2750  1.562e-08  3.536e-07
5.2800  1.562e-08  3.536e-07
5.2850  1.562e-08  3.536e-07
5.2871  1.573e-08  3.536e-07
5.2900  1.573e-08  3.536e-07
5.2950  1.573e-08  3.536e-07
5.3000  1.573e-08  3.536e-07
5.3050  1.584e-08  3.536e-07
5.3100  1.584e-08  3.536e-07
5.3150  1.584e-08  3.536e-07
5.3200  1.594e-08  3.536e-07
5.3250  1.594e-08  3.536e-07
5.3300  1.594e-08  3.536e-07
5.3350  1.607e-08  3.536e-07
5.3400  1.607e-08  3.536e-07
5.3450  1.607e-08  3.536e-07
5.3500  1.619e-08  3.536e-07
5.3550  1.619e-08  3.536e-07
5.3600  1.619e-08  3.536e-07
5.3650  1.631e-08  3.536e-07
5.3700  1.631e-08  3.536e-07
5.3750  1.631e-08  3.536e-07
5.3800  1.646e-08  3.536e-07
5.3850  1.646e-08  3.536e-07
5.3889  1.646e-08  3.536e-07
5.3900  1.646e-08  3.536e-07
5.3950  1.663e-08  3.536e-07
5.4000  1.663e-08  3.536e-07
5.4927  6.773e-08  3.402e-07
5.5985  6.909e-08  3.024e-07
