# FASER2 HNL |Utau|^2 projection
# Flavor scenario: single-flavor dominance in Utau
# Source: arXiv:1811.12522  -- FASER2 closed polygon
# Pulled from HNLimits bundle (FASER_2018/converted_HNLtau_contour_FASER2.txt)
# Format: blank line separates lower edge from upper edge.
# mass_GeV  U2
# lower edge
1.00000e-01  4.83293e-04
1.00000e-01  7.84760e-04
1.00000e-01  2.06914e-03
1.00000e-01  5.45559e-03
1.00000e-01  1.43845e-02
1.00000e-01  3.79269e-02
1.00000e-01  9.99999e-02
1.27428e-01  9.99999e-02
1.62378e-01  9.99999e-02
2.06914e-01  9.99999e-02
2.63665e-01  9.99999e-02
3.35982e-01  9.99999e-02
4.28133e-01  9.99999e-02
5.45560e-01  9.99999e-02
6.95193e-01  9.99999e-02
8.85867e-01  9.99999e-02
9.41205e-01  9.99999e-02
1.00000e+00  9.99999e-02
1.01526e+00  9.99999e-02
1.03076e+00  9.99999e-02
1.04649e+00  9.99999e-02
1.05445e+00  9.99999e-02
1.05845e+00  9.99999e-02
1.06046e+00  9.99999e-02
1.06200e+00  9.99999e-02
1.06209e+00  9.98580e-02
1.06247e+00  9.96691e-02
1.06310e+00  9.92453e-02
1.06360e+00  9.89170e-02
1.06426e+00  9.85781e-02
1.06423e+00  9.84965e-02
1.06436e+00  9.84498e-02
1.06448e+00  9.84265e-02
1.06511e+00  9.79849e-02
1.06562e+00  9.77532e-02
1.06650e+00  9.72225e-02
1.06663e+00  9.70616e-02
1.06675e+00  9.70156e-02
1.06738e+00  9.66947e-02
1.06814e+00  9.61469e-02
1.06928e+00  9.55571e-02
1.07055e+00  9.48809e-02
1.07137e+00  9.44105e-02
1.07181e+00  9.41204e-02
1.07442e+00  9.27712e-02
1.07435e+00  9.27054e-02
1.07448e+00  9.26615e-02
1.07461e+00  9.26615e-02
1.07722e+00  9.13116e-02
1.07779e+00  9.10095e-02
1.07869e+00  9.05797e-02
1.07996e+00  8.99388e-02
1.08111e+00  8.93870e-02
1.08278e+00  8.86285e-02
1.08284e+00  8.85866e-02
1.08445e+00  8.77934e-02
1.08560e+00  8.72547e-02
1.08689e+00  8.67708e-02
1.08798e+00  8.62894e-02
1.08869e+00  8.59429e-02
1.09101e+00  8.49921e-02
1.09140e+00  8.47711e-02
1.09466e+00  8.35263e-02
1.09489e+00  8.33781e-02
1.09502e+00  8.33387e-02
1.09515e+00  8.33190e-02
1.09828e+00  8.21246e-02
1.09866e+00  8.19304e-02
1.09931e+00  8.17464e-02
1.10152e+00  8.08899e-02
1.10247e+00  8.05937e-02
1.10348e+00  8.02226e-02
1.10508e+00  7.96738e-02
1.10622e+00  7.92600e-02
1.10766e+00  7.87923e-02
1.10845e+00  7.84759e-02
1.11009e+00  7.79760e-02
1.11187e+00  7.74059e-02
1.11213e+00  7.72961e-02
1.11404e+00  7.67310e-02
1.11562e+00  7.62602e-02
1.11582e+00  7.61340e-02
1.11609e+00  7.60979e-02
1.11807e+00  7.55237e-02
1.11986e+00  7.49894e-02
1.12032e+00  7.48652e-02
1.12204e+00  7.43179e-02
1.12324e+00  7.38619e-02
1.12457e+00  7.33089e-02
1.12539e+00  7.29627e-02
1.12590e+00  7.27515e-02
1.12810e+00  7.18445e-02
1.12857e+00  7.16577e-02
1.12864e+00  7.16068e-02
1.12884e+00  7.15391e-02
1.13191e+00  7.02803e-02
1.13393e+00  6.95192e-02
1.13529e+00  6.89987e-02
1.13742e+00  6.81668e-02
1.13857e+00  6.77165e-02
1.13931e+00  6.74446e-02
1.14187e+00  6.64620e-02
1.14268e+00  6.62108e-02
1.14471e+00  6.54318e-02
1.14532e+00  6.52617e-02
1.14607e+00  6.50035e-02
1.14743e+00  6.44481e-02
1.14865e+00  6.40527e-02
1.15043e+00  6.34792e-02
1.15192e+00  6.28512e-02
1.15396e+00  6.15848e-02
1.15478e+00  6.11210e-02
1.15649e+00  6.01015e-02
1.15711e+00  5.97469e-02
1.15848e+00  5.89881e-02
1.15875e+00  5.87651e-02
1.15916e+00  5.86331e-02
1.16040e+00  5.79639e-02
1.16122e+00  5.74993e-02
1.16205e+00  5.70924e-02
1.16356e+00  5.63473e-02
1.16370e+00  5.62607e-02
1.16370e+00  5.62341e-02
1.16391e+00  5.61676e-02
1.16618e+00  5.50488e-02
1.16715e+00  5.45559e-02
1.16798e+00  5.42485e-02
1.16867e+00  5.38630e-02
1.16978e+00  5.34060e-02
1.17088e+00  5.29278e-02
1.17137e+00  5.27402e-02
1.17241e+00  5.22927e-02
1.17394e+00  5.16164e-02
1.17470e+00  5.13483e-02
1.17644e+00  5.06482e-02
1.17672e+00  5.05524e-02
1.17686e+00  5.04926e-02
1.17860e+00  4.98159e-02
1.17944e+00  4.94986e-02
1.18048e+00  4.90670e-02
1.18132e+00  4.88121e-02
1.18223e+00  4.84782e-02
1.18272e+00  4.83293e-02
1.18370e+00  4.79873e-02
1.18391e+00  4.79079e-02
1.18482e+00  4.76027e-02
1.18510e+00  4.74901e-02
1.18580e+00  4.72658e-02
1.18696e+00  4.68870e-02
1.18806e+00  4.65346e-02
1.19030e+00  4.58119e-02
1.19115e+00  4.54877e-02
1.19242e+00  4.51659e-02
1.19404e+00  4.46874e-02
1.19599e+00  4.41303e-02
1.19716e+00  4.38076e-02
1.19935e+00  4.32001e-02
1.20028e+00  4.29452e-02
1.20077e+00  4.28133e-02
1.20255e+00  4.23597e-02
1.20348e+00  4.21098e-02
1.20576e+00  4.15356e-02
1.20678e+00  4.13028e-02
1.20847e+00  4.08918e-02
1.21005e+00  4.05065e-02
1.21105e+00  4.02961e-02
1.21349e+00  3.97467e-02
1.21493e+00  3.94467e-02
1.21658e+00  3.90935e-02
1.21766e+00  3.88537e-02
1.22040e+00  3.82695e-02
1.22232e+00  3.79269e-02
1.22692e+00  3.70572e-02
1.22779e+00  3.69002e-02
1.22837e+00  3.67950e-02
1.23136e+00  3.62676e-02
1.23464e+00  3.56970e-02
1.23522e+00  3.55789e-02
1.23625e+00  3.54444e-02
1.24123e+00  3.46317e-02
1.24314e+00  3.43541e-02
1.24565e+00  3.39901e-02
1.24830e+00  3.35982e-02
1.25130e+00  3.31911e-02
1.25512e+00  3.26727e-02
1.25579e+00  3.25955e-02
1.25854e+00  3.22425e-02
1.25943e+00  3.20599e-02
1.26137e+00  3.16227e-02
1.26234e+00  3.13916e-02
1.26466e+00  3.08977e-02
1.26533e+00  3.07445e-02
1.26556e+00  3.06790e-02
1.26661e+00  3.04908e-02
1.26841e+00  3.01178e-02
1.26946e+00  2.99401e-02
1.27036e+00  2.97635e-02
1.27134e+00  2.95879e-02
1.27164e+00  2.95179e-02
1.27277e+00  2.93160e-02
1.27427e+00  2.90707e-02
1.27503e+00  2.89437e-02
1.27518e+00  2.88753e-02
1.27673e+00  2.86608e-02
1.27684e+00  2.86438e-02
1.27805e+00  2.84411e-02
1.27835e+00  2.83739e-02
1.27911e+00  2.82867e-02
1.28062e+00  2.80135e-02
1.28199e+00  2.78417e-02
1.28366e+00  2.75924e-02
1.28396e+00  2.75728e-02
1.28564e+00  2.73194e-02
1.28670e+00  2.71775e-02
1.28884e+00  2.69087e-02
1.28948e+00  2.68229e-02
1.28975e+00  2.67689e-02
1.29143e+00  2.65795e-02
1.29204e+00  2.65041e-02
1.29319e+00  2.63665e-02
1.29327e+00  2.63291e-02
1.29373e+00  2.62979e-02
1.29533e+00  2.60995e-02
1.29648e+00  2.59701e-02
1.29725e+00  2.58597e-02
1.29817e+00  2.57741e-02
1.29863e+00  2.57284e-02
1.29940e+00  2.56403e-02
1.29994e+00  2.55796e-02
1.30110e+00  2.54468e-02
1.30144e+00  2.54137e-02
1.30341e+00  2.52070e-02
1.30325e+00  2.51951e-02
1.30356e+00  2.51831e-02
1.30512e+00  2.49355e-02
1.30557e+00  2.48163e-02
1.30681e+00  2.45708e-02
1.30773e+00  2.43854e-02
1.30851e+00  2.42243e-02
1.30928e+00  2.40757e-02
1.30976e+00  2.39840e-02
1.31041e+00  2.38516e-02
1.31114e+00  2.37137e-02
1.31176e+00  2.35906e-02
1.31270e+00  2.34125e-02
1.31301e+00  2.33572e-02
1.31301e+00  2.33240e-02
1.31347e+00  2.32744e-02
1.31487e+00  2.30060e-02
1.31581e+00  2.28216e-02
1.31690e+00  2.26602e-02
1.31846e+00  2.23936e-02
1.31877e+00  2.23408e-02
1.31916e+00  2.22720e-02
1.32064e+00  2.19839e-02
1.32346e+00  2.15767e-02
1.32456e+00  2.13986e-02
1.32503e+00  2.13278e-02
1.32629e+00  2.11466e-02
1.32758e+00  2.09501e-02
1.32848e+00  2.08191e-02
1.32927e+00  2.06914e-02
1.33053e+00  2.05061e-02
1.33352e+00  2.01214e-02
1.33368e+00  2.00834e-02
1.33384e+00  2.00739e-02
1.33417e+00  2.00347e-02
1.33613e+00  1.97721e-02
1.33684e+00  1.96694e-02
1.33842e+00  1.94840e-02
1.33826e+00  1.94748e-02
1.33842e+00  1.94656e-02
1.33858e+00  1.94656e-02
1.33953e+00  1.93279e-02
1.34017e+00  1.92733e-02
1.34080e+00  1.91820e-02
1.34179e+00  1.90756e-02
1.34310e+00  1.89250e-02
1.34334e+00  1.88936e-02
1.34342e+00  1.88802e-02
1.34366e+00  1.88601e-02
1.34573e+00  1.86096e-02
1.34668e+00  1.84954e-02
1.34796e+00  1.83732e-02
1.34828e+00  1.83298e-02
1.34876e+00  1.82865e-02
1.35020e+00  1.81313e-02
1.35084e+00  1.80542e-02
1.35332e+00  1.78123e-02
1.35356e+00  1.77828e-02
1.35372e+00  1.77744e-02
1.35388e+00  1.77575e-02
1.35612e+00  1.75154e-02
1.35725e+00  1.74245e-02
1.35901e+00  1.72562e-02
1.35905e+00  1.72521e-02
1.35917e+00  1.72439e-02
1.36078e+00  1.70814e-02
1.36175e+00  1.69927e-02
1.36417e+00  1.67888e-02
1.36453e+00  1.67551e-02
1.36449e+00  1.67372e-02
1.36550e+00  1.66720e-02
1.36821e+00  1.64311e-02
1.36935e+00  1.63477e-02
1.37068e+00  1.62378e-02
1.37210e+00  1.61229e-02
1.37357e+00  1.59936e-02
1.37454e+00  1.59256e-02
1.37593e+00  1.58167e-02
1.37682e+00  1.57532e-02
1.37976e+00  1.55384e-02
1.37992e+00  1.55237e-02
1.38057e+00  1.54797e-02
1.38335e+00  1.52831e-02
1.38385e+00  1.52325e-02
1.38499e+00  1.51695e-02
1.38663e+00  1.50533e-02
1.38803e+00  1.49574e-02
1.38992e+00  1.48270e-02
1.39226e+00  1.46890e-02
1.39552e+00  1.44870e-02
1.39653e+00  1.44263e-02
1.39718e+00  1.43845e-02
1.40082e+00  1.41716e-02
1.40086e+00  1.41699e-02
1.40098e+00  1.41615e-02
1.40447e+00  1.39552e-02
1.40522e+00  1.39189e-02
1.40613e+00  1.38696e-02
1.40963e+00  1.36740e-02
1.41247e+00  1.35388e-02
1.41364e+00  1.34175e-02
1.41682e+00  1.31503e-02
1.41691e+00  1.31378e-02
1.41699e+00  1.31347e-02
1.41718e+00  1.31215e-02
1.42022e+00  1.28655e-02
1.42169e+00  1.27427e-02
1.42220e+00  1.27081e-02
1.42359e+00  1.26003e-02
1.42599e+00  1.24182e-02
1.42658e+00  1.23625e-02
1.42700e+00  1.23420e-02
1.42760e+00  1.22983e-02
1.42929e+00  1.21766e-02
1.43047e+00  1.20904e-02
1.43200e+00  1.19935e-02
1.43301e+00  1.19284e-02
1.43412e+00  1.18496e-02
1.43658e+00  1.16964e-02
1.43743e+00  1.16356e-02
1.43785e+00  1.16163e-02
1.43845e+00  1.15834e-02
1.44050e+00  1.14607e-02
1.44169e+00  1.13904e-02
1.44293e+00  1.13191e-02
1.44340e+00  1.12884e-02
1.44391e+00  1.12617e-02
1.44545e+00  1.11661e-02
1.44630e+00  1.11187e-02
1.44939e+00  1.09671e-02
1.44956e+00  1.09567e-02
1.44956e+00  1.09515e-02
1.45009e+00  1.09301e-02
1.45153e+00  1.08509e-02
1.45291e+00  1.07868e-02
1.45360e+00  1.07486e-02
1.45489e+00  1.06903e-02
1.45566e+00  1.06473e-02
1.45627e+00  1.06247e-02
1.45782e+00  1.05495e-02
1.46041e+00  1.04303e-02
1.46214e+00  1.03566e-02
1.46326e+00  1.03076e-02
1.46595e+00  1.01924e-02
1.46647e+00  1.01671e-02
1.46890e+00  1.00713e-02
1.47047e+00  9.99999e-03
1.47151e+00  9.92689e-03
1.47343e+00  9.75222e-03
1.47395e+00  9.70156e-03
1.47535e+00  9.60098e-03
1.47613e+00  9.53086e-03
1.47709e+00  9.45894e-03
1.47744e+00  9.41204e-03
1.47889e+00  9.31563e-03
1.48064e+00  9.18209e-03
1.48134e+00  9.13116e-03
1.48167e+00  9.10580e-03
1.48270e+00  9.03014e-03
1.48305e+00  8.99388e-03
1.48344e+00  8.97580e-03
1.48448e+00  8.90122e-03
1.48498e+00  8.85866e-03
1.48590e+00  8.80119e-03
1.48630e+00  8.77311e-03
1.48700e+00  8.72548e-03
1.48736e+00  8.70279e-03
1.48832e+00  8.63712e-03
1.48868e+00  8.59429e-03
1.49026e+00  8.50928e-03
1.49238e+00  8.37342e-03
1.49291e+00  8.33782e-03
1.49397e+00  8.27588e-03
1.49618e+00  8.13700e-03
1.49698e+00  8.08899e-03
1.49895e+00  7.98201e-03
1.49931e+00  7.96031e-03
1.50124e+00  7.84759e-03
1.50230e+00  7.78469e-03
1.50533e+00  7.63144e-03
1.50569e+00  7.61340e-03
1.50586e+00  7.60260e-03
1.50872e+00  7.45293e-03
1.50997e+00  7.38619e-03
1.51104e+00  7.34783e-03
1.51214e+00  7.29627e-03
1.51364e+00  7.22538e-03
1.51480e+00  7.16577e-03
1.51543e+00  7.14037e-03
1.51677e+00  7.08487e-03
1.51713e+00  7.05804e-03
1.51767e+00  7.04135e-03
1.51875e+00  6.98822e-03
1.51974e+00  6.95192e-03
1.52199e+00  6.85714e-03
1.52235e+00  6.84416e-03
1.52253e+00  6.83769e-03
1.52478e+00  6.74446e-03
1.52587e+00  6.70149e-03
1.52668e+00  6.67142e-03
1.52722e+00  6.64306e-03
1.52831e+00  6.60856e-03
1.52948e+00  6.56335e-03
1.52994e+00  6.54318e-03
1.53129e+00  6.49535e-03
1.53138e+00  6.49074e-03
1.53270e+00  6.44481e-03
1.53311e+00  6.42805e-03
1.53411e+00  6.39315e-03
1.53520e+00  6.34792e-03
1.53683e+00  6.29704e-03
1.53993e+00  6.19503e-03
1.54102e+00  6.15848e-03
1.54193e+00  6.12649e-03
1.54449e+00  6.04582e-03
1.54577e+00  6.00588e-03
1.54668e+00  5.97469e-03
1.54778e+00  5.94366e-03
1.54842e+00  5.92540e-03
1.54980e+00  5.88487e-03
1.55163e+00  5.83079e-03
1.55242e+00  5.80806e-03
1.55274e+00  5.79639e-03
1.55423e+00  5.75776e-03
1.55439e+00  5.74993e-03
1.55458e+00  5.74789e-03
1.55568e+00  5.70924e-03
1.55651e+00  5.69440e-03
1.55752e+00  5.66684e-03
1.55909e+00  5.62341e-03
1.56057e+00  5.58230e-03
1.56103e+00  5.57306e-03
1.56232e+00  5.53886e-03
1.56274e+00  5.52904e-03
1.56343e+00  5.51010e-03
1.56473e+00  5.47370e-03
1.56567e+00  5.45559e-03
1.56844e+00  5.38630e-03
1.56899e+00  5.37357e-03
1.56909e+00  5.36976e-03
1.56936e+00  5.36467e-03
1.57243e+00  5.29278e-03
1.57350e+00  5.26841e-03
1.57532e+00  5.22556e-03
1.57569e+00  5.21321e-03
1.57690e+00  5.19227e-03
1.57795e+00  5.16928e-03
1.57943e+00  5.13483e-03
1.58130e+00  5.09729e-03
1.58247e+00  5.07262e-03
1.58507e+00  5.00967e-03
1.58542e+00  4.98159e-03
1.58561e+00  4.96041e-03
1.58617e+00  4.90670e-03
1.58730e+00  4.83980e-03
1.58734e+00  4.83350e-03
1.58739e+00  4.83293e-03
1.58739e+00  4.83178e-03
1.58899e+00  4.70872e-03
1.58918e+00  4.68870e-03
1.58974e+00  4.65993e-03
1.59073e+00  4.58824e-03
1.59125e+00  4.54878e-03
1.59200e+00  4.49526e-03
1.59238e+00  4.46979e-03
1.59332e+00  4.41355e-03
1.59332e+00  4.41303e-03
1.59417e+00  4.35595e-03
1.59454e+00  4.33333e-03
1.59521e+00  4.28133e-03
1.59596e+00  4.24503e-03
1.59710e+00  4.17716e-03
1.59747e+00  4.15356e-03
1.59766e+00  4.13590e-03
1.59861e+00  4.09112e-03
1.59936e+00  4.04969e-03
1.59955e+00  4.03152e-03
1.59974e+00  4.02961e-03
1.59984e+00  4.02484e-03
1.60107e+00  3.92605e-03
1.60126e+00  3.90935e-03
1.60145e+00  3.88905e-03
1.60211e+00  3.81881e-03
1.60244e+00  3.79269e-03
1.60279e+00  3.76040e-03
1.60439e+00  3.61476e-03
1.60486e+00  3.56970e-03
1.60562e+00  3.51436e-03
1.60676e+00  3.42242e-03
1.60781e+00  3.35982e-03
1.60905e+00  3.27967e-03
1.60981e+00  3.24569e-03
1.61114e+00  3.16228e-03
1.61152e+00  3.16078e-03
1.61324e+00  3.08100e-03
1.61343e+00  3.06790e-03
1.61424e+00  3.04728e-03
1.61544e+00  3.00537e-03
1.61630e+00  2.97635e-03
1.61773e+00  2.93230e-03
1.61783e+00  2.93021e-03
1.61936e+00  2.88753e-03
1.62037e+00  2.86337e-03
1.62282e+00  2.80799e-03
1.62310e+00  2.80136e-03
1.62320e+00  2.79738e-03
1.62378e+00  2.78829e-03
1.62493e+00  2.75924e-03
1.62648e+00  2.73591e-03
1.62724e+00  2.71775e-03
1.62974e+00  2.67816e-03
1.62955e+00  2.67689e-03
1.62974e+00  2.67563e-03
1.63245e+00  2.63665e-03
1.63351e+00  2.61985e-03
1.63612e+00  2.58352e-03
1.63738e+00  2.56585e-03
1.63787e+00  2.55796e-03
1.63971e+00  2.53566e-03
1.64136e+00  2.51355e-03
1.64233e+00  2.50290e-03
1.64398e+00  2.48163e-03
1.64554e+00  2.46348e-03
1.64856e+00  2.42932e-03
1.64983e+00  2.41499e-03
1.65051e+00  2.40757e-03
1.65266e+00  2.38375e-03
1.65423e+00  2.36801e-03
1.65736e+00  2.33572e-03
1.66110e+00  2.29897e-03
1.66326e+00  2.27785e-03
1.66444e+00  2.26602e-03
1.66987e+00  2.21878e-03
1.67224e+00  2.19839e-03
1.67274e+00  2.19319e-03
1.67373e+00  2.18490e-03
1.68027e+00  2.13279e-03
1.68266e+00  2.11369e-03
1.68645e+00  2.08586e-03
1.68845e+00  2.06914e-03
1.69305e+00  2.03899e-03
1.69772e+00  2.00739e-03
1.69927e+00  1.99696e-03
1.70380e+00  1.96834e-03
1.70693e+00  1.94748e-03
1.71219e+00  1.91826e-03
1.71504e+00  1.90198e-03
1.72521e+00  1.84713e-03
1.72664e+00  1.83906e-03
1.72787e+00  1.83298e-03
1.73833e+00  1.78249e-03
1.73884e+00  1.78038e-03
1.73936e+00  1.77828e-03
1.74513e+00  1.75237e-03
1.75134e+00  1.72603e-03
1.75113e+00  1.72521e-03
1.75134e+00  1.72439e-03
1.75154e+00  1.72439e-03
1.75777e+00  1.69927e-03
1.75798e+00  1.69847e-03
1.75819e+00  1.69807e-03
1.76444e+00  1.67372e-03
1.76465e+00  1.67293e-03
1.76486e+00  1.67234e-03
1.77114e+00  1.64856e-03
1.77135e+00  1.64778e-03
1.77156e+00  1.64778e-03
1.77471e+00  1.63535e-03
1.77639e+00  1.63071e-03
1.77828e+00  1.62416e-03
1.77831e+00  1.62387e-03
1.77833e+00  1.62378e-03
1.77849e+00  1.62301e-03
1.78091e+00  1.60886e-03
1.78270e+00  1.59936e-03
1.78355e+00  1.59407e-03
1.78503e+00  1.58654e-03
1.78608e+00  1.57532e-03
1.78735e+00  1.55973e-03
1.78973e+00  1.53538e-03
1.79032e+00  1.52831e-03
1.79180e+00  1.51319e-03
1.79403e+00  1.49009e-03
1.79456e+00  1.48270e-03
1.79615e+00  1.46838e-03
1.79737e+00  1.45644e-03
1.79860e+00  1.44459e-03
1.79908e+00  1.43998e-03
1.79902e+00  1.43845e-03
1.80078e+00  1.42371e-03
1.80137e+00  1.41682e-03
1.80307e+00  1.40281e-03
1.80382e+00  1.39552e-03
1.80425e+00  1.39189e-03
1.80542e+00  1.38172e-03
1.80630e+00  1.37454e-03
1.80676e+00  1.37048e-03
1.80777e+00  1.36094e-03
1.80842e+00  1.35388e-03
1.80884e+00  1.35291e-03
1.80949e+00  1.34557e-03
1.81061e+00  1.33842e-03
1.81099e+00  1.33352e-03
1.81147e+00  1.33116e-03
1.81227e+00  1.32503e-03
1.81356e+00  1.31347e-03
1.81506e+00  1.30171e-03
1.81614e+00  1.29372e-03
1.81893e+00  1.27488e-03
1.81872e+00  1.27427e-03
1.81893e+00  1.27367e-03
1.81915e+00  1.27322e-03
1.82130e+00  1.25512e-03
1.82281e+00  1.24624e-03
1.82324e+00  1.24388e-03
1.82443e+00  1.23625e-03
1.82605e+00  1.22518e-03
1.82692e+00  1.21999e-03
1.82713e+00  1.21766e-03
1.82800e+00  1.21248e-03
1.82886e+00  1.20676e-03
1.82995e+00  1.19935e-03
1.83092e+00  1.19397e-03
1.83298e+00  1.18188e-03
1.83303e+00  1.18132e-03
1.83309e+00  1.18104e-03
1.83493e+00  1.16853e-03
1.83602e+00  1.16356e-03
1.83841e+00  1.14987e-03
1.83909e+00  1.14607e-03
1.83928e+00  1.14444e-03
1.83994e+00  1.14120e-03
1.84211e+00  1.12884e-03
1.84364e+00  1.12085e-03
1.84408e+00  1.11873e-03
1.84539e+00  1.11187e-03
1.84692e+00  1.10400e-03
1.84801e+00  1.09774e-03
1.84868e+00  1.09515e-03
1.85020e+00  1.08740e-03
1.85020e+00  1.08637e-03
1.85173e+00  1.07868e-03
1.85264e+00  1.07569e-03
1.85349e+00  1.07055e-03
1.85392e+00  1.06955e-03
1.85491e+00  1.06473e-03
1.85524e+00  1.06247e-03
1.85678e+00  1.05595e-03
1.85722e+00  1.05395e-03
1.85876e+00  1.04649e-03
1.85942e+00  1.04303e-03
1.86096e+00  1.03712e-03
1.86195e+00  1.03296e-03
1.86228e+00  1.03076e-03
1.86407e+00  1.02389e-03
1.86581e+00  1.01526e-03
1.86675e+00  1.01250e-03
1.86984e+00  1.00000e-03
1.87167e+00  9.92689e-04
1.87511e+00  9.79502e-04
1.87666e+00  9.73377e-04
1.87733e+00  9.70157e-04
1.88066e+00  9.58743e-04
1.88183e+00  9.54780e-04
1.88534e+00  9.41205e-04
1.88691e+00  9.36316e-04
1.88936e+00  9.29031e-04
1.89429e+00  9.13116e-04
1.89789e+00  9.01973e-04
1.90249e+00  8.88176e-04
1.90328e+00  8.85866e-04
1.90373e+00  8.84609e-04
1.90916e+00  8.69275e-04
1.91279e+00  8.59430e-04
1.91820e+00  8.45307e-04
1.92070e+00  8.38135e-04
1.92281e+00  8.33782e-04
1.93279e+00  8.10049e-04
1.93302e+00  8.09282e-04
1.93325e+00  8.08899e-04
1.93519e+00  8.04889e-04
1.93943e+00  7.95607e-04
1.94012e+00  7.94102e-04
1.94426e+00  7.84760e-04
1.94576e+00  7.81978e-04
1.94748e+00  7.78884e-04
1.95626e+00  7.61340e-04
1.95910e+00  7.56401e-04
1.96229e+00  7.50626e-04
1.96904e+00  7.38620e-04
1.97277e+00  7.32006e-04
1.97721e+00  7.24937e-04
1.98236e+00  7.16577e-04
1.98718e+00  7.09321e-04
1.99224e+00  7.01847e-04
1.99437e+00  6.98161e-04
1.99614e+00  6.95192e-04
2.00030e+00  6.85430e-04
2.00027e+00  6.84741e-04
2.00181e+00  6.81991e-04
2.00501e+00  6.74446e-04
2.00739e+00  6.69515e-04
2.01179e+00  6.60074e-04
2.01453e+00  6.54319e-04
2.02265e+00  6.39089e-04
2.02385e+00  6.36296e-04
2.02481e+00  6.34792e-04
2.02768e+00  6.28513e-04
2.02900e+00  6.23622e-04
2.03081e+00  6.15848e-04
2.03275e+00  6.09485e-04
2.03562e+00  5.97469e-04
2.03803e+00  5.90440e-04
2.04045e+00  5.82398e-04
2.04117e+00  5.79639e-04
2.04298e+00  5.74041e-04
2.04625e+00  5.62341e-04
2.04843e+00  5.56778e-04
2.05207e+00  5.45559e-04
2.05352e+00  5.42020e-04
2.05669e+00  5.32546e-04
2.05790e+00  5.29278e-04
2.06095e+00  5.21691e-04
2.06107e+00  5.21074e-04
2.06132e+00  5.20858e-04
2.06376e+00  5.13483e-04
2.06547e+00  5.09850e-04
2.06596e+00  5.08885e-04
2.06730e+00  5.05763e-04
2.06914e+00  5.01234e-04
2.07012e+00  4.99107e-04
2.07036e+00  4.98159e-04
2.07134e+00  4.96041e-04
2.07232e+00  4.93699e-04
2.07306e+00  4.92298e-04
2.07355e+00  4.90670e-04
2.07466e+00  4.88468e-04
2.07699e+00  4.83522e-04
2.07705e+00  4.83293e-04
2.07920e+00  4.78059e-04
2.08043e+00  4.76027e-04
2.08314e+00  4.70426e-04
2.08394e+00  4.68870e-04
2.08413e+00  4.68205e-04
2.08487e+00  4.66877e-04
2.08907e+00  4.58553e-04
2.09105e+00  4.54878e-04
2.09402e+00  4.49101e-04
2.09650e+00  4.44869e-04
2.09824e+00  4.41303e-04
2.09929e+00  4.40103e-04
2.10072e+00  4.37662e-04
2.10445e+00  4.31184e-04
2.10620e+00  4.28133e-04
2.10869e+00  4.24513e-04
2.10982e+00  4.22596e-04
2.11231e+00  4.18812e-04
2.11419e+00  4.15356e-04
2.11532e+00  4.14276e-04
2.11669e+00  4.12271e-04
2.12296e+00  4.02961e-04
2.12649e+00  3.98220e-04
2.13140e+00  3.91955e-04
2.13203e+00  3.90935e-04
2.13241e+00  3.90658e-04
2.13279e+00  3.90011e-04
2.13809e+00  3.83058e-04
2.14139e+00  3.79269e-04
2.14418e+00  3.75873e-04
2.14900e+00  3.70792e-04
2.15056e+00  3.69019e-04
2.15155e+00  3.67950e-04
2.15588e+00  3.63277e-04
2.15665e+00  3.62419e-04
2.15677e+00  3.62161e-04
2.15716e+00  3.61904e-04
2.15997e+00  3.58833e-04
2.16176e+00  3.56970e-04
2.16332e+00  3.55641e-04
2.16534e+00  3.53648e-04
2.16746e+00  3.51603e-04
2.16970e+00  3.49115e-04
2.17304e+00  3.46317e-04
2.17356e+00  3.45825e-04
2.17639e+00  3.42891e-04
2.17877e+00  3.41110e-04
2.18180e+00  3.38376e-04
2.18342e+00  3.36977e-04
2.18439e+00  3.35982e-04
2.19008e+00  3.31401e-04
2.19034e+00  3.31087e-04
2.19060e+00  3.30930e-04
2.19242e+00  3.29523e-04
2.19397e+00  3.28278e-04
2.19683e+00  3.25955e-04
2.19748e+00  3.25415e-04
2.19839e+00  3.24800e-04
2.20308e+00  3.21055e-04
2.20478e+00  3.19917e-04
2.20673e+00  3.18481e-04
2.20994e+00  3.16228e-04
2.21223e+00  3.14585e-04
2.21511e+00  3.12507e-04
2.21668e+00  3.11473e-04
2.21983e+00  3.09417e-04
2.22351e+00  3.06936e-04
2.22377e+00  3.06791e-04
2.22535e+00  3.05776e-04
2.22746e+00  3.04331e-04
2.23102e+00  3.02178e-04
2.23195e+00  3.01464e-04
2.23539e+00  2.99472e-04
2.23843e+00  2.97635e-04
2.24042e+00  2.95704e-04
2.24204e+00  2.94012e-04
2.24546e+00  2.90535e-04
2.24732e+00  2.88753e-04
2.24792e+00  2.88241e-04
2.24892e+00  2.87253e-04
2.25158e+00  2.84412e-04
2.25385e+00  2.82600e-04
2.25665e+00  2.80136e-04
2.25745e+00  2.79473e-04
2.26013e+00  2.77237e-04
2.26119e+00  2.75924e-04
2.26602e+00  2.72355e-04
2.26628e+00  2.71904e-04
2.26655e+00  2.71776e-04
2.26789e+00  2.70876e-04
2.27192e+00  2.67690e-04
2.27300e+00  2.66932e-04
2.27461e+00  2.65701e-04
2.27731e+00  2.63665e-04
2.27960e+00  2.61985e-04
2.28243e+00  2.60070e-04
2.28271e+00  2.59701e-04
2.28325e+00  2.59517e-04
2.28656e+00  2.57284e-04
2.28879e+00  2.55796e-04
2.29191e+00  2.53746e-04
2.29360e+00  2.52697e-04
2.29462e+00  2.51951e-04
2.29652e+00  2.50168e-04
2.29707e+00  2.49695e-04
2.29788e+00  2.48163e-04
2.29870e+00  2.47342e-04
2.30061e+00  2.44779e-04
2.30074e+00  2.44432e-04
2.30285e+00  2.41699e-04
2.30333e+00  2.40757e-04
2.30503e+00  2.38912e-04
2.30688e+00  2.36129e-04
2.30879e+00  2.33572e-04
2.31344e+00  2.28433e-04
2.31591e+00  2.25748e-04
2.31810e+00  2.23300e-04
2.32043e+00  2.20726e-04
2.32084e+00  2.19839e-04
2.32277e+00  2.18077e-04
2.32497e+00  2.15818e-04
2.32689e+00  2.13986e-04
2.32744e+00  2.13279e-04
2.32803e+00  2.12863e-04
2.32979e+00  2.11119e-04
2.33075e+00  2.10072e-04
2.33213e+00  2.08783e-04
2.33323e+00  2.07797e-04
2.33406e+00  2.06914e-04
2.33463e+00  2.06528e-04
2.33572e+00  2.05450e-04
2.33738e+00  2.03803e-04
2.33932e+00  2.01978e-04
2.34070e+00  2.00739e-04
2.34458e+00  1.97744e-04
2.34462e+00  1.97733e-04
2.34465e+00  1.97697e-04
2.34819e+00  1.94748e-04
2.34972e+00  1.93508e-04
2.35181e+00  1.91820e-04
2.35348e+00  1.90598e-04
2.35487e+00  1.89384e-04
2.35572e+00  1.88936e-04
2.35739e+00  1.87686e-04
2.36031e+00  1.85436e-04
2.36241e+00  1.84037e-04
2.36297e+00  1.83298e-04
2.36437e+00  1.82692e-04
2.36591e+00  1.81614e-04
2.36745e+00  1.80542e-04
2.37137e+00  1.77999e-04
2.37151e+00  1.77870e-04
2.37151e+00  1.77828e-04
2.37165e+00  1.77744e-04
2.37531e+00  1.75154e-04
2.37727e+00  1.74245e-04
2.37981e+00  1.72521e-04
2.38037e+00  1.72378e-04
2.38291e+00  1.70653e-04
2.38855e+00  1.67610e-04
2.38884e+00  1.67372e-04
2.38912e+00  1.67293e-04
2.38940e+00  1.67135e-04
2.39521e+00  1.63961e-04
2.39790e+00  1.62378e-04
2.40145e+00  1.60733e-04
2.40757e+00  1.57756e-04
2.40814e+00  1.57532e-04
2.40885e+00  1.57197e-04
2.41445e+00  1.54586e-04
2.41842e+00  1.52831e-04
2.42100e+00  1.51606e-04
2.42587e+00  1.49609e-04
2.42789e+00  1.48762e-04
2.42875e+00  1.48270e-04
2.43421e+00  1.46248e-04
2.43479e+00  1.45971e-04
2.44027e+00  1.43845e-04
2.44204e+00  1.43310e-04
2.44432e+00  1.42422e-04
2.45258e+00  1.39552e-04
2.45664e+00  1.38139e-04
2.46290e+00  1.36094e-04
2.46525e+00  1.35388e-04
2.47079e+00  1.33668e-04
2.47196e+00  1.33289e-04
2.47840e+00  1.31347e-04
2.47989e+00  1.30979e-04
2.48163e+00  1.30483e-04
2.48780e+00  1.28701e-04
2.49252e+00  1.27427e-04
2.49606e+00  1.26526e-04
2.50050e+00  1.25423e-04
2.50435e+00  1.24388e-04
2.50776e+00  1.23625e-04
2.51266e+00  1.22286e-04
2.51720e+00  1.20376e-04
2.51772e+00  1.19935e-04
2.51861e+00  1.19765e-04
2.51951e+00  1.19425e-04
2.52727e+00  1.16356e-04
2.53101e+00  1.14960e-04
2.53536e+00  1.13473e-04
2.53686e+00  1.12884e-04
2.53866e+00  1.12357e-04
2.54423e+00  1.10478e-04
2.54739e+00  1.09515e-04
2.55797e+00  1.06373e-04
2.55812e+00  1.06272e-04
2.55827e+00  1.06247e-04
2.55887e+00  1.06096e-04
2.56539e+00  1.04279e-04
2.56767e+00  1.03712e-04
2.57012e+00  1.03076e-04
2.57284e+00  1.02347e-04
2.57741e+00  1.01244e-04
2.58260e+00  1.00000e-04
2.58444e+00  9.89171e-05
2.58566e+00  9.82637e-05
2.58781e+00  9.70157e-05
2.58995e+00  9.59651e-05
2.59279e+00  9.47351e-05
2.59394e+00  9.41205e-05
2.59471e+00  9.37869e-05
2.59701e+00  9.27164e-05
2.59703e+00  9.27054e-05
2.59916e+00  9.16147e-05
2.59978e+00  9.13117e-05
2.60139e+00  9.06978e-05
2.60317e+00  8.99388e-05
2.60393e+00  8.95353e-05
2.60625e+00  8.85867e-05
2.61072e+00  8.67400e-05
2.61242e+00  8.59430e-05
2.61374e+00  8.55472e-05
2.61676e+00  8.44158e-05
2.61954e+00  8.33782e-05
2.62078e+00  8.28667e-05
2.62389e+00  8.17755e-05
2.62606e+00  8.08900e-05
2.62668e+00  8.08325e-05
2.62921e+00  7.99809e-05
2.62979e+00  7.96738e-05
2.63182e+00  7.90914e-05
2.63197e+00  7.90352e-05
2.63353e+00  7.84760e-05
2.63447e+00  7.82164e-05
2.63665e+00  7.75986e-05
2.63727e+00  7.72961e-05
2.64009e+00  7.65315e-05
2.64102e+00  7.61340e-05
2.64446e+00  7.52383e-05
2.64572e+00  7.48830e-05
2.64932e+00  7.38620e-05
2.65670e+00  7.18956e-05
2.65740e+00  7.17341e-05
2.65733e+00  7.16577e-05
2.65827e+00  7.14883e-05
2.66331e+00  7.02138e-05
2.66615e+00  6.95193e-05
2.66678e+00  6.94206e-05
2.66946e+00  6.87502e-05
2.67073e+00  6.84741e-05
2.67262e+00  6.80379e-05
2.67405e+00  6.77326e-05
2.67500e+00  6.74446e-05
2.67579e+00  6.73330e-05
2.67690e+00  6.70943e-05
2.68229e+00  6.59606e-05
2.68483e+00  6.54319e-05
2.68705e+00  6.50001e-05
2.68864e+00  6.46009e-05
2.68976e+00  6.44481e-05
2.69223e+00  6.39694e-05
2.69246e+00  6.39316e-05
2.69486e+00  6.34792e-05
2.69565e+00  6.33291e-05
2.69725e+00  6.30300e-05
2.69996e+00  6.25248e-05
2.70252e+00  6.20677e-05
2.70268e+00  6.20237e-05
2.70524e+00  6.15848e-05
2.70748e+00  6.11925e-05
2.70957e+00  6.08459e-05
2.71069e+00  6.06589e-05
2.71422e+00  6.00589e-05
2.71583e+00  5.97469e-05
2.71663e+00  5.96480e-05
2.71776e+00  5.94929e-05
2.72387e+00  5.84876e-05
2.72742e+00  5.79639e-05
2.73162e+00  5.73905e-05
2.73842e+00  5.64208e-05
2.73923e+00  5.63007e-05
2.73988e+00  5.62341e-05
2.74199e+00  5.59421e-05
2.74718e+00  5.52577e-05
2.75206e+00  5.45559e-05
2.75500e+00  5.42212e-05
2.75924e+00  5.37484e-05
2.76611e+00  5.29278e-05
2.77176e+00  5.22866e-05
2.78022e+00  5.13726e-05
2.78038e+00  5.13483e-05
2.78104e+00  5.12876e-05
2.78912e+00  5.04568e-05
2.79540e+00  4.98159e-05
2.79806e+00  4.95821e-05
2.80136e+00  4.92648e-05
2.80700e+00  4.87198e-05
2.81132e+00  4.83293e-05
2.81632e+00  4.78965e-05
2.82266e+00  4.70705e-05
2.82349e+00  4.69425e-05
2.82332e+00  4.68870e-05
2.82474e+00  4.67485e-05
2.82834e+00  4.61821e-05
2.83004e+00  4.59653e-05
2.83337e+00  4.54905e-05
2.83339e+00  4.54891e-05
2.83339e+00  4.54878e-05
2.83676e+00  4.50192e-05
2.83806e+00  4.48039e-05
2.84294e+00  4.42035e-05
2.84344e+00  4.41303e-05
2.84361e+00  4.40990e-05
2.84412e+00  4.40520e-05
2.84850e+00  4.34668e-05
2.85086e+00  4.32208e-05
2.85364e+00  4.28894e-05
2.85423e+00  4.28133e-05
2.85491e+00  4.27374e-05
2.85795e+00  4.23497e-05
2.85964e+00  4.21696e-05
2.86574e+00  4.15381e-05
2.86576e+00  4.15369e-05
2.86576e+00  4.15356e-05
2.86582e+00  4.15307e-05
2.87338e+00  4.07276e-05
2.87661e+00  4.04299e-05
2.87802e+00  4.02961e-05
2.88004e+00  4.01046e-05
2.88147e+00  3.99589e-05
2.88360e+00  3.96903e-05
2.88445e+00  3.95215e-05
2.88582e+00  3.91862e-05
2.88633e+00  3.90936e-05
2.88650e+00  3.90381e-05
2.88753e+00  3.88445e-05
2.88855e+00  3.85605e-05
2.88907e+00  3.85058e-05
2.88962e+00  3.83943e-05
2.89099e+00  3.81091e-05
2.89180e+00  3.79269e-05
2.89300e+00  3.76942e-05
2.89317e+00  3.76496e-05
2.89334e+00  3.76229e-05
2.89454e+00  3.73567e-05
2.89540e+00  3.71979e-05
2.89720e+00  3.68604e-05
2.89746e+00  3.67951e-05
2.89746e+00  3.67428e-05
2.89848e+00  3.66039e-05
2.90003e+00  3.63191e-05
2.90020e+00  3.62419e-05
2.90089e+00  3.61220e-05
2.90226e+00  3.58834e-05
2.90329e+00  3.56970e-05
2.90475e+00  3.54654e-05
2.90604e+00  3.51603e-05
2.90948e+00  3.46481e-05
2.90953e+00  3.46337e-05
2.90957e+00  3.46317e-05
2.90957e+00  3.46276e-05
2.91189e+00  3.42242e-05
2.91258e+00  3.41110e-05
2.91439e+00  3.38256e-05
2.91569e+00  3.35982e-05
2.91862e+00  3.31793e-05
2.91949e+00  3.30461e-05
2.92052e+00  3.28900e-05
2.92225e+00  3.25955e-05
2.92433e+00  3.22731e-05
2.92831e+00  3.17653e-05
2.92918e+00  3.16228e-05
2.92987e+00  3.15480e-05
2.93160e+00  3.13266e-05
2.93646e+00  3.06791e-05
2.93890e+00  3.03756e-05
2.94081e+00  3.01392e-05
2.94342e+00  2.97635e-05
2.94639e+00  2.94621e-05
2.95057e+00  2.90054e-05
2.95180e+00  2.88753e-05
2.95215e+00  2.88070e-05
2.95389e+00  2.86438e-05
2.95564e+00  2.84412e-05
2.95827e+00  2.81798e-05
2.95984e+00  2.80136e-05
2.96124e+00  2.78681e-05
2.96335e+00  2.76578e-05
2.96405e+00  2.75924e-05
2.96405e+00  2.75532e-05
2.96510e+00  2.74946e-05
2.96826e+00  2.71776e-05
2.97037e+00  2.69853e-05
2.97037e+00  2.69597e-05
2.97248e+00  2.67690e-05
2.97635e+00  2.64446e-05
2.97670e+00  2.63790e-05
2.97706e+00  2.63665e-05
2.97785e+00  2.63135e-05
2.98023e+00  2.61057e-05
2.98129e+00  2.59701e-05
2.98349e+00  2.58260e-05
2.98570e+00  2.56463e-05
2.98641e+00  2.55797e-05
2.98764e+00  2.54890e-05
2.99012e+00  2.52787e-05
2.99410e+00  2.49783e-05
2.99623e+00  2.48163e-05
2.99703e+00  2.47518e-05
2.99898e+00  2.46115e-05
3.00111e+00  2.44432e-05
3.00404e+00  2.42387e-05
3.00644e+00  2.40757e-05
3.01125e+00  2.37418e-05
3.01285e+00  2.36353e-05
3.01678e+00  2.33572e-05
3.01856e+00  2.32579e-05
3.02178e+00  2.30606e-05
3.02250e+00  2.30061e-05
3.02617e+00  2.27920e-05
3.02823e+00  2.26602e-05
3.03325e+00  2.23724e-05
3.03361e+00  2.23301e-05
3.03542e+00  2.22555e-05
3.03972e+00  2.19839e-05
3.04476e+00  2.17407e-05
3.04990e+00  2.14722e-05
3.05269e+00  2.13279e-05
3.05812e+00  2.10570e-05
3.06319e+00  2.08191e-05
3.06573e+00  2.06914e-05
3.06664e+00  2.06571e-05
3.06791e+00  2.06034e-05
3.07536e+00  2.02696e-05
3.07991e+00  2.00739e-05
3.08429e+00  1.98941e-05
3.08721e+00  1.97721e-05
3.09123e+00  1.96136e-05
3.09306e+00  1.95210e-05
3.09453e+00  1.94748e-05
3.10158e+00  1.92161e-05
3.10259e+00  1.91730e-05
3.10296e+00  1.91650e-05
3.11041e+00  1.88936e-05
3.11215e+00  1.88311e-05
3.11473e+00  1.87422e-05
3.11842e+00  1.86096e-05
3.12175e+00  1.84954e-05
3.12692e+00  1.83298e-05
3.13183e+00  1.81764e-05
3.13582e+00  1.80542e-05
3.13842e+00  1.79775e-05
3.14176e+00  1.78587e-05
3.14474e+00  1.77828e-05
3.15032e+00  1.76236e-05
3.15219e+00  1.75569e-05
3.16228e+00  1.72930e-05
3.16265e+00  1.72603e-05
3.16265e+00  1.72521e-05
3.16265e+00  1.72439e-05
3.16715e+00  1.68406e-05
3.16846e+00  1.67373e-05
3.17062e+00  1.65619e-05
3.17207e+00  1.64398e-05
3.17428e+00  1.62608e-05
3.17446e+00  1.62378e-05
3.17691e+00  1.60467e-05
3.17898e+00  1.58993e-05
3.17954e+00  1.57532e-05
3.18067e+00  1.56417e-05
3.18217e+00  1.53629e-05
3.18255e+00  1.52831e-05
3.18519e+00  1.48480e-05
3.18519e+00  1.48059e-05
3.18632e+00  1.46612e-05
3.18802e+00  1.43845e-05
3.19028e+00  1.40248e-05
3.19123e+00  1.38696e-05
3.19312e+00  1.35388e-05
3.19543e+00  1.32856e-05
3.19803e+00  1.29434e-05
3.19917e+00  1.27427e-05
3.20087e+00  1.25898e-05
3.20542e+00  1.20704e-05
3.20608e+00  1.19935e-05
3.20637e+00  1.19312e-05
3.21055e+00  1.15396e-05
3.21284e+00  1.13207e-05
3.21283e+00  1.12884e-05
3.21363e+00  1.12450e-05
3.21930e+00  1.07410e-05
3.22044e+00  1.06247e-05
3.22292e+00  1.04625e-05
3.22616e+00  1.01960e-05
3.22922e+00  1.00000e-05
3.23362e+00  9.71766e-06
3.23381e+00  9.70157e-06
3.23381e+00  9.68780e-06
3.23496e+00  9.63763e-06
3.23840e+00  9.41205e-06
3.23965e+00  9.35763e-06
3.24224e+00  9.21367e-06
3.24339e+00  9.13117e-06
3.24608e+00  9.00667e-06
3.24656e+00  8.98644e-06
3.24915e+00  8.85867e-06
3.25110e+00  8.76715e-06
3.25343e+00  8.65913e-06
3.25416e+00  8.59430e-06
3.25955e+00  8.39525e-06
3.26052e+00  8.34770e-06
3.26032e+00  8.33782e-06
3.26129e+00  8.32008e-06
3.26737e+00  8.08900e-06
3.27076e+00  7.95608e-06
3.27386e+00  7.84760e-06
3.28006e+00  7.65315e-06
3.28142e+00  7.61341e-06
3.28210e+00  7.59271e-06
3.28433e+00  7.52829e-06
3.28920e+00  7.38620e-06
3.29407e+00  7.25108e-06
3.29758e+00  7.16578e-06
3.30480e+00  6.98988e-06
3.30637e+00  6.95193e-06
3.30715e+00  6.93385e-06
3.30930e+00  6.88723e-06
3.31577e+00  6.74446e-06
3.32031e+00  6.65546e-06
3.32117e+00  6.63756e-06
3.32580e+00  6.54319e-06
3.32855e+00  6.49689e-06
3.33447e+00  6.39165e-06
3.33614e+00  6.36071e-06
3.33683e+00  6.34792e-06
3.33881e+00  6.31495e-06
3.34098e+00  6.20677e-06
3.34158e+00  6.15848e-06
3.34276e+00  6.09756e-06
3.34355e+00  6.04010e-06
3.34474e+00  5.97470e-06
3.34652e+00  5.88905e-06
3.34672e+00  5.88208e-06
3.34712e+00  5.86297e-06
3.34791e+00  5.79639e-06
3.34831e+00  5.78817e-06
3.34969e+00  5.72684e-06
3.34950e+00  5.70925e-06
3.35049e+00  5.68632e-06
3.35128e+00  5.65144e-06
3.35189e+00  5.62341e-06
3.35287e+00  5.57702e-06
3.35366e+00  5.53887e-06
3.35465e+00  5.48927e-06
3.35545e+00  5.45560e-06
3.35604e+00  5.43112e-06
3.35704e+00  5.37357e-06
3.35912e+00  5.29717e-06
3.35902e+00  5.29278e-06
3.35922e+00  5.28903e-06
3.35982e+00  5.27028e-06
3.36061e+00  5.21321e-06
3.36260e+00  5.15188e-06
3.36320e+00  5.13483e-06
3.36385e+00  5.11028e-06
3.36419e+00  5.08404e-06
3.36499e+00  5.05763e-06
3.36624e+00  5.01977e-06
3.36629e+00  5.01888e-06
3.36698e+00  4.98160e-06
3.36878e+00  4.92882e-06
3.36977e+00  4.89047e-06
3.37137e+00  4.83293e-06
3.37257e+00  4.80129e-06
3.37356e+00  4.76591e-06
3.37376e+00  4.75351e-06
3.37596e+00  4.68870e-06
3.37746e+00  4.64507e-06
3.37936e+00  4.58119e-06
3.38066e+00  4.54878e-06
3.38146e+00  4.52783e-06
3.38536e+00  4.41930e-06
3.38556e+00  4.41407e-06
3.38556e+00  4.41303e-06
3.38556e+00  4.41199e-06
3.38977e+00  4.30369e-06
3.39058e+00  4.28133e-06
3.39198e+00  4.24802e-06
3.39258e+00  4.21697e-06
3.39421e+00  4.19717e-06
3.39580e+00  4.15357e-06
3.39821e+00  4.10470e-06
3.39861e+00  4.09306e-06
3.39861e+00  4.09112e-06
3.39904e+00  4.08713e-06
3.40163e+00  4.02961e-06
3.40324e+00  3.99258e-06
3.40384e+00  3.96903e-06
3.40646e+00  3.93070e-06
3.40707e+00  3.90936e-06
3.40808e+00  3.89550e-06
3.41050e+00  3.85332e-06
3.41029e+00  3.85058e-06
3.41110e+00  3.84148e-06
3.41312e+00  3.80168e-06
3.41352e+00  3.79269e-06
3.41453e+00  3.77746e-06
3.41843e+00  3.71121e-06
3.41999e+00  3.67951e-06
3.42344e+00  3.62676e-06
3.42364e+00  3.62247e-06
3.42404e+00  3.61904e-06
3.42648e+00  3.56970e-06
3.42932e+00  3.53774e-06
3.43338e+00  3.47796e-06
3.43419e+00  3.46317e-06
3.43500e+00  3.45498e-06
3.43704e+00  3.42749e-06
3.43785e+00  3.41110e-06
3.43871e+00  3.40445e-06
3.44070e+00  3.37416e-06
3.44212e+00  3.35982e-06
3.44438e+00  3.33126e-06
3.44702e+00  3.29758e-06
3.45008e+00  3.26110e-06
3.45018e+00  3.25955e-06
3.45340e+00  3.22292e-06
3.45667e+00  3.18613e-06
3.45866e+00  3.16228e-06
3.45994e+00  3.15051e-06
3.46317e+00  3.11621e-06
3.46727e+00  3.06791e-06
3.47076e+00  3.04116e-06
3.47343e+00  3.01179e-06
3.47631e+00  2.98906e-06
3.47713e+00  2.97635e-06
3.48084e+00  2.94691e-06
3.48713e+00  2.89540e-06
3.48805e+00  2.88753e-06
3.48826e+00  2.88343e-06
3.48950e+00  2.87525e-06
3.49860e+00  2.80136e-06
3.50398e+00  2.76316e-06
3.50691e+00  2.74613e-06
3.51107e+00  2.71776e-06
3.51603e+00  2.68515e-06
3.52124e+00  2.65230e-06
3.52353e+00  2.63665e-06
3.53146e+00  2.59087e-06
3.53899e+00  2.54709e-06
3.54276e+00  2.52967e-06
3.54654e+00  2.48163e-06
3.54706e+00  2.41928e-06
3.54696e+00  2.40757e-06
3.54738e+00  2.39507e-06
3.54801e+00  2.33572e-06
3.54866e+00  2.28115e-06
3.54864e+00  2.26602e-06
3.54885e+00  2.25052e-06
3.54969e+00  2.19839e-06
3.55033e+00  2.15107e-06
3.55032e+00  2.13279e-06
3.55074e+00  2.11369e-06
3.55137e+00  2.06914e-06
3.55210e+00  2.02865e-06
3.55200e+00  2.00739e-06
3.55287e+00  1.98465e-06
3.55326e+00  1.94748e-06
3.55410e+00  1.91367e-06
3.55457e+00  1.88936e-06
3.55494e+00  1.86360e-06
3.55536e+00  1.83298e-06
3.55631e+00  1.80564e-06
3.55663e+00  1.77828e-06
3.55747e+00  1.74906e-06
3.55810e+00  1.72521e-06
3.55878e+00  1.70421e-06
3.55894e+00  1.69405e-06
3.55963e+00  1.67373e-06
3.55999e+00  1.65560e-06
3.56052e+00  1.64058e-06
3.56042e+00  1.62378e-06
3.56147e+00  1.60886e-06
3.56210e+00  1.57532e-06
3.56300e+00  1.56352e-06
3.56389e+00  1.53829e-06
3.56379e+00  1.52831e-06
3.56421e+00  1.51893e-06
3.56569e+00  1.48938e-06
3.56548e+00  1.48270e-06
3.56590e+00  1.47639e-06
3.56674e+00  1.46525e-06
3.56674e+00  1.46041e-06
3.56717e+00  1.45628e-06
3.56759e+00  1.44186e-06
3.56716e+00  1.43845e-06
3.56806e+00  1.43581e-06
3.56888e+00  1.41812e-06
3.56885e+00  1.41682e-06
3.56970e+00  1.40148e-06
3.56991e+00  1.39585e-06
3.56991e+00  1.39552e-06
3.56991e+00  1.39519e-06
3.57181e+00  1.35708e-06
3.57181e+00  1.35388e-06
3.57234e+00  1.34988e-06
3.57414e+00  1.32002e-06
3.57393e+00  1.31347e-06
3.57649e+00  1.28400e-06
3.57689e+00  1.27428e-06
3.57773e+00  1.26287e-06
3.57858e+00  1.24860e-06
3.57996e+00  1.23625e-06
3.58112e+00  1.22055e-06
3.58165e+00  1.21550e-06
3.58239e+00  1.19935e-06
3.58324e+00  1.19737e-06
3.58452e+00  1.18300e-06
3.58452e+00  1.17965e-06
3.58579e+00  1.16356e-06
3.58759e+00  1.15164e-06
3.58876e+00  1.13904e-06
3.59014e+00  1.12884e-06
3.59099e+00  1.12151e-06
3.59365e+00  1.09905e-06
3.59429e+00  1.09515e-06
3.59450e+00  1.09230e-06
3.59684e+00  1.07614e-06
3.59876e+00  1.06247e-06
3.60286e+00  1.03768e-06
3.60579e+00  1.02056e-06
3.60963e+00  1.00000e-06
3.59684e+00  9.81707e-07
3.59216e+00  9.75223e-07
3.58855e+00  9.70157e-07
3.58324e+00  9.63293e-07
3.58006e+00  9.58970e-07
3.57731e+00  9.55572e-07
3.57350e+00  9.51509e-07
3.56970e+00  9.46119e-07
3.56759e+00  9.43436e-07
3.56548e+00  9.41205e-07
3.55620e+00  9.30132e-07
3.55473e+00  9.28592e-07
3.55368e+00  9.27055e-07
3.54276e+00  9.15281e-07
3.54194e+00  9.13968e-07
3.54114e+00  9.13117e-07
3.53533e+00  9.06978e-07
3.52937e+00  9.00880e-07
3.52864e+00  9.00134e-07
3.52791e+00  8.99389e-07
3.52196e+00  8.93342e-07
3.51603e+00  8.87336e-07
3.51525e+00  8.86654e-07
3.51447e+00  8.85867e-07
3.50813e+00  8.80432e-07
3.50274e+00  8.74823e-07
3.50150e+00  8.73789e-07
3.50025e+00  8.72549e-07
3.49611e+00  8.68839e-07
3.49467e+00  8.67401e-07
3.49301e+00  8.65965e-07
3.48950e+00  8.63100e-07
3.48743e+00  8.61467e-07
3.48537e+00  8.59430e-07
3.47631e+00  8.51735e-07
3.47343e+00  8.49319e-07
3.47014e+00  8.46509e-07
3.46317e+00  8.40818e-07
3.45917e+00  8.37640e-07
3.45416e+00  8.33782e-07
3.45008e+00  8.30618e-07
3.44457e+00  8.26512e-07
3.43744e+00  8.21247e-07
3.43704e+00  8.21053e-07
3.42977e+00  8.15774e-07
3.41959e+00  8.08900e-07
3.41110e+00  8.03176e-07
3.39941e+00  7.95608e-07
3.39078e+00  7.89791e-07
3.38536e+00  7.86620e-07
3.38416e+00  7.85875e-07
3.38256e+00  7.84760e-07
3.36878e+00  7.76446e-07
3.35982e+00  7.71134e-07
3.35306e+00  7.67492e-07
3.34276e+00  7.61341e-07
3.33767e+00  7.58418e-07
3.33447e+00  7.56670e-07
3.32225e+00  7.49894e-07
3.32206e+00  7.49717e-07
3.32186e+00  7.49540e-07
3.32088e+00  7.49007e-07
3.31420e+00  7.45470e-07
3.31249e+00  7.44236e-07
3.30930e+00  7.42476e-07
3.30656e+00  7.41072e-07
3.30304e+00  7.38970e-07
3.30226e+00  7.38620e-07
3.29914e+00  7.36522e-07
3.29680e+00  7.35480e-07
3.29290e+00  7.33047e-07
3.29153e+00  7.32180e-07
3.28472e+00  7.27860e-07
3.28433e+00  7.27860e-07
3.28356e+00  7.27515e-07
3.27696e+00  7.23052e-07
3.27192e+00  7.19637e-07
3.26766e+00  7.16578e-07
3.26303e+00  7.13531e-07
3.25955e+00  7.10329e-07
3.25377e+00  7.05804e-07
3.25050e+00  7.02970e-07
3.24723e+00  7.00147e-07
3.24185e+00  6.95193e-07
3.23888e+00  6.91828e-07
3.23496e+00  6.87665e-07
3.23228e+00  6.84741e-07
3.22845e+00  6.79896e-07
3.22693e+00  6.77968e-07
3.22349e+00  6.74446e-07
3.22273e+00  6.72454e-07
3.21911e+00  6.67301e-07
3.21701e+00  6.64307e-07
3.21663e+00  6.63599e-07
3.21473e+00  6.60856e-07
3.21093e+00  6.54629e-07
3.21074e+00  6.54319e-07
3.21074e+00  6.54164e-07
3.21055e+00  6.53690e-07
3.20789e+00  6.49382e-07
3.20694e+00  6.47387e-07
3.20523e+00  6.44482e-07
3.20447e+00  6.42635e-07
3.20333e+00  6.40528e-07
3.20182e+00  6.37503e-07
3.20030e+00  6.34792e-07
3.19841e+00  6.30301e-07
3.19652e+00  6.26730e-07
3.19614e+00  6.25249e-07
3.19482e+00  6.22443e-07
3.19349e+00  6.19650e-07
3.19236e+00  6.16414e-07
3.19160e+00  6.15848e-07
3.19047e+00  6.12650e-07
3.18896e+00  6.08603e-07
3.18821e+00  6.06589e-07
3.18792e+00  6.05370e-07
3.18670e+00  6.02012e-07
3.18632e+00  6.01158e-07
3.18519e+00  5.98319e-07
3.18500e+00  5.97470e-07
3.18444e+00  5.96057e-07
3.18274e+00  5.91140e-07
3.18185e+00  5.88487e-07
3.18034e+00  5.84081e-07
3.18034e+00  5.84012e-07
3.18029e+00  5.83908e-07
3.17888e+00  5.79640e-07
3.17766e+00  5.77175e-07
3.17662e+00  5.72617e-07
3.17597e+00  5.70925e-07
3.17578e+00  5.69843e-07
3.17428e+00  5.64976e-07
3.17315e+00  5.62341e-07
3.17315e+00  5.61543e-07
3.17146e+00  5.55857e-07
3.17052e+00  5.53887e-07
3.17015e+00  5.51010e-07
3.16940e+00  5.48927e-07
3.16846e+00  5.45560e-07
3.16827e+00  5.44270e-07
3.16761e+00  5.41892e-07
3.16715e+00  5.41443e-07
3.16715e+00  5.40675e-07
3.16602e+00  5.37357e-07
3.16462e+00  5.30847e-07
3.16415e+00  5.29279e-07
3.16228e+00  5.22062e-07
3.14958e+00  5.29279e-07
3.14325e+00  5.32546e-07
3.13842e+00  5.35200e-07
3.13470e+00  5.37357e-07
3.13016e+00  5.39843e-07
3.12655e+00  5.41828e-07
3.12350e+00  5.43433e-07
3.11990e+00  5.45560e-07
3.11692e+00  5.47095e-07
3.11473e+00  5.48408e-07
3.11029e+00  5.50733e-07
3.10516e+00  5.53887e-07
3.10367e+00  5.54395e-07
3.10296e+00  5.54805e-07
3.09746e+00  5.57834e-07
3.09704e+00  5.58065e-07
3.09691e+00  5.58098e-07
3.09123e+00  5.61211e-07
3.09041e+00  5.61743e-07
3.08940e+00  5.62341e-07
3.08538e+00  5.64408e-07
3.08374e+00  5.65411e-07
3.08173e+00  5.66617e-07
3.07955e+00  5.67624e-07
3.07700e+00  5.69036e-07
3.07372e+00  5.70790e-07
3.07354e+00  5.70925e-07
3.07045e+00  5.72820e-07
3.06791e+00  5.74042e-07
3.06573e+00  5.75266e-07
3.06351e+00  5.76322e-07
3.06210e+00  5.77175e-07
3.05739e+00  5.79640e-07
3.05685e+00  5.80051e-07
3.05631e+00  5.80463e-07
3.05360e+00  5.81701e-07
3.05017e+00  5.83770e-07
3.04476e+00  5.86540e-07
3.04116e+00  5.88487e-07
3.03648e+00  5.91000e-07
3.03325e+00  5.92681e-07
3.02429e+00  5.97470e-07
3.02285e+00  5.98319e-07
3.02178e+00  5.98886e-07
3.01687e+00  6.01371e-07
3.00929e+00  6.05729e-07
3.00715e+00  6.06589e-07
2.99898e+00  6.10912e-07
2.99534e+00  6.12867e-07
2.98977e+00  6.15848e-07
2.98764e+00  6.16870e-07
2.98429e+00  6.18624e-07
2.98199e+00  6.19797e-07
2.98164e+00  6.20237e-07
2.97635e+00  6.22812e-07
2.97459e+00  6.23770e-07
2.97178e+00  6.25249e-07
2.96773e+00  6.27473e-07
2.96510e+00  6.28662e-07
2.96300e+00  6.30002e-07
2.96072e+00  6.31047e-07
2.95477e+00  6.34042e-07
2.95389e+00  6.34492e-07
2.95372e+00  6.34642e-07
2.95354e+00  6.34792e-07
2.94273e+00  6.40215e-07
2.93977e+00  6.41894e-07
2.93507e+00  6.44482e-07
2.93160e+00  6.46009e-07
2.92762e+00  6.48000e-07
2.92571e+00  6.49074e-07
2.92052e+00  6.51692e-07
2.91569e+00  6.54319e-07
2.91154e+00  6.56175e-07
2.90948e+00  6.57268e-07
2.90209e+00  6.61013e-07
2.89746e+00  6.63364e-07
2.88753e+00  6.68407e-07
2.87593e+00  6.74446e-07
2.86905e+00  6.77567e-07
2.86574e+00  6.79253e-07
2.85525e+00  6.84417e-07
2.85482e+00  6.84660e-07
2.85474e+00  6.84741e-07
2.84412e+00  6.89906e-07
2.84058e+00  6.91746e-07
2.83339e+00  6.95172e-07
2.83337e+00  6.95183e-07
2.83334e+00  6.95193e-07
2.82633e+00  6.98823e-07
2.82266e+00  7.00437e-07
2.81457e+00  7.05804e-07
2.81323e+00  7.07058e-07
2.80235e+00  7.16578e-07
2.80169e+00  7.16917e-07
2.80136e+00  7.17172e-07
2.79755e+00  7.20489e-07
2.79044e+00  7.27171e-07
2.78022e+00  7.35654e-07
2.77874e+00  7.37048e-07
2.77693e+00  7.38620e-07
2.76742e+00  7.47414e-07
2.75924e+00  7.54524e-07
2.75581e+00  7.57566e-07
2.75125e+00  7.61341e-07
2.74418e+00  7.67765e-07
2.73842e+00  7.72870e-07
2.73292e+00  7.78470e-07
2.72533e+00  7.84760e-07
2.72130e+00  7.88857e-07
2.71776e+00  7.91851e-07
2.70973e+00  7.99383e-07
2.69916e+00  8.08900e-07
2.69821e+00  8.10050e-07
2.69725e+00  8.10817e-07
2.69167e+00  8.15629e-07
2.68674e+00  8.20858e-07
2.67690e+00  8.29452e-07
2.67492e+00  8.31319e-07
2.67246e+00  8.33782e-07
2.65670e+00  8.48515e-07
2.65199e+00  8.53349e-07
2.64525e+00  8.59430e-07
2.63665e+00  8.67555e-07
2.62886e+00  8.75445e-07
2.61768e+00  8.85867e-07
2.61676e+00  8.86680e-07
2.61459e+00  8.88807e-07
2.60555e+00  8.97581e-07
2.59701e+00  9.06012e-07
2.59026e+00  9.13117e-07
2.58260e+00  9.20495e-07
2.57741e+00  9.25246e-07
2.57102e+00  9.31895e-07
2.56145e+00  9.41205e-07
2.55948e+00  9.43436e-07
2.55797e+00  9.44665e-07
2.55086e+00  9.51734e-07
2.54799e+00  9.55119e-07
2.53866e+00  9.64205e-07
2.53624e+00  9.66462e-07
2.53259e+00  9.70157e-07
2.51951e+00  9.83568e-07
2.51325e+00  9.90108e-07
2.50583e+00  1.00000e-06
2.50050e+00  1.00927e-06
2.49429e+00  1.02056e-06
2.48810e+00  1.03076e-06
2.48163e+00  1.04205e-06
2.47573e+00  1.05239e-06
2.47049e+00  1.06247e-06
2.46290e+00  1.07537e-06
2.45737e+00  1.08534e-06
2.45185e+00  1.09515e-06
2.44823e+00  1.10217e-06
2.44432e+00  1.10924e-06
2.43897e+00  1.11900e-06
2.43364e+00  1.12884e-06
2.42975e+00  1.13608e-06
2.42587e+00  1.14336e-06
2.42043e+00  1.15314e-06
2.41499e+00  1.16356e-06
2.40757e+00  1.17741e-06
2.40216e+00  1.18862e-06
2.39613e+00  1.19935e-06
2.38940e+00  1.21248e-06
2.38347e+00  1.22402e-06
2.37756e+00  1.23625e-06
2.37137e+00  1.24771e-06
2.36493e+00  1.26048e-06
2.35787e+00  1.27428e-06
2.35348e+00  1.28336e-06
2.34653e+00  1.29802e-06
2.33849e+00  1.31347e-06
2.33710e+00  1.31659e-06
2.33572e+00  1.31908e-06
2.32772e+00  1.33542e-06
2.31892e+00  1.35388e-06
2.31810e+00  1.35580e-06
2.30920e+00  1.37422e-06
2.30061e+00  1.39222e-06
2.27879e+00  1.43845e-06
2.27186e+00  1.45334e-06
2.26602e+00  1.46590e-06
2.23803e+00  1.52831e-06
2.23486e+00  1.53629e-06
2.23195e+00  1.54394e-06
2.22009e+00  1.57532e-06
2.21760e+00  1.58242e-06
2.21511e+00  1.58861e-06
2.20230e+00  1.62378e-06
2.20021e+00  1.62917e-06
2.19839e+00  1.63419e-06
2.18439e+00  1.67373e-06
2.18310e+00  1.67769e-06
2.18180e+00  1.68005e-06
2.16611e+00  1.72521e-06
2.16573e+00  1.72644e-06
2.16534e+00  1.72766e-06
2.15997e+00  1.74245e-06
2.15703e+00  1.75113e-06
2.14900e+00  1.77450e-06
2.14843e+00  1.77639e-06
2.14773e+00  1.77828e-06
2.13980e+00  1.80179e-06
2.13279e+00  1.82254e-06
2.13121e+00  1.82757e-06
2.12951e+00  1.83298e-06
2.12259e+00  1.85349e-06
2.11669e+00  1.87145e-06
2.11406e+00  1.88000e-06
2.11119e+00  1.88936e-06
2.10545e+00  1.90644e-06
2.10072e+00  1.92093e-06
2.09700e+00  1.93370e-06
2.09253e+00  1.94748e-06
2.08830e+00  1.96032e-06
2.08487e+00  1.97137e-06
2.07982e+00  1.98800e-06
2.07380e+00  2.00739e-06
2.07134e+00  2.01596e-06
2.06914e+00  2.02217e-06
2.06266e+00  2.04334e-06
2.05498e+00  2.06914e-06
2.05425e+00  2.07208e-06
2.05352e+00  2.07404e-06
2.04725e+00  2.09464e-06
2.04576e+00  2.09973e-06
2.04564e+00  2.10022e-06
2.03803e+00  2.12623e-06
2.03731e+00  2.12976e-06
2.03604e+00  2.13279e-06
2.02864e+00  2.15818e-06
2.02696e+00  2.16534e-06
2.02445e+00  2.17304e-06
2.02265e+00  2.17922e-06
2.02014e+00  2.18749e-06
2.01739e+00  2.19839e-06
2.01593e+00  2.20243e-06
2.01501e+00  2.20569e-06
2.01262e+00  2.21511e-06
2.01167e+00  2.21720e-06
2.00786e+00  2.23195e-06
2.00739e+00  2.23301e-06
2.00697e+00  2.23380e-06
2.00335e+00  2.24785e-06
1.99980e+00  2.25946e-06
1.99909e+00  2.26280e-06
1.99838e+00  2.26602e-06
1.99602e+00  2.27354e-06
1.99484e+00  2.27785e-06
1.99224e+00  2.28866e-06
1.99077e+00  2.29381e-06
1.98918e+00  2.30061e-06
1.98683e+00  2.31043e-06
1.98471e+00  2.31919e-06
1.98277e+00  2.32662e-06
1.98049e+00  2.33572e-06
1.97885e+00  2.34347e-06
1.97721e+00  2.34899e-06
1.97475e+00  2.35962e-06
1.97207e+00  2.37137e-06
1.97090e+00  2.37699e-06
1.96974e+00  2.38009e-06
1.96321e+00  2.40757e-06
1.96273e+00  2.40971e-06
1.96229e+00  2.41156e-06
1.95649e+00  2.43623e-06
1.95476e+00  2.44374e-06
1.95464e+00  2.44432e-06
1.94748e+00  2.47576e-06
1.94691e+00  2.47869e-06
1.94610e+00  2.48163e-06
1.94012e+00  2.50759e-06
1.93897e+00  2.51355e-06
1.93783e+00  2.51951e-06
1.93279e+00  2.54468e-06
1.93140e+00  2.55064e-06
1.92993e+00  2.55797e-06
1.91820e+00  2.61799e-06
1.91662e+00  2.62793e-06
1.91446e+00  2.63665e-06
1.90373e+00  2.69342e-06
1.90142e+00  2.70460e-06
1.89900e+00  2.71776e-06
1.88936e+00  2.76840e-06
1.88646e+00  2.78417e-06
1.88310e+00  2.80136e-06
1.87511e+00  2.84546e-06
1.87145e+00  2.86506e-06
1.86758e+00  2.88753e-06
1.86096e+00  2.92260e-06
1.85645e+00  2.94761e-06
1.85124e+00  2.97635e-06
1.84692e+00  3.00111e-06
1.84146e+00  3.03181e-06
1.83515e+00  3.06791e-06
1.83298e+00  3.08101e-06
1.82647e+00  3.11759e-06
1.82098e+00  3.14958e-06
1.81915e+00  3.16078e-06
1.81893e+00  3.16228e-06
1.81163e+00  3.20599e-06
1.80542e+00  3.24262e-06
1.80243e+00  3.25955e-06
1.79668e+00  3.29524e-06
1.79413e+00  3.30931e-06
1.79180e+00  3.32344e-06
1.78915e+00  3.34000e-06
1.78585e+00  3.35982e-06
1.78503e+00  3.36539e-06
1.78186e+00  3.38697e-06
1.77828e+00  3.40707e-06
1.77786e+00  3.41110e-06
1.77447e+00  3.43358e-06
1.77156e+00  3.45498e-06
1.77051e+00  3.46317e-06
1.76758e+00  3.48455e-06
1.76486e+00  3.50440e-06
1.76316e+00  3.51603e-06
1.76058e+00  3.53522e-06
1.75819e+00  3.55452e-06
1.75611e+00  3.56970e-06
1.75383e+00  3.58834e-06
1.75154e+00  3.60344e-06
1.74885e+00  3.62419e-06
1.74689e+00  3.64052e-06
1.74492e+00  3.65434e-06
1.74203e+00  3.67951e-06
1.73995e+00  3.69325e-06
1.73833e+00  3.70660e-06
1.73319e+00  3.74807e-06
1.72746e+00  3.79269e-06
1.72633e+00  3.80258e-06
1.72521e+00  3.81249e-06
1.71950e+00  3.85785e-06
1.71341e+00  3.90936e-06
1.71280e+00  3.91491e-06
1.71219e+00  3.91955e-06
1.70633e+00  3.96903e-06
1.70602e+00  3.97185e-06
1.70572e+00  3.97467e-06
1.69968e+00  4.02961e-06
1.69947e+00  4.03152e-06
1.69927e+00  4.03152e-06
1.69867e+00  4.03534e-06
1.69265e+00  4.08918e-06
1.69245e+00  4.09112e-06
1.68645e+00  4.14473e-06
1.68595e+00  4.14865e-06
1.68545e+00  4.15357e-06
1.68266e+00  4.17921e-06
1.68008e+00  4.20301e-06
1.67948e+00  4.21098e-06
1.67844e+00  4.21697e-06
1.67600e+00  4.23999e-06
1.67373e+00  4.26086e-06
1.67274e+00  4.27121e-06
1.67175e+00  4.28133e-06
1.66937e+00  4.30162e-06
1.66740e+00  4.32104e-06
1.66612e+00  4.33333e-06
1.66464e+00  4.34668e-06
1.66110e+00  4.38180e-06
1.65950e+00  4.39609e-06
1.65776e+00  4.41303e-06
1.64856e+00  4.50378e-06
1.64642e+00  4.52515e-06
1.64387e+00  4.54878e-06
1.64233e+00  4.56496e-06
1.63981e+00  4.58988e-06
1.63612e+00  4.62477e-06
1.63300e+00  4.65305e-06
1.62897e+00  4.68870e-06
1.62378e+00  4.72659e-06
1.61668e+00  4.74902e-06
1.61043e+00  4.70148e-06
1.60774e+00  4.64479e-06
1.60477e+00  4.54878e-06
1.60363e+00  4.50058e-06
1.60259e+00  4.44869e-06
1.60202e+00  4.41303e-06
1.60145e+00  4.39011e-06
1.60013e+00  4.28957e-06
1.59974e+00  4.28133e-06
1.59993e+00  4.27526e-06
1.59936e+00  4.23272e-06
1.59899e+00  4.21697e-06
1.59842e+00  4.16341e-06
1.59823e+00  4.15357e-06
1.59824e+00  4.14191e-06
1.59747e+00  4.09112e-06
1.59719e+00  4.05161e-06
1.59672e+00  4.02961e-06
1.59653e+00  4.00110e-06
1.59634e+00  3.96903e-06
1.59606e+00  3.94188e-06
1.59568e+00  3.90936e-06
1.59539e+00  3.88905e-06
1.59530e+00  3.86977e-06
1.59502e+00  3.85058e-06
1.59502e+00  3.83421e-06
1.59464e+00  3.80528e-06
1.59445e+00  3.79269e-06
1.59450e+00  3.78149e-06
1.59417e+00  3.74364e-06
1.59412e+00  3.73567e-06
1.59388e+00  3.73037e-06
1.59351e+00  3.68125e-06
1.59351e+00  3.67951e-06
1.59351e+00  3.67776e-06
1.59337e+00  3.65174e-06
1.59332e+00  3.64397e-06
1.59313e+00  3.62590e-06
1.59294e+00  3.62419e-06
1.59313e+00  3.62247e-06
1.59266e+00  3.57562e-06
1.59266e+00  3.56970e-06
1.59261e+00  3.56337e-06
1.59228e+00  3.52520e-06
1.59219e+00  3.51603e-06
1.59200e+00  3.50440e-06
1.59190e+00  3.47549e-06
1.59181e+00  3.46317e-06
1.59162e+00  3.44845e-06
1.59148e+00  3.42688e-06
1.59125e+00  3.41110e-06
1.59125e+00  3.39339e-06
1.59110e+00  3.37856e-06
1.59068e+00  3.35982e-06
1.59073e+00  3.33092e-06
1.59035e+00  3.28472e-06
1.58993e+00  3.25955e-06
1.58997e+00  3.23764e-06
1.58956e+00  3.18039e-06
1.58918e+00  3.16228e-06
1.58927e+00  3.14660e-06
1.58861e+00  3.07809e-06
1.58842e+00  3.06791e-06
1.58861e+00  3.05776e-06
1.58786e+00  2.98058e-06
1.58767e+00  2.97635e-06
1.58786e+00  2.97213e-06
1.58748e+00  2.93160e-06
1.58730e+00  2.88757e-06
1.58730e+00  2.88753e-06
1.58730e+00  2.88749e-06
1.58730e+00  2.88616e-06
1.58692e+00  2.84412e-06
1.58664e+00  2.80600e-06
1.58664e+00  2.80136e-06
1.58659e+00  2.79639e-06
1.58617e+00  2.75924e-06
1.58598e+00  2.72678e-06
1.58598e+00  2.71776e-06
1.58589e+00  2.70812e-06
1.58542e+00  2.67690e-06
1.58544e+00  2.64901e-06
1.58523e+00  2.63665e-06
1.58523e+00  2.62296e-06
1.58448e+00  2.57619e-06
1.58223e+00  2.55797e-06
1.58130e+00  2.55041e-06
1.57910e+00  2.53356e-06
1.57718e+00  2.51951e-06
1.57645e+00  2.51229e-06
1.57532e+00  2.50405e-06
1.57364e+00  2.49222e-06
1.57243e+00  2.48163e-06
1.56936e+00  2.45766e-06
1.56844e+00  2.45011e-06
1.56751e+00  2.44432e-06
1.56343e+00  2.41099e-06
1.56315e+00  2.40928e-06
1.56306e+00  2.40757e-06
1.56177e+00  2.39733e-06
1.55808e+00  2.36801e-06
1.55752e+00  2.36353e-06
1.55402e+00  2.33572e-06
1.55292e+00  2.32799e-06
1.55163e+00  2.31536e-06
1.54980e+00  2.30061e-06
1.54806e+00  2.28703e-06
1.54577e+00  2.26763e-06
1.54540e+00  2.26602e-06
1.54513e+00  2.26227e-06
1.54323e+00  2.24666e-06
1.54143e+00  2.23195e-06
1.53993e+00  2.21924e-06
1.53829e+00  2.20778e-06
1.53738e+00  2.19839e-06
1.53411e+00  2.17124e-06
1.53356e+00  2.16842e-06
1.53340e+00  2.16534e-06
1.53194e+00  2.15314e-06
1.52939e+00  2.13279e-06
1.52885e+00  2.12976e-06
1.52831e+00  2.12372e-06
1.52560e+00  2.10072e-06
1.52438e+00  2.09055e-06
1.52253e+00  2.07601e-06
1.52181e+00  2.06914e-06
1.52046e+00  2.05790e-06
1.51974e+00  2.05304e-06
1.51785e+00  2.03803e-06
1.51677e+00  2.02745e-06
1.51516e+00  2.01596e-06
1.51426e+00  2.00739e-06
1.51104e+00  1.98002e-06
1.51077e+00  1.97861e-06
1.51006e+00  1.97207e-06
1.50693e+00  1.94748e-06
1.50641e+00  1.94190e-06
1.50533e+00  1.93370e-06
1.49982e+00  1.88936e-06
1.49769e+00  1.87068e-06
1.49397e+00  1.84081e-06
1.49291e+00  1.83298e-06
1.49154e+00  1.82109e-06
1.48912e+00  1.80158e-06
1.48622e+00  1.77828e-06
1.48270e+00  1.75072e-06
1.48068e+00  1.73463e-06
1.47937e+00  1.72521e-06
1.47648e+00  1.70209e-06
1.47482e+00  1.68885e-06
1.47293e+00  1.67373e-06
1.47238e+00  1.66977e-06
1.47151e+00  1.66346e-06
1.46820e+00  1.63845e-06
1.46629e+00  1.62378e-06
1.46422e+00  1.60691e-06
1.46041e+00  1.57812e-06
1.46015e+00  1.57644e-06
1.45989e+00  1.57532e-06
1.45954e+00  1.57159e-06
1.45661e+00  1.55163e-06
1.45609e+00  1.54650e-06
1.45489e+00  1.53665e-06
1.45368e+00  1.52831e-06
1.45231e+00  1.51749e-06
1.45218e+00  1.51660e-06
1.45042e+00  1.50533e-06
1.44939e+00  1.49609e-06
1.44819e+00  1.48762e-06
1.44750e+00  1.48270e-06
1.44664e+00  1.47639e-06
1.44613e+00  1.47360e-06
1.44530e+00  1.46603e-06
1.44425e+00  1.46041e-06
1.44429e+00  1.45885e-06
1.44391e+00  1.45592e-06
1.44229e+00  1.44493e-06
1.44152e+00  1.43845e-06
1.44032e+00  1.43098e-06
1.43998e+00  1.42760e-06
1.43862e+00  1.41749e-06
1.43853e+00  1.41682e-06
1.43845e+00  1.41615e-06
1.43658e+00  1.40281e-06
1.43539e+00  1.39552e-06
1.43301e+00  1.37682e-06
1.43276e+00  1.37552e-06
1.43242e+00  1.37227e-06
1.42979e+00  1.35388e-06
1.42912e+00  1.34812e-06
1.42760e+00  1.33668e-06
1.42709e+00  1.33352e-06
1.42540e+00  1.32158e-06
1.42456e+00  1.31347e-06
1.42203e+00  1.29434e-06
1.42190e+00  1.29265e-06
1.41959e+00  1.27428e-06
1.41867e+00  1.26766e-06
1.41682e+00  1.25008e-06
1.41515e+00  1.23625e-06
1.41431e+00  1.22750e-06
1.41283e+00  1.21299e-06
1.40771e+00  1.20476e-06
1.40613e+00  1.20334e-06
1.40297e+00  1.19935e-06
1.39734e+00  1.19313e-06
1.39552e+00  1.19087e-06
1.39173e+00  1.18637e-06
1.38942e+00  1.18412e-06
1.38499e+00  1.17853e-06
1.38176e+00  1.17449e-06
1.37568e+00  1.16742e-06
1.37454e+00  1.16632e-06
1.37397e+00  1.16549e-06
1.37263e+00  1.16356e-06
1.36935e+00  1.15971e-06
1.36756e+00  1.15752e-06
1.36627e+00  1.15642e-06
1.36417e+00  1.15342e-06
1.36258e+00  1.15144e-06
1.35950e+00  1.14770e-06
1.35901e+00  1.14702e-06
1.35877e+00  1.14688e-06
1.35805e+00  1.14607e-06
1.35500e+00  1.14228e-06
1.35388e+00  1.14120e-06
1.35147e+00  1.13796e-06
1.35115e+00  1.13796e-06
1.34876e+00  1.13473e-06
1.34752e+00  1.13299e-06
1.34432e+00  1.12884e-06
1.34382e+00  1.12830e-06
1.34366e+00  1.12830e-06
1.34330e+00  1.12764e-06
1.34001e+00  1.12404e-06
1.33858e+00  1.12191e-06
1.33644e+00  1.11900e-06
1.33526e+00  1.11767e-06
1.33352e+00  1.11556e-06
1.33068e+00  1.11187e-06
1.32913e+00  1.10970e-06
1.32707e+00  1.10714e-06
1.32346e+00  1.10237e-06
1.32190e+00  1.10033e-06
1.31791e+00  1.09515e-06
1.31347e+00  1.08946e-06
1.31060e+00  1.08560e-06
1.30762e+00  1.08163e-06
1.30549e+00  1.07869e-06
1.30356e+00  1.07614e-06
1.30063e+00  1.07207e-06
1.29863e+00  1.06903e-06
1.29436e+00  1.06247e-06
1.29388e+00  1.06197e-06
1.29373e+00  1.06145e-06
1.29327e+00  1.06096e-06
1.28884e+00  1.05320e-06
1.28746e+00  1.05096e-06
1.28548e+00  1.04649e-06
1.28465e+00  1.04427e-06
1.28396e+00  1.04303e-06
1.28191e+00  1.03737e-06
1.27987e+00  1.03076e-06
1.27949e+00  1.02954e-06
1.27911e+00  1.02832e-06
1.27731e+00  1.02099e-06
1.27610e+00  1.01526e-06
1.27533e+00  1.01191e-06
1.27427e+00  1.00546e-06
1.27369e+00  1.00184e-06
1.27337e+00  1.00000e-06
1.27262e+00  9.94806e-07
1.27134e+00  9.84966e-07
1.27081e+00  9.80778e-07
1.26983e+00  9.71306e-07
1.26961e+00  9.70157e-07
1.26961e+00  9.69698e-07
1.26946e+00  9.67864e-07
1.26901e+00  9.62837e-07
1.26858e+00  9.58233e-07
1.26833e+00  9.55572e-07
1.26798e+00  9.51115e-07
1.26751e+00  9.47015e-07
1.26713e+00  9.41205e-07
1.26706e+00  9.39869e-07
1.26661e+00  9.35431e-07
1.26653e+00  9.32557e-07
1.26601e+00  9.27055e-07
1.26590e+00  9.23441e-07
1.26533e+00  9.15064e-07
1.26496e+00  9.13117e-07
1.26511e+00  9.11821e-07
1.26473e+00  9.06227e-07
1.26466e+00  9.04084e-07
1.26440e+00  9.00134e-07
1.26436e+00  8.99389e-07
1.26421e+00  8.98112e-07
1.26361e+00  8.88807e-07
1.26361e+00  8.85867e-07
1.26331e+00  8.82101e-07
1.26242e+00  8.65555e-07
1.26197e+00  8.59430e-07
1.26182e+00  8.51735e-07
1.26141e+00  8.42412e-07
1.26077e+00  8.33782e-07
1.26055e+00  8.22998e-07
1.26033e+00  8.20082e-07
1.25995e+00  8.08900e-07
1.25988e+00  8.06988e-07
1.25943e+00  7.97871e-07
1.25936e+00  7.95420e-07
1.25884e+00  7.84760e-07
1.25645e+00  7.81424e-07
1.25512e+00  7.80130e-07
1.25208e+00  7.77181e-07
1.24963e+00  7.74794e-07
1.24771e+00  7.72962e-07
1.24565e+00  7.71134e-07
1.24285e+00  7.68219e-07
1.23639e+00  7.61341e-07
1.23628e+00  7.61251e-07
1.23625e+00  7.61161e-07
1.23610e+00  7.60980e-07
1.23157e+00  7.56222e-07
1.22968e+00  7.54524e-07
1.22779e+00  7.52016e-07
1.22692e+00  7.51138e-07
1.22648e+00  7.50960e-07
1.22583e+00  7.49894e-07
1.22329e+00  7.47414e-07
1.22228e+00  7.46000e-07
1.21925e+00  7.42476e-07
1.21766e+00  7.40633e-07
1.21710e+00  7.39976e-07
1.21594e+00  7.38620e-07
1.21091e+00  7.32700e-07
1.20847e+00  7.29930e-07
1.20647e+00  7.27515e-07
1.20480e+00  7.25366e-07
1.20120e+00  7.21001e-07
1.19935e+00  7.18956e-07
1.19769e+00  7.16578e-07
1.19286e+00  7.10456e-07
1.19030e+00  7.07137e-07
1.18925e+00  7.05804e-07
1.18700e+00  7.02970e-07
1.18153e+00  6.95687e-07
1.18132e+00  6.95522e-07
1.18118e+00  6.95522e-07
1.18104e+00  6.95193e-07
1.17686e+00  6.89621e-07
1.17560e+00  6.87665e-07
1.17324e+00  6.84741e-07
1.17241e+00  6.83365e-07
1.16998e+00  6.80057e-07
1.16591e+00  6.74446e-07
1.16356e+00  6.71102e-07
1.15968e+00  6.65487e-07
1.15903e+00  6.64621e-07
1.15875e+00  6.64307e-07
1.15478e+00  6.58514e-07
1.15355e+00  6.57113e-07
1.15178e+00  6.54319e-07
1.15042e+00  6.52154e-07
1.14831e+00  6.49228e-07
1.14768e+00  6.48115e-07
1.14607e+00  6.46009e-07
1.14566e+00  6.45398e-07
1.14512e+00  6.44482e-07
1.14311e+00  6.41400e-07
1.14187e+00  6.39619e-07
1.14174e+00  6.39316e-07
1.14052e+00  6.37503e-07
1.13863e+00  6.34792e-07
1.13782e+00  6.33892e-07
1.13742e+00  6.32917e-07
1.13534e+00  6.29853e-07
1.13472e+00  6.28792e-07
1.13312e+00  6.26397e-07
1.13272e+00  6.26137e-07
1.13232e+00  6.25249e-07
1.12884e+00  6.19870e-07
1.12764e+00  6.18478e-07
1.12620e+00  6.15848e-07
1.12457e+00  6.13375e-07
1.12274e+00  6.10551e-07
1.12032e+00  6.09901e-07
1.11793e+00  6.10614e-07
1.11358e+00  6.12070e-07
1.11187e+00  6.12650e-07
1.11053e+00  6.12904e-07
1.10387e+00  6.14974e-07
1.10348e+00  6.15120e-07
1.10318e+00  6.15193e-07
1.10080e+00  6.15848e-07
1.09931e+00  6.16359e-07
1.09586e+00  6.17454e-07
1.09515e+00  6.17564e-07
1.09424e+00  6.17893e-07
1.08856e+00  6.19650e-07
1.08689e+00  6.20237e-07
1.08470e+00  6.20825e-07
1.08137e+00  6.22001e-07
1.07869e+00  6.22590e-07
1.07524e+00  6.23770e-07
1.07055e+00  6.25101e-07
1.06694e+00  6.26285e-07
1.06247e+00  6.27547e-07
1.05676e+00  6.29257e-07
1.05445e+00  6.29928e-07
1.05264e+00  6.30450e-07
1.04649e+00  6.32318e-07
1.03863e+00  6.34717e-07
1.03860e+00  6.34717e-07
1.03857e+00  6.34717e-07
1.03835e+00  6.34792e-07
1.03076e+00  6.37050e-07
1.02462e+00  6.38862e-07
1.02105e+00  6.39609e-07
1.01526e+00  6.40793e-07
1.01011e+00  6.41134e-07
1.00576e+00  6.39467e-07
1.00148e+00  6.34792e-07
1.00059e+00  6.33292e-07
1.00000e+00  6.32094e-07
9.99231e-01  6.32842e-07
9.97518e-01  6.34792e-07
9.94041e-01  6.38862e-07
9.92454e-01  6.40528e-07
9.88820e-01  6.44787e-07
9.88498e-01  6.45016e-07
9.84966e-01  6.49228e-07
9.83684e-01  6.50921e-07
9.80546e-01  6.54319e-07
9.77533e-01  6.57891e-07
9.73320e-01  6.62893e-07
9.70157e-01  6.66669e-07
9.63692e-01  6.74446e-07
9.63179e-01  6.75405e-07
9.62837e-01  6.75565e-07
9.62182e-01  6.76285e-07
9.55571e-01  6.84417e-07
9.52974e-01  6.87665e-07
9.49372e-01  6.92237e-07
9.48361e-01  6.93549e-07
9.48024e-01  6.94206e-07
9.46959e-01  6.95193e-07
9.44776e-01  6.98161e-07
9.42933e-01  7.00313e-07
9.41205e-01  7.02450e-07
9.38758e-01  7.05804e-07
9.37980e-01  7.06807e-07
9.36871e-01  7.08147e-07
9.34103e-01  7.11676e-07
9.32970e-01  7.13109e-07
9.30572e-01  7.16239e-07
9.30352e-01  7.16578e-07
9.28042e-01  7.19637e-07
9.27055e-01  7.21001e-07
9.24699e-01  7.23908e-07
9.23086e-01  7.26053e-07
9.20059e-01  7.30103e-07
9.18210e-01  7.32700e-07
9.13765e-01  7.38620e-07
9.13279e-01  7.39145e-07
9.13117e-01  7.39298e-07
9.12739e-01  7.39845e-07
9.08482e-01  7.46000e-07
9.06227e-01  7.48830e-07
9.03549e-01  7.52384e-07
9.00987e-01  7.55954e-07
8.99389e-01  7.58104e-07
8.98697e-01  7.59002e-07
8.97050e-01  7.61341e-07
8.93976e-01  7.66041e-07
8.92602e-01  7.67492e-07
8.89544e-01  7.71865e-07
8.89123e-01  7.72596e-07
8.88702e-01  7.72962e-07
8.85867e-01  7.76997e-07
8.84296e-01  7.79207e-07
8.82518e-01  7.81748e-07
8.80380e-01  7.84760e-07
8.79547e-01  7.86062e-07
8.79182e-01  7.86620e-07
8.78376e-01  7.87645e-07
8.74797e-01  7.92882e-07
8.72548e-01  7.96362e-07
8.72084e-01  7.96739e-07
8.70048e-01  7.99667e-07
8.67426e-01  8.03462e-07
8.65964e-01  8.05652e-07
8.65324e-01  8.06510e-07
8.63713e-01  8.08900e-07
8.59430e-01  8.15436e-07
8.56688e-01  8.19305e-07
8.56181e-01  8.20082e-07
8.55953e-01  8.20373e-07
8.55321e-01  8.21247e-07
8.52945e-01  8.24753e-07
8.51281e-01  8.27295e-07
8.49721e-01  8.29648e-07
8.46885e-01  8.33782e-07
8.46659e-01  8.34375e-07
8.46509e-01  8.34375e-07
8.46209e-01  8.34967e-07
8.42013e-01  8.41316e-07
8.40122e-01  8.44008e-07
8.37441e-01  8.48515e-07
8.36055e-01  8.50123e-07
8.33782e-01  8.53551e-07
8.30041e-01  8.59430e-07
8.28177e-01  8.62283e-07
8.27491e-01  8.63100e-07
8.26023e-01  8.65555e-07
8.23558e-01  8.69147e-07
8.21441e-01  8.72549e-07
8.21247e-01  8.72962e-07
8.19014e-01  8.76274e-07
8.18143e-01  8.77415e-07
8.16305e-01  8.80432e-07
8.15050e-01  8.82310e-07
8.14423e-01  8.83145e-07
8.12642e-01  8.85867e-07
8.11969e-01  8.87126e-07
8.11597e-01  8.87494e-07
8.09954e-01  8.90492e-07
8.08900e-01  8.91652e-07
8.07656e-01  8.93871e-07
8.06844e-01  8.94929e-07
8.05842e-01  8.96413e-07
8.05365e-01  8.97263e-07
8.03889e-01  8.99389e-07
8.02796e-01  9.01067e-07
8.00851e-01  9.04298e-07
7.97588e-01  9.09235e-07
7.96738e-01  9.10473e-07
7.96314e-01  9.11174e-07
7.95043e-01  9.13117e-07
7.93727e-01  9.16148e-07
7.92319e-01  9.20495e-07
7.90727e-01  9.24412e-07
7.84946e-01  9.41205e-07
7.84853e-01  9.41651e-07
7.84760e-01  9.41874e-07
7.84481e-01  9.42543e-07
7.81192e-01  9.52636e-07
7.78838e-01  9.59652e-07
7.77503e-01  9.63521e-07
7.75344e-01  9.70157e-07
7.72962e-01  9.77418e-07
7.70219e-01  9.85884e-07
7.69220e-01  9.89171e-07
7.67129e-01  9.95749e-07
7.66675e-01  9.97636e-07
7.65859e-01  1.00000e-06
7.64229e-01  1.00522e-06
7.63054e-01  1.00904e-06
7.61341e-01  1.01424e-06
7.56490e-01  1.03076e-06
7.55909e-01  1.03247e-06
7.54434e-01  1.03712e-06
7.49894e-01  1.05295e-06
7.48808e-01  1.05632e-06
7.47015e-01  1.06247e-06
7.44236e-01  1.07232e-06
7.41861e-01  1.08124e-06
7.39889e-01  1.08766e-06
7.38620e-01  1.09256e-06
7.37834e-01  1.09515e-06
7.34871e-01  1.10609e-06
7.33047e-01  1.11266e-06
7.28722e-01  1.12884e-06
7.27989e-01  1.13178e-06
7.27515e-01  1.13366e-06
7.25629e-01  1.14062e-06
7.22026e-01  1.15465e-06
7.21161e-01  1.15800e-06
7.19807e-01  1.16356e-06
7.16578e-01  1.17630e-06
7.14460e-01  1.18524e-06
7.11170e-01  1.19815e-06
7.11002e-01  1.19935e-06
7.07728e-01  1.21248e-06
7.05804e-01  1.22055e-06
7.02118e-01  1.23625e-06
7.01100e-01  1.24064e-06
6.97913e-01  1.25452e-06
6.95193e-01  1.26676e-06
6.94532e-01  1.26944e-06
6.93467e-01  1.27428e-06
6.88072e-01  1.29925e-06
6.84741e-01  1.31441e-06
6.81628e-01  1.32942e-06
6.76525e-01  1.35388e-06
6.74446e-01  1.36385e-06
6.71301e-01  1.37943e-06
6.68961e-01  1.39222e-06
6.68249e-01  1.39552e-06
6.64306e-01  1.41532e-06
6.62657e-01  1.42422e-06
6.59879e-01  1.43845e-06
6.59294e-01  1.44186e-06
6.58378e-01  1.44647e-06
6.56452e-01  1.45730e-06
6.54319e-01  1.46855e-06
6.51768e-01  1.48270e-06
6.50285e-01  1.49097e-06
6.49382e-01  1.49609e-06
6.47224e-01  1.50809e-06
6.45708e-01  1.51673e-06
6.44482e-01  1.52379e-06
6.44253e-01  1.52614e-06
6.43719e-01  1.52831e-06
6.39619e-01  1.55237e-06
6.38182e-01  1.56121e-06
6.35845e-01  1.57532e-06
6.34792e-01  1.58120e-06
6.32206e-01  1.59747e-06
6.30002e-01  1.61114e-06
6.28141e-01  1.62378e-06
6.26396e-01  1.63574e-06
6.25248e-01  1.64369e-06
6.20971e-01  1.67373e-06
6.20751e-01  1.67610e-06
6.19687e-01  1.68286e-06
6.15848e-01  1.71138e-06
6.13956e-01  1.72521e-06
6.09540e-01  1.75902e-06
6.06859e-01  1.77828e-06
6.06589e-01  1.78081e-06
6.03939e-01  1.80115e-06
6.02012e-01  1.81657e-06
5.99950e-01  1.83298e-06
5.98443e-01  1.84495e-06
5.97470e-01  1.85305e-06
5.93102e-01  1.88936e-06
5.93031e-01  1.89026e-06
5.92961e-01  1.89071e-06
5.92751e-01  1.89205e-06
5.90370e-01  1.91367e-06
5.89742e-01  1.91820e-06
5.88487e-01  1.92868e-06
5.87617e-01  1.93599e-06
5.86401e-01  1.94748e-06
5.86263e-01  1.94841e-06
5.84946e-01  1.95951e-06
5.84046e-01  1.96741e-06
5.82939e-01  1.97721e-06
5.82321e-01  1.98377e-06
5.79708e-01  2.00644e-06
5.79639e-01  2.00715e-06
5.79605e-01  2.00739e-06
5.77004e-01  2.03177e-06
5.76288e-01  2.03803e-06
5.75266e-01  2.04758e-06
5.74381e-01  2.05644e-06
5.73091e-01  2.06816e-06
5.73023e-01  2.06914e-06
5.71804e-01  2.08191e-06
5.70925e-01  2.08981e-06
5.69710e-01  2.10072e-06
5.69154e-01  2.10645e-06
5.68767e-01  2.11019e-06
5.66952e-01  2.12774e-06
5.66617e-01  2.13178e-06
5.66550e-01  2.13178e-06
5.66483e-01  2.13279e-06
5.64008e-01  2.15818e-06
5.62341e-01  2.17459e-06
5.61402e-01  2.18374e-06
5.60083e-01  2.19839e-06
5.58858e-01  2.21039e-06
5.58098e-01  2.21826e-06
5.56318e-01  2.23724e-06
5.55989e-01  2.24029e-06
5.54444e-01  2.25692e-06
5.53887e-01  2.26280e-06
5.53821e-01  2.26494e-06
5.53592e-01  2.26602e-06
5.51793e-01  2.28649e-06
5.51255e-01  2.29164e-06
5.50424e-01  2.30061e-06
5.49707e-01  2.30879e-06
5.48765e-01  2.31974e-06
5.48310e-01  2.32414e-06
5.47630e-01  2.33241e-06
5.47492e-01  2.33337e-06
5.47306e-01  2.33572e-06
5.46594e-01  2.34347e-06
5.46270e-01  2.34792e-06
5.45753e-01  2.35348e-06
5.45560e-01  2.35515e-06
5.45011e-01  2.36185e-06
5.44527e-01  2.36801e-06
5.44141e-01  2.37137e-06
5.43753e-01  2.37583e-06
5.43497e-01  2.37925e-06
5.42533e-01  2.39054e-06
5.42244e-01  2.39337e-06
5.41443e-01  2.40273e-06
5.41283e-01  2.40472e-06
5.41059e-01  2.40757e-06
5.39396e-01  2.42702e-06
5.38822e-01  2.43393e-06
5.37994e-01  2.44432e-06
5.37357e-01  2.45124e-06
5.36404e-01  2.46407e-06
5.36246e-01  2.46465e-06
5.35326e-01  2.47635e-06
5.34946e-01  2.48163e-06
5.33926e-01  2.49326e-06
5.33303e-01  2.50168e-06
5.31916e-01  2.51951e-06
5.31507e-01  2.52369e-06
5.30313e-01  2.53806e-06
5.29278e-01  2.55192e-06
5.29091e-01  2.55434e-06
5.28746e-01  2.55797e-06
5.26653e-01  2.58473e-06
5.25285e-01  2.60317e-06
5.24260e-01  2.61614e-06
5.22742e-01  2.63665e-06
5.21877e-01  2.64791e-06
5.21321e-01  2.65544e-06
5.19535e-01  2.68070e-06
5.18675e-01  2.69087e-06
5.17387e-01  2.70877e-06
5.17127e-01  2.71229e-06
5.16775e-01  2.71776e-06
5.13483e-01  2.76316e-06
5.12451e-01  2.77890e-06
5.10813e-01  2.80136e-06
5.09609e-01  2.81932e-06
5.07773e-01  2.84614e-06
5.07262e-01  2.85356e-06
5.05763e-01  2.87593e-06
5.05464e-01  2.88070e-06
5.04986e-01  2.88753e-06
5.03196e-01  2.91638e-06
5.01947e-01  2.93403e-06
5.00864e-01  2.95075e-06
4.99222e-01  2.97635e-06
4.98602e-01  2.98694e-06
4.98160e-01  2.99322e-06
4.96071e-01  3.02679e-06
4.94401e-01  3.05486e-06
4.94108e-01  3.06065e-06
4.93582e-01  3.06791e-06
4.90670e-01  3.11621e-06
4.89597e-01  3.13470e-06
4.88006e-01  3.16228e-06
4.83293e-01  3.24339e-06
4.80754e-01  3.28978e-06
4.76901e-01  3.35982e-06
4.76027e-01  3.37736e-06
4.74342e-01  3.40782e-06
4.72435e-01  3.44518e-06
4.72072e-01  3.45253e-06
4.71486e-01  3.46317e-06
4.68870e-01  3.51437e-06
4.67817e-01  3.53774e-06
4.66104e-01  3.56970e-06
4.65332e-01  3.58579e-06
4.63820e-01  3.61647e-06
4.63546e-01  3.62333e-06
4.63464e-01  3.62419e-06
4.61821e-01  3.65823e-06
4.61439e-01  3.66733e-06
4.60838e-01  3.67951e-06
4.60075e-01  3.69522e-06
4.59368e-01  3.71275e-06
4.58336e-01  3.73390e-06
4.57239e-01  3.75651e-06
4.55632e-01  3.79269e-06
4.55174e-01  3.80258e-06
4.54878e-01  3.80888e-06
4.53534e-01  3.83784e-06
4.51445e-01  3.88537e-06
4.51072e-01  3.89642e-06
4.50485e-01  3.90936e-06
4.49739e-01  3.92416e-06
4.48981e-01  3.94234e-06
4.48039e-01  3.96433e-06
4.47814e-01  3.96903e-06
4.46953e-01  3.99070e-06
4.45264e-01  4.02961e-06
4.44658e-01  4.04442e-06
4.43450e-01  4.07373e-06
4.42925e-01  4.08918e-06
4.41303e-01  4.12607e-06
4.40208e-01  4.15357e-06
4.38881e-01  4.18812e-06
4.37973e-01  4.21098e-06
4.35234e-01  4.28133e-06
4.34926e-01  4.29148e-06
4.34668e-01  4.29554e-06
4.33642e-01  4.32200e-06
4.31388e-01  4.38284e-06
4.30955e-01  4.39531e-06
4.30267e-01  4.41303e-06
4.28133e-01  4.47138e-06
4.27071e-01  4.50378e-06
4.25406e-01  4.54878e-06
4.24903e-01  4.56158e-06
4.23171e-01  4.61275e-06
4.21697e-01  4.65553e-06
4.20600e-01  4.68870e-06
4.19357e-01  4.72659e-06
4.18515e-01  4.74902e-06
4.15738e-01  4.83293e-06
4.15529e-01  4.84094e-06
4.15357e-01  4.84553e-06
4.14595e-01  4.86852e-06
4.13640e-01  4.89974e-06
4.12222e-01  4.94342e-06
4.11784e-01  4.96042e-06
4.11029e-01  4.98160e-06
4.09875e-01  5.01888e-06
4.09112e-01  5.04314e-06
4.08024e-01  5.08043e-06
4.06361e-01  5.13483e-06
4.04347e-01  5.20581e-06
4.02961e-01  5.25036e-06
4.00655e-01  5.33176e-06
3.97185e-01  5.45560e-06
3.97044e-01  5.46335e-06
3.96903e-01  5.46852e-06
3.96269e-01  5.49057e-06
3.93908e-01  5.58082e-06
3.93489e-01  5.59951e-06
3.92884e-01  5.62341e-06
3.91723e-01  5.66885e-06
3.90936e-01  5.69777e-06
3.89965e-01  5.73906e-06
3.88514e-01  5.79639e-06
3.88215e-01  5.81013e-06
3.87986e-01  5.81770e-06
3.86887e-01  5.86254e-06
3.86519e-01  5.87791e-06
3.86473e-01  5.88208e-06
3.86428e-01  5.88487e-06
3.85058e-01  5.93945e-06
3.84739e-01  5.95493e-06
3.84239e-01  5.97470e-06
3.83603e-01  6.00163e-06
3.83013e-01  6.02868e-06
3.82254e-01  6.05944e-06
3.82153e-01  6.06446e-06
3.82141e-01  6.06518e-06
3.82107e-01  6.06589e-06
3.81430e-01  6.09756e-06
3.81294e-01  6.10334e-06
3.80708e-01  6.12795e-06
3.80427e-01  6.14029e-06
3.80078e-01  6.15848e-06
3.79583e-01  6.17892e-06
3.79269e-01  6.19210e-06
3.77925e-01  6.25248e-06
3.77880e-01  6.25545e-06
3.77679e-01  6.26285e-06
3.76407e-01  6.32093e-06
3.76185e-01  6.33291e-06
3.75829e-01  6.34792e-06
3.74497e-01  6.41134e-06
3.73567e-01  6.45398e-06
3.72816e-01  6.49074e-06
3.71715e-01  6.54319e-06
3.71143e-01  6.57113e-06
3.70748e-01  6.58982e-06
3.69478e-01  6.65251e-06
3.68738e-01  6.68704e-06
3.67951e-01  6.72852e-06
3.67592e-01  6.74446e-06
3.66170e-01  6.81830e-06
3.65174e-01  6.86679e-06
3.64526e-01  6.90274e-06
3.63536e-01  6.95193e-06
3.62891e-01  6.98822e-06
3.62419e-01  7.01059e-06
3.61262e-01  7.07477e-06
3.60046e-01  7.13700e-06
3.59684e-01  7.15730e-06
3.59641e-01  7.16238e-06
3.59599e-01  7.16578e-06
3.56970e-01  7.30622e-06
3.56421e-01  7.34088e-06
3.55578e-01  7.38620e-06
3.54276e-01  7.45999e-06
3.53230e-01  7.52383e-06
3.51686e-01  7.61341e-06
3.51603e-01  7.61701e-06
3.50024e-01  7.70758e-06
3.48950e-01  7.77273e-06
3.47713e-01  7.84760e-06
3.46881e-01  7.89885e-06
3.46317e-01  7.93539e-06
3.43861e-01  8.08900e-06
3.43775e-01  8.09570e-06
3.43380e-01  8.11957e-06
3.41110e-01  8.26683e-06
3.40687e-01  8.29648e-06
3.40062e-01  8.33782e-06
3.35982e-01  8.61467e-06
3.34593e-01  8.71310e-06
3.32580e-01  8.85867e-06
3.30931e-01  8.97475e-06
3.28628e-01  9.15281e-06
3.27618e-01  9.22240e-06
3.25955e-01  9.35430e-06
3.25637e-01  9.37536e-06
3.25165e-01  9.41205e-06
3.22712e-01  9.60788e-06
3.21587e-01  9.70157e-06
3.21055e-01  9.74299e-06
3.19803e-01  9.84499e-06
3.18632e-01  9.94218e-06
3.17954e-01  1.00000e-05
3.16940e-01  1.00904e-05
3.16228e-01  1.01478e-05
3.14511e-01  1.03076e-05
3.14120e-01  1.03443e-05
3.13842e-01  1.03712e-05
3.12720e-01  1.04736e-05
3.12304e-01  1.05121e-05
3.11474e-01  1.05920e-05
3.11363e-01  1.06096e-05
3.11142e-01  1.06247e-05
3.09123e-01  1.08227e-05
3.08593e-01  1.08766e-05
3.07882e-01  1.09515e-05
3.06791e-01  1.10554e-05
3.05884e-01  1.11556e-05
3.04548e-01  1.12884e-05
3.04476e-01  1.12964e-05
3.03163e-01  1.14363e-05
3.02178e-01  1.15424e-05
3.01303e-01  1.16356e-05
3.00502e-01  1.17296e-05
2.98129e-01  1.19935e-05
2.97829e-01  1.20248e-05
2.97635e-01  1.20476e-05
2.96475e-01  1.21824e-05
2.95215e-01  1.23332e-05
2.93160e-01  1.25809e-05
2.91845e-01  1.27427e-05
2.90020e-01  1.29679e-05
2.88753e-01  1.31316e-05
2.85694e-01  1.35388e-05
2.84934e-01  1.36385e-05
2.84412e-01  1.37129e-05
2.82633e-01  1.39552e-05
2.82433e-01  1.39883e-05
2.82266e-01  1.40065e-05
2.81365e-01  1.41347e-05
2.81182e-01  1.41649e-05
2.81132e-01  1.41682e-05
2.80136e-01  1.43132e-05
2.79929e-01  1.43420e-05
2.79672e-01  1.43845e-05
2.79077e-01  1.44733e-05
2.78714e-01  1.45282e-05
2.78151e-01  1.46041e-05
2.78022e-01  1.46248e-05
2.77463e-01  1.47081e-05
2.76692e-01  1.48270e-05
2.76243e-01  1.48956e-05
2.75924e-01  1.49468e-05
2.75044e-01  1.50890e-05
2.74881e-01  1.51068e-05
2.74053e-01  1.52361e-05
2.73842e-01  1.52758e-05
2.73777e-01  1.52831e-05
2.72597e-01  1.54687e-05
2.71776e-01  1.56029e-05
2.70861e-01  1.57532e-05
2.70204e-01  1.58654e-05
2.69725e-01  1.59445e-05
2.69438e-01  1.59936e-05
2.69008e-01  1.60657e-05
2.68705e-01  1.61229e-05
2.68007e-01  1.62378e-05
2.67848e-01  1.62762e-05
2.67690e-01  1.62917e-05
2.67231e-01  1.63728e-05
2.66899e-01  1.64311e-05
2.66678e-01  1.64690e-05
2.66646e-01  1.64778e-05
2.66615e-01  1.64856e-05
2.65670e-01  1.66503e-05
2.65465e-01  1.66858e-05
2.65166e-01  1.67373e-05
2.63665e-01  1.70169e-05
2.63135e-01  1.71138e-05
2.62358e-01  1.72521e-05
2.61676e-01  1.73812e-05
2.60802e-01  1.75466e-05
2.59978e-01  1.77072e-05
2.59701e-01  1.77618e-05
2.59670e-01  1.77744e-05
2.59576e-01  1.77828e-05
2.58719e-01  1.79509e-05
2.58505e-01  1.79945e-05
2.58199e-01  1.80542e-05
2.57741e-01  1.81485e-05
2.57360e-01  1.82217e-05
2.56828e-01  1.83298e-05
2.56767e-01  1.83428e-05
2.56220e-01  1.84516e-05
2.55797e-01  1.85387e-05
2.55101e-01  1.86890e-05
2.54830e-01  1.87422e-05
2.54092e-01  1.88936e-05
2.53972e-01  1.89250e-05
2.53866e-01  1.89429e-05
2.53327e-01  1.90552e-05
2.52907e-01  1.91452e-05
2.52840e-01  1.91616e-05
2.52757e-01  1.91820e-05
2.51951e-01  1.93553e-05
2.51742e-01  1.94104e-05
2.51415e-01  1.94748e-05
2.50998e-01  1.95649e-05
2.50635e-01  1.96578e-05
2.50161e-01  1.97721e-05
2.50050e-01  1.98002e-05
2.49569e-01  1.99201e-05
2.48972e-01  2.00739e-05
2.48514e-01  2.01877e-05
2.48163e-01  2.02792e-05
2.47488e-01  2.04673e-05
2.46582e-01  2.06914e-05
2.46436e-01  2.07404e-05
2.46290e-01  2.07687e-05
2.45388e-01  2.10172e-05
2.45214e-01  2.10570e-05
2.44432e-01  2.12774e-05
2.44258e-01  2.13279e-05
2.43306e-01  2.15818e-05
2.42588e-01  2.17871e-05
2.41892e-01  2.19839e-05
2.41256e-01  2.21668e-05
2.40757e-01  2.23142e-05
2.39592e-01  2.26602e-05
2.39220e-01  2.27663e-05
2.38940e-01  2.28514e-05
2.37306e-01  2.33572e-05
2.37222e-01  2.33904e-05
2.37137e-01  2.34126e-05
2.36584e-01  2.35766e-05
2.35209e-01  2.40188e-05
2.33572e-01  2.45534e-05
2.32786e-01  2.48163e-05
2.31255e-01  2.53356e-05
2.30061e-01  2.57619e-05
2.28379e-01  2.63665e-05
2.27381e-01  2.67310e-05
2.26602e-01  2.70172e-05
2.24015e-01  2.80136e-05
2.23558e-01  2.81965e-05
2.23195e-01  2.83471e-05
2.21878e-01  2.88753e-05
2.21694e-01  2.89711e-05
2.21511e-01  2.90260e-05
2.20752e-01  2.93577e-05
2.20126e-01  2.96089e-05
2.19839e-01  2.97318e-05
2.19813e-01  2.97494e-05
2.19787e-01  2.97635e-05
2.18180e-01  3.04620e-05
2.17961e-01  3.05559e-05
2.17664e-01  3.06791e-05
2.16534e-01  3.11916e-05
2.16118e-01  3.13804e-05
2.15601e-01  3.16228e-05
2.14316e-01  3.22425e-05
2.13279e-01  3.27182e-05
2.12498e-01  3.31087e-05
2.11519e-01  3.35982e-05
2.10707e-01  3.40062e-05
2.10072e-01  3.43297e-05
2.08929e-01  3.49260e-05
2.07490e-01  3.56970e-05
2.06914e-01  3.60195e-05
2.05425e-01  3.68473e-05
2.04734e-01  3.72419e-05
2.03803e-01  3.77824e-05
2.03695e-01  3.78462e-05
2.03562e-01  3.79269e-05
2.02265e-01  3.87068e-05
2.02002e-01  3.88905e-05
2.01644e-01  3.90936e-05
2.00739e-01  3.96433e-05
2.00288e-01  3.99353e-05
1.99744e-01  4.02961e-05
1.99224e-01  4.06698e-05
1.98730e-01  4.11248e-05
1.98236e-01  4.15356e-05
1.97721e-01  4.19606e-05
1.97242e-01  4.23998e-05
1.96764e-01  4.28133e-05
1.96229e-01  4.32974e-05
1.95788e-01  4.37351e-05
1.95349e-01  4.41303e-05
1.94748e-01  4.46742e-05
1.94322e-01  4.50911e-05
1.93909e-01  4.54878e-05
1.93279e-01  4.60934e-05
1.92890e-01  4.65112e-05
1.92503e-01  4.68870e-05
1.91820e-01  4.75802e-05
1.91446e-01  4.79533e-05
1.91084e-01  4.83293e-05
1.90373e-01  4.90902e-05
1.90035e-01  4.94635e-05
1.89698e-01  4.98159e-05
1.88936e-01  5.06482e-05
1.88613e-01  5.09971e-05
1.88300e-01  5.13483e-05
1.87511e-01  5.22556e-05
1.87223e-01  5.26031e-05
1.86935e-01  5.29278e-05
1.86096e-01  5.39141e-05
1.85821e-01  5.42341e-05
1.85557e-01  5.45559e-05
1.84692e-01  5.56252e-05
1.84451e-01  5.59421e-05
1.84211e-01  5.62341e-05
1.83298e-01  5.73905e-05
1.83070e-01  5.76765e-05
1.82854e-01  5.79639e-05
1.81915e-01  5.92120e-05
1.81721e-01  5.94929e-05
1.81528e-01  5.97469e-05
1.80542e-01  6.10912e-05
1.80361e-01  6.13375e-05
1.80190e-01  6.15848e-05
1.79180e-01  6.30300e-05
1.79032e-01  6.32692e-05
1.78883e-01  6.34792e-05
1.77828e-01  6.50304e-05
1.77691e-01  6.52309e-05
1.77565e-01  6.54319e-05
1.76486e-01  6.70943e-05
1.76382e-01  6.72852e-05
1.76277e-01  6.74446e-05
1.75154e-01  6.92237e-05
1.75061e-01  6.93713e-05
1.74968e-01  6.95193e-05
1.73833e-01  7.14207e-05
1.73771e-01  7.15560e-05
1.73709e-01  7.16577e-05
1.72521e-01  7.36874e-05
1.72470e-01  7.37746e-05
1.72419e-01  7.38620e-05
1.71219e-01  7.60260e-05
1.71199e-01  7.60980e-05
1.71179e-01  7.61340e-05
1.69927e-01  7.83971e-05
1.69907e-01  7.84388e-05
1.69887e-01  7.84760e-05
1.68645e-01  8.08517e-05
1.68635e-01  8.08708e-05
1.68625e-01  8.08900e-05
1.67373e-01  8.33387e-05
1.67363e-01  8.33585e-05
1.67353e-01  8.33782e-05
1.66110e-01  8.58210e-05
1.66090e-01  8.59023e-05
1.66070e-01  8.59430e-05
1.64856e-01  8.81266e-05
1.64729e-01  8.83145e-05
1.64583e-01  8.85867e-05
1.63612e-01  8.98963e-05
1.63168e-01  9.03228e-05
1.62743e-01  9.04940e-05
1.62378e-01  9.04459e-05
1.61802e-01  8.99388e-05
1.61783e-01  8.98963e-05
1.61764e-01  8.98431e-05
1.61234e-01  8.85867e-05
1.61200e-01  8.84819e-05
1.61152e-01  8.83145e-05
1.60867e-01  8.72548e-05
1.60752e-01  8.68016e-05
1.60581e-01  8.59430e-05
1.60543e-01  8.56587e-05
1.60410e-01  8.49319e-05
1.60287e-01  8.41116e-05
1.60173e-01  8.33782e-05
1.60107e-01  8.30237e-05
1.59936e-01  8.16208e-05
1.59823e-01  8.08900e-05
1.59804e-01  8.06224e-05
1.59636e-01  7.90680e-05
1.59568e-01  7.84760e-05
1.59464e-01  7.75527e-05
1.59294e-01  7.61340e-05
1.59228e-01  7.51849e-05
1.59108e-01  7.38620e-05
1.58936e-01  7.20319e-05
1.58899e-01  7.16577e-05
1.58882e-01  7.13826e-05
1.58730e-01  6.96345e-05
1.58711e-01  6.95522e-05
1.58692e-01  6.95193e-05
1.58711e-01  6.94864e-05
1.58561e-01  6.77326e-05
1.57812e-01  6.79252e-05
1.57532e-01  6.83769e-05
1.57495e-01  6.84741e-05
1.57196e-01  6.89274e-05
1.56936e-01  6.93713e-05
1.56853e-01  6.95193e-05
1.56593e-01  6.99650e-05
1.56343e-01  7.04135e-05
1.56232e-01  7.05804e-05
1.55992e-01  7.10161e-05
1.55752e-01  7.14207e-05
1.55642e-01  7.16577e-05
1.55402e-01  7.21001e-05
1.55163e-01  7.24722e-05
1.55012e-01  7.27515e-05
1.54792e-01  7.31573e-05
1.54412e-01  7.38620e-05
1.53993e-01  7.46264e-05
1.53610e-01  7.53809e-05
1.53229e-01  7.61340e-05
1.52831e-01  7.68401e-05
1.52424e-01  7.76445e-05
1.52001e-01  7.84760e-05
1.51677e-01  7.91288e-05
1.51265e-01  8.00140e-05
1.50809e-01  8.08900e-05
1.50533e-01  8.14664e-05
1.50088e-01  8.23973e-05
1.49645e-01  8.33782e-05
1.49397e-01  8.38929e-05
1.48936e-01  8.48866e-05
1.48463e-01  8.59430e-05
1.48270e-01  8.63917e-05
1.47797e-01  8.74616e-05
1.47325e-01  8.85867e-05
1.47151e-01  8.89649e-05
1.46660e-01  9.00986e-05
1.46162e-01  9.13117e-05
1.46041e-01  9.15700e-05
1.45540e-01  9.28372e-05
1.45006e-01  9.41205e-05
1.44939e-01  9.42933e-05
1.44416e-01  9.56250e-05
1.43879e-01  9.70157e-05
1.43845e-01  9.70961e-05
1.43318e-01  9.85432e-05
1.43034e-01  9.92337e-05
1.42760e-01  9.99763e-05
1.42751e-01  1.00000e-04
1.42212e-01  1.01502e-04
1.41682e-01  1.02954e-04
1.41649e-01  1.03076e-04
1.41113e-01  1.04549e-04
1.40613e-01  1.05996e-04
1.40530e-01  1.06247e-04
1.40032e-01  1.07715e-04
1.39552e-01  1.09153e-04
1.39453e-01  1.09515e-04
1.38955e-01  1.10963e-04
1.38885e-01  1.11187e-04
1.38499e-01  1.12404e-04
1.38417e-01  1.12617e-04
1.38335e-01  1.12884e-04
1.37976e-01  1.14039e-04
1.37894e-01  1.14336e-04
1.37813e-01  1.14607e-04
1.37454e-01  1.15690e-04
1.37355e-01  1.16019e-04
1.37251e-01  1.16356e-04
1.36935e-01  1.17407e-04
1.36829e-01  1.17769e-04
1.36417e-01  1.19115e-04
1.36191e-01  1.19935e-04
1.35789e-01  1.21363e-04
1.35388e-01  1.22663e-04
1.35116e-01  1.23625e-04
1.34732e-01  1.24978e-04
1.34366e-01  1.26286e-04
1.34048e-01  1.27427e-04
1.33696e-01  1.28746e-04
1.33352e-01  1.30048e-04
1.33005e-01  1.31347e-04
1.32675e-01  1.32660e-04
1.32346e-01  1.33854e-04
1.31955e-01  1.35388e-04
1.31651e-01  1.36643e-04
1.31347e-01  1.37829e-04
1.30944e-01  1.39552e-04
1.30633e-01  1.40742e-04
1.30356e-01  1.41917e-04
1.29894e-01  1.43845e-04
1.29633e-01  1.45007e-04
1.29373e-01  1.46110e-04
1.28876e-01  1.48270e-04
1.28632e-01  1.49362e-04
1.28396e-01  1.50462e-04
1.27881e-01  1.52831e-04
1.27654e-01  1.53920e-04
1.27428e-01  1.54852e-04
1.26871e-01  1.57532e-04
1.26661e-01  1.58504e-04
1.26466e-01  1.59445e-04
1.25854e-01  1.62378e-04
1.25657e-01  1.63129e-04
1.25512e-01  1.63690e-04
1.24631e-01  1.67016e-04
1.24557e-01  1.67333e-04
1.23625e-01  1.70976e-04
1.23464e-01  1.71625e-04
1.23245e-01  1.72521e-04
1.22387e-01  1.76069e-04
1.21766e-01  1.78587e-04
1.21305e-01  1.80537e-04
1.20669e-01  1.83298e-04
1.20241e-01  1.85173e-04
1.19935e-01  1.86537e-04
1.19185e-01  1.89923e-04
1.18160e-01  1.94748e-04
1.18146e-01  1.94840e-04
1.18132e-01  1.94840e-04
1.18090e-01  1.95025e-04
1.17241e-01  1.99130e-04
1.17102e-01  1.99788e-04
1.16908e-01  2.00739e-04
1.16591e-01  2.02361e-04
1.16356e-01  2.03514e-04
1.16294e-01  2.03803e-04
1.16074e-01  2.04915e-04
1.15916e-01  2.05717e-04
1.15683e-01  2.06914e-04
1.15574e-01  2.07601e-04
1.15478e-01  2.07994e-04
1.15083e-01  2.10072e-04
1.15055e-01  2.10172e-04
1.14967e-01  2.10620e-04
1.14607e-01  2.12573e-04
1.14471e-01  2.13279e-04
1.14052e-01  2.15613e-04
1.13877e-01  2.16534e-04
1.13742e-01  2.17253e-04
1.13547e-01  2.18335e-04
1.13312e-01  2.19579e-04
1.13285e-01  2.19839e-04
1.13043e-01  2.21079e-04
1.12884e-01  2.22036e-04
1.12667e-01  2.23195e-04
1.12550e-01  2.23936e-04
1.12457e-01  2.24413e-04
1.12072e-01  2.26602e-04
1.12052e-01  2.26763e-04
1.12032e-01  2.26924e-04
1.11933e-01  2.27408e-04
1.11555e-01  2.29618e-04
1.11187e-01  2.31803e-04
1.11068e-01  2.32579e-04
1.10898e-01  2.33572e-04
1.10348e-01  2.36885e-04
1.10100e-01  2.38601e-04
1.09749e-01  2.40757e-04
1.09515e-01  2.42071e-04
1.09120e-01  2.44605e-04
1.09101e-01  2.44779e-04
1.08985e-01  2.45475e-04
1.08689e-01  2.47400e-04
1.08650e-01  2.47811e-04
1.08573e-01  2.48163e-04
1.08278e-01  2.50168e-04
1.08163e-01  2.50880e-04
1.07869e-01  2.52847e-04
1.07687e-01  2.54077e-04
1.07435e-01  2.55796e-04
1.07219e-01  2.57376e-04
1.07055e-01  2.58413e-04
1.06877e-01  2.59701e-04
1.06745e-01  2.60625e-04
1.06650e-01  2.61304e-04
1.06322e-01  2.63665e-04
1.06271e-01  2.63907e-04
1.06247e-01  2.64102e-04
1.06097e-01  2.65159e-04
1.06040e-01  2.65607e-04
1.05845e-01  2.67057e-04
1.05808e-01  2.67310e-04
1.05770e-01  2.67690e-04
1.05445e-01  2.69916e-04
1.05342e-01  2.70716e-04
1.05194e-01  2.71776e-04
1.05047e-01  2.72936e-04
1.04885e-01  2.74231e-04
1.04662e-01  2.75793e-04
1.04649e-01  2.75891e-04
1.04643e-01  2.75924e-04
1.04421e-01  2.77693e-04
1.04254e-01  2.78945e-04
1.04100e-01  2.80136e-04
1.03958e-01  2.81197e-04
1.03860e-01  2.81965e-04
1.03553e-01  2.84412e-04
1.03504e-01  2.84816e-04
1.03467e-01  2.85086e-04
1.03284e-01  2.86710e-04
1.03253e-01  2.86778e-04
1.03076e-01  2.88198e-04
1.03049e-01  2.88445e-04
1.03015e-01  2.88753e-04
1.02826e-01  2.90329e-04
1.02686e-01  2.91431e-04
1.02601e-01  2.92190e-04
1.02492e-01  2.93022e-04
1.02480e-01  2.93160e-04
1.02369e-01  2.93977e-04
1.02298e-01  2.94691e-04
1.02200e-01  2.95389e-04
1.02147e-01  2.95879e-04
1.02105e-01  2.96194e-04
1.01936e-01  2.97635e-04
1.01924e-01  2.97776e-04
1.01912e-01  2.97846e-04
1.01851e-01  2.98340e-04
1.01719e-01  2.99472e-04
1.01707e-01  2.99756e-04
1.01526e-01  3.01178e-04
1.01475e-01  3.01571e-04
1.01406e-01  3.02178e-04
1.01250e-01  3.03468e-04
1.00880e-01  3.06791e-04
1.00807e-01  3.07354e-04
1.00480e-01  3.10223e-04
1.00000e-01  3.14585e-04
1.00000e-01  3.16228e-04
1.00000e-01  3.35982e-04
1.00000e-01  3.79269e-04
1.00000e-01  4.83293e-04
