# FASER2 HNL |Ue|^2 projection
# Flavor scenario: single-flavor dominance in Ue
# Source: arXiv:1811.12522  -- FASER2 closed polygon
# Pulled from HNLimits bundle (FASER_2018/converted_HNLe_contour_FASER2.txt)
# Format: blank line separates lower edge from upper edge.
# mass_GeV  U2
# lower edge
1.00000e-01  1.48270e-04
1.00000e-01  1.83298e-04
1.00000e-01  2.80135e-04
1.00000e-01  4.28133e-04
1.00000e-01  9.99999e-04
1.27428e-01  9.99999e-04
1.62378e-01  9.99999e-04
2.06914e-01  9.99999e-04
2.63665e-01  9.99999e-04
3.35982e-01  9.99999e-04
4.28133e-01  9.99999e-04
5.45560e-01  9.99999e-04
6.95193e-01  9.99999e-04
8.85867e-01  9.99999e-04
1.12884e+00  9.99999e-04
1.43845e+00  9.99999e-04
1.62378e+00  9.99999e-04
1.72521e+00  9.99999e-04
1.75154e+00  9.99999e-04
1.77828e+00  9.99999e-04
1.79180e+00  9.99999e-04
1.80460e+00  9.99999e-04
1.80468e+00  9.98550e-04
1.80542e+00  9.85606e-04
1.80585e+00  9.73837e-04
1.80735e+00  9.51902e-04
1.80756e+00  9.48360e-04
1.80777e+00  9.44049e-04
1.80863e+00  9.29306e-04
1.80895e+00  9.23549e-04
1.80992e+00  9.07245e-04
1.81013e+00  8.99388e-04
1.81100e+00  8.89731e-04
1.81120e+00  8.85709e-04
1.81163e+00  8.75858e-04
1.81249e+00  8.64683e-04
1.81249e+00  8.63967e-04
1.81318e+00  8.52944e-04
1.81367e+00  8.43982e-04
1.81404e+00  8.38842e-04
1.81442e+00  8.30630e-04
1.81496e+00  8.23948e-04
1.81549e+00  8.14615e-04
1.81582e+00  8.08899e-04
1.81702e+00  7.90966e-04
1.81721e+00  7.84806e-04
1.81850e+00  7.67128e-04
1.81915e+00  7.57341e-04
1.81969e+00  7.47833e-04
1.81958e+00  7.47059e-04
1.81980e+00  7.46131e-04
1.82093e+00  7.30005e-04
1.82109e+00  7.27515e-04
1.82109e+00  7.24808e-04
1.82195e+00  7.12307e-04
1.82217e+00  7.08482e-04
1.82265e+00  7.03729e-04
1.82314e+00  6.95254e-04
1.82357e+00  6.89947e-04
1.82400e+00  6.83546e-04
1.82435e+00  6.78644e-04
1.82476e+00  6.71896e-04
1.82530e+00  6.64011e-04
1.82540e+00  6.62226e-04
1.82606e+00  6.54318e-04
1.82659e+00  6.46372e-04
1.82713e+00  6.37200e-04
1.82757e+00  6.30636e-04
1.82784e+00  6.26665e-04
1.82800e+00  6.20530e-04
1.82822e+00  6.14905e-04
1.82832e+00  6.09702e-04
1.82821e+00  6.04296e-04
1.82870e+00  5.99372e-04
1.82876e+00  5.96339e-04
1.82886e+00  5.93136e-04
1.82886e+00  5.88486e-04
1.82919e+00  5.84236e-04
1.82908e+00  5.80738e-04
1.82930e+00  5.77140e-04
1.82957e+00  5.73091e-04
1.82962e+00  5.69423e-04
1.82973e+00  5.69069e-04
1.82973e+00  5.65544e-04
1.82997e+00  5.62303e-04
1.83000e+00  5.61285e-04
1.82995e+00  5.58098e-04
1.83016e+00  5.55100e-04
1.83039e+00  5.50749e-04
1.83049e+00  5.48132e-04
1.83049e+00  5.46092e-04
1.83060e+00  5.43497e-04
1.83060e+00  5.41026e-04
1.83081e+00  5.36340e-04
1.83103e+00  5.31255e-04
1.83081e+00  5.29278e-04
1.83127e+00  5.27554e-04
1.83171e+00  5.16687e-04
1.83168e+00  5.15431e-04
1.83179e+00  5.14258e-04
1.83190e+00  5.09699e-04
1.83168e+00  5.08644e-04
1.83190e+00  5.07592e-04
1.83222e+00  5.02675e-04
1.83233e+00  5.01947e-04
1.83233e+00  5.01323e-04
1.83255e+00  4.95337e-04
1.83266e+00  4.95030e-04
1.83276e+00  4.89017e-04
1.83255e+00  4.88815e-04
1.83276e+00  4.88612e-04
1.83298e+00  4.88208e-04
1.83320e+00  4.82378e-04
1.83320e+00  4.82179e-04
1.83352e+00  4.76520e-04
1.83341e+00  4.76027e-04
1.83352e+00  4.75534e-04
1.83386e+00  4.70550e-04
1.83390e+00  4.69759e-04
1.83396e+00  4.68884e-04
1.83407e+00  4.64534e-04
1.83407e+00  4.63573e-04
1.83431e+00  4.62398e-04
1.83450e+00  4.58797e-04
1.83428e+00  4.57469e-04
1.83450e+00  4.56144e-04
1.83483e+00  4.53037e-04
1.83493e+00  4.51445e-04
1.83493e+00  4.49765e-04
1.83537e+00  4.41642e-04
1.83569e+00  4.39635e-04
1.83580e+00  4.37274e-04
1.83624e+00  4.30801e-04
1.83651e+00  4.28133e-04
1.83667e+00  4.25129e-04
1.83711e+00  4.20226e-04
1.83743e+00  4.16932e-04
1.83779e+00  4.13129e-04
1.83798e+00  4.09911e-04
1.83841e+00  4.06025e-04
1.83885e+00  4.01509e-04
1.83863e+00  4.00678e-04
1.83912e+00  4.00056e-04
1.83950e+00  3.95402e-04
1.83994e+00  3.93279e-04
1.84015e+00  3.90357e-04
1.84038e+00  3.89863e-04
1.84102e+00  3.85058e-04
1.84146e+00  3.81091e-04
1.84214e+00  3.78397e-04
1.84266e+00  3.74984e-04
1.84320e+00  3.72353e-04
1.84440e+00  3.66918e-04
1.84473e+00  3.65174e-04
1.84495e+00  3.63815e-04
1.84692e+00  3.57540e-04
1.84741e+00  3.55952e-04
1.84735e+00  3.55620e-04
1.84757e+00  3.55179e-04
1.85086e+00  3.46317e-04
1.85283e+00  3.42465e-04
1.85327e+00  3.41332e-04
1.85392e+00  3.40630e-04
1.85579e+00  3.37256e-04
1.85722e+00  3.34890e-04
1.85854e+00  3.32816e-04
1.86096e+00  3.29540e-04
1.86151e+00  3.28773e-04
1.86140e+00  3.28433e-04
1.86239e+00  3.27550e-04
1.86603e+00  3.22903e-04
1.86846e+00  3.19841e-04
1.87090e+00  3.17334e-04
1.87511e+00  3.12831e-04
1.87577e+00  3.11861e-04
1.87644e+00  3.11473e-04
1.87823e+00  3.09664e-04
1.88111e+00  3.06736e-04
1.88445e+00  3.03325e-04
1.88936e+00  2.98959e-04
1.89183e+00  2.96738e-04
1.89317e+00  2.95389e-04
1.90024e+00  2.89514e-04
1.90238e+00  2.87661e-04
1.90294e+00  2.87244e-04
1.90373e+00  2.86591e-04
1.91197e+00  2.80135e-04
1.91435e+00  2.78170e-04
1.91820e+00  2.75561e-04
1.92207e+00  2.72807e-04
1.92651e+00  2.69717e-04
1.93210e+00  2.66000e-04
1.93233e+00  2.65670e-04
1.93256e+00  2.65560e-04
1.93279e+00  2.65560e-04
1.93783e+00  2.62171e-04
1.93897e+00  2.61629e-04
1.94334e+00  2.58719e-04
1.94748e+00  2.56478e-04
1.95187e+00  2.53941e-04
1.95487e+00  2.52264e-04
1.95534e+00  2.51951e-04
1.95696e+00  2.51013e-04
1.95788e+00  2.49976e-04
1.95904e+00  2.48633e-04
1.96008e+00  2.47657e-04
1.96206e+00  2.45461e-04
1.96183e+00  2.45359e-04
1.96206e+00  2.45258e-04
1.96229e+00  2.45258e-04
1.96519e+00  2.42128e-04
1.96653e+00  2.40753e-04
1.96717e+00  2.40031e-04
1.96834e+00  2.38940e-04
1.96974e+00  2.37460e-04
1.97090e+00  2.36283e-04
1.97277e+00  2.34528e-04
1.97464e+00  2.32689e-04
1.97721e+00  2.30244e-04
1.97978e+00  2.27636e-04
1.98119e+00  2.26602e-04
1.98436e+00  2.23757e-04
1.98448e+00  2.23525e-04
1.98471e+00  2.23444e-04
1.98777e+00  2.20673e-04
1.98918e+00  2.19488e-04
1.99224e+00  2.16957e-04
1.99389e+00  2.15524e-04
1.99460e+00  2.14900e-04
1.99608e+00  2.13458e-04
1.99767e+00  2.11281e-04
1.99933e+00  2.09278e-04
1.99980e+00  2.08764e-04
2.00098e+00  2.06950e-04
2.00122e+00  2.06522e-04
2.00241e+00  2.05583e-04
2.00288e+00  2.04903e-04
2.00383e+00  2.03803e-04
2.00466e+00  2.02834e-04
2.00561e+00  2.01745e-04
2.00596e+00  2.01119e-04
2.00650e+00  2.00807e-04
2.00739e+00  1.99801e-04
2.00810e+00  1.98718e-04
2.00858e+00  1.98471e-04
2.00905e+00  1.97896e-04
2.01000e+00  1.96752e-04
2.01072e+00  1.95858e-04
2.01191e+00  1.94806e-04
2.01265e+00  1.94071e-04
2.01334e+00  1.93279e-04
2.01369e+00  1.92839e-04
2.01501e+00  1.91605e-04
2.01560e+00  1.90931e-04
2.01548e+00  1.90734e-04
2.01620e+00  1.90339e-04
2.01751e+00  1.89043e-04
2.01835e+00  1.88222e-04
2.01882e+00  1.87774e-04
2.01942e+00  1.87173e-04
2.02002e+00  1.86592e-04
2.02086e+00  1.85744e-04
2.02134e+00  1.85321e-04
2.02217e+00  1.84517e-04
2.02265e+00  1.84097e-04
2.02325e+00  1.83488e-04
2.02313e+00  1.83298e-04
2.02385e+00  1.82919e-04
2.02517e+00  1.81673e-04
2.02601e+00  1.80884e-04
2.02648e+00  1.80594e-04
2.02720e+00  1.79913e-04
2.02804e+00  1.79206e-04
2.02864e+00  1.78503e-04
2.02912e+00  1.78133e-04
2.03033e+00  1.77213e-04
2.03105e+00  1.76371e-04
2.03153e+00  1.76152e-04
2.03228e+00  1.75560e-04
2.03429e+00  1.73833e-04
2.03526e+00  1.73007e-04
2.03664e+00  1.71953e-04
2.03713e+00  1.71544e-04
2.03803e+00  1.70852e-04
2.03949e+00  1.69711e-04
2.04002e+00  1.69285e-04
2.04117e+00  1.68376e-04
2.04153e+00  1.68062e-04
2.04292e+00  1.67056e-04
2.04358e+00  1.66434e-04
2.04576e+00  1.64924e-04
2.04588e+00  1.64856e-04
2.04794e+00  1.63293e-04
2.05085e+00  1.61276e-04
2.05182e+00  1.60543e-04
2.05231e+00  1.60211e-04
2.05352e+00  1.59549e-04
2.05498e+00  1.58429e-04
2.05696e+00  1.57261e-04
2.05840e+00  1.56343e-04
2.06132e+00  1.54476e-04
2.06144e+00  1.54316e-04
2.06156e+00  1.54284e-04
2.06187e+00  1.54141e-04
2.06388e+00  1.52917e-04
2.06473e+00  1.52253e-04
2.06622e+00  1.51502e-04
2.06828e+00  1.50248e-04
2.06914e+00  1.49782e-04
2.07085e+00  1.48700e-04
2.07159e+00  1.48270e-04
2.07331e+00  1.47351e-04
2.07380e+00  1.47107e-04
2.07527e+00  1.46317e-04
2.07576e+00  1.46015e-04
2.07699e+00  1.45411e-04
2.07846e+00  1.44391e-04
2.08068e+00  1.43378e-04
2.08487e+00  1.41321e-04
2.08561e+00  1.40788e-04
2.08610e+00  1.40613e-04
2.08759e+00  1.39974e-04
2.09092e+00  1.38331e-04
2.09390e+00  1.36935e-04
2.09600e+00  1.35861e-04
2.10072e+00  1.33850e-04
2.10147e+00  1.33518e-04
2.10196e+00  1.33352e-04
2.10327e+00  1.32787e-04
2.10695e+00  1.31215e-04
2.11019e+00  1.29863e-04
2.11244e+00  1.28952e-04
2.11669e+00  1.27333e-04
2.11895e+00  1.26466e-04
2.12196e+00  1.25371e-04
2.12384e+00  1.24620e-04
2.12800e+00  1.23157e-04
2.12982e+00  1.22559e-04
2.13279e+00  1.21548e-04
2.13583e+00  1.20535e-04
2.13733e+00  1.19935e-04
2.14088e+00  1.18872e-04
2.14192e+00  1.18558e-04
2.14519e+00  1.17526e-04
2.14748e+00  1.16798e-04
2.14811e+00  1.16628e-04
2.14900e+00  1.16363e-04
2.15767e+00  1.13742e-04
2.16086e+00  1.12920e-04
2.16534e+00  1.11711e-04
2.16893e+00  1.10766e-04
2.17420e+00  1.09421e-04
2.18026e+00  1.07868e-04
2.18180e+00  1.07534e-04
2.18775e+00  1.06052e-04
2.19242e+00  1.05046e-04
2.19839e+00  1.03755e-04
2.20217e+00  1.02915e-04
2.20517e+00  1.02298e-04
2.21511e+00  1.00305e-04
2.21694e+00  9.99112e-05
2.21747e+00  9.96219e-05
2.21904e+00  9.90049e-05
2.22404e+00  9.70157e-05
2.22641e+00  9.61754e-05
2.22720e+00  9.57382e-05
2.23040e+00  9.47078e-05
2.23102e+00  9.44776e-05
2.23116e+00  9.43602e-05
2.23195e+00  9.41260e-05
2.23433e+00  9.32335e-05
2.23621e+00  9.26225e-05
2.23631e+00  9.25985e-05
2.23777e+00  9.20059e-05
2.24042e+00  9.08132e-05
2.24045e+00  9.07991e-05
2.24045e+00  9.07897e-05
2.24261e+00  8.95988e-05
2.24387e+00  8.88964e-05
2.24639e+00  8.75988e-05
2.24706e+00  8.72548e-05
2.24745e+00  8.70562e-05
2.24892e+00  8.63380e-05
2.25111e+00  8.52629e-05
2.25158e+00  8.49720e-05
2.25278e+00  8.44632e-05
2.25481e+00  8.35109e-05
2.25645e+00  8.27490e-05
2.25745e+00  8.23046e-05
2.25855e+00  8.17991e-05
2.25932e+00  8.14230e-05
2.26119e+00  8.05842e-05
2.26240e+00  8.01348e-05
2.26602e+00  7.86224e-05
2.26628e+00  7.85085e-05
2.26628e+00  7.84760e-05
2.26656e+00  7.84105e-05
2.27004e+00  7.68992e-05
2.27152e+00  7.64229e-05
2.27409e+00  7.54771e-05
2.27421e+00  7.53697e-05
2.27690e+00  7.44235e-05
2.27845e+00  7.38783e-05
2.28189e+00  7.26267e-05
2.28243e+00  7.24765e-05
2.28243e+00  7.23865e-05
2.28325e+00  7.22068e-05
2.28811e+00  7.05804e-05
2.29055e+00  6.97954e-05
2.29110e+00  6.95645e-05
2.29411e+00  6.87339e-05
2.29578e+00  6.82304e-05
2.29979e+00  6.70189e-05
2.30006e+00  6.69357e-05
2.30033e+00  6.69080e-05
2.30061e+00  6.68318e-05
2.30333e+00  6.60543e-05
2.30497e+00  6.56184e-05
2.30633e+00  6.51845e-05
2.30933e+00  6.44462e-05
2.30961e+00  6.43529e-05
2.30961e+00  6.43262e-05
2.31002e+00  6.42596e-05
2.31289e+00  6.34792e-05
2.31810e+00  6.22424e-05
2.31933e+00  6.19338e-05
2.31974e+00  6.18185e-05
2.32098e+00  6.15502e-05
2.32428e+00  6.07649e-05
2.32689e+00  6.02074e-05
2.32693e+00  6.02012e-05
2.32937e+00  5.96304e-05
2.33048e+00  5.94085e-05
2.33199e+00  5.90772e-05
2.33310e+00  5.88574e-05
2.33406e+00  5.86262e-05
2.33465e+00  5.85322e-05
2.33572e+00  5.83114e-05
2.33797e+00  5.78543e-05
2.33966e+00  5.75138e-05
2.33987e+00  5.74483e-05
2.34181e+00  5.70925e-05
2.34458e+00  5.65511e-05
2.34528e+00  5.63991e-05
2.34570e+00  5.63407e-05
2.34653e+00  5.61776e-05
2.34805e+00  5.58874e-05
2.34958e+00  5.55988e-05
2.35084e+00  5.53805e-05
2.35348e+00  5.48894e-05
2.35362e+00  5.48667e-05
2.35376e+00  5.48440e-05
2.35641e+00  5.43803e-05
2.35738e+00  5.41443e-05
2.36157e+00  5.34977e-05
2.36213e+00  5.34092e-05
2.36633e+00  5.27278e-05
2.37137e+00  5.19258e-05
2.37390e+00  5.15401e-05
2.37502e+00  5.13483e-05
2.37896e+00  5.07772e-05
2.37995e+00  5.06407e-05
2.38432e+00  5.00049e-05
2.38615e+00  4.97673e-05
2.38940e+00  4.93261e-05
2.39407e+00  4.86967e-05
2.39875e+00  4.80754e-05
2.39989e+00  4.79561e-05
2.40419e+00  4.74227e-05
2.40536e+00  4.72707e-05
2.40757e+00  4.70120e-05
2.40928e+00  4.67983e-05
2.41185e+00  4.64699e-05
2.41470e+00  4.61821e-05
2.41671e+00  4.59579e-05
2.41871e+00  4.57063e-05
2.42544e+00  4.50018e-05
2.42530e+00  4.49739e-05
2.42559e+00  4.49552e-05
2.42587e+00  4.49552e-05
2.43281e+00  4.42371e-05
2.43681e+00  4.37973e-05
2.43998e+00  4.35260e-05
2.44432e+00  4.31178e-05
2.44924e+00  4.26515e-05
2.45479e+00  4.21618e-05
2.46014e+00  4.16994e-05
2.46203e+00  4.15356e-05
2.46290e+00  4.14674e-05
2.47005e+00  4.08616e-05
2.47225e+00  4.07011e-05
2.47518e+00  4.04490e-05
2.47781e+00  4.02318e-05
2.48163e+00  3.99660e-05
2.48222e+00  3.99164e-05
2.48369e+00  3.98008e-05
2.48516e+00  3.95876e-05
2.48637e+00  3.93908e-05
2.48755e+00  3.91975e-05
2.48883e+00  3.89930e-05
2.48928e+00  3.88721e-05
2.48994e+00  3.88118e-05
2.49104e+00  3.86513e-05
2.49281e+00  3.83602e-05
2.49488e+00  3.80595e-05
2.49902e+00  3.74341e-05
2.49961e+00  3.73567e-05
2.49991e+00  3.73259e-05
2.50050e+00  3.72408e-05
2.50301e+00  3.68648e-05
2.50466e+00  3.66507e-05
2.50494e+00  3.66061e-05
2.50657e+00  3.63794e-05
2.50998e+00  3.59152e-05
2.51006e+00  3.59041e-05
2.51013e+00  3.59003e-05
2.51028e+00  3.58855e-05
2.51296e+00  3.54276e-05
2.51417e+00  3.51654e-05
2.51504e+00  3.49611e-05
2.51660e+00  3.46404e-05
2.51727e+00  3.45008e-05
2.51742e+00  3.44009e-05
2.51921e+00  3.40606e-05
2.51891e+00  3.40465e-05
2.51921e+00  3.40324e-05
2.51951e+00  3.40324e-05
2.52010e+00  3.38216e-05
2.52130e+00  3.36820e-05
2.52130e+00  3.35982e-05
2.52219e+00  3.35009e-05
2.52219e+00  3.34731e-05
2.52249e+00  3.33762e-05
2.52311e+00  3.33218e-05
2.52384e+00  3.31764e-05
2.52369e+00  3.31558e-05
2.52428e+00  3.30872e-05
2.52496e+00  3.29675e-05
2.52518e+00  3.28958e-05
2.52608e+00  3.27192e-05
2.52675e+00  3.26143e-05
2.52817e+00  3.23285e-05
2.52847e+00  3.22883e-05
2.52862e+00  3.22683e-05
2.52907e+00  3.21949e-05
2.53056e+00  3.19293e-05
2.53086e+00  3.18632e-05
2.53154e+00  3.17545e-05
2.53236e+00  3.15872e-05
2.53326e+00  3.14436e-05
2.53386e+00  3.13526e-05
2.53416e+00  3.12489e-05
2.53446e+00  3.12359e-05
2.53476e+00  3.11971e-05
2.53566e+00  3.10296e-05
2.53634e+00  3.09301e-05
2.53808e+00  3.06456e-05
2.53806e+00  3.06210e-05
2.53866e+00  3.05482e-05
2.54017e+00  3.02805e-05
2.54047e+00  3.02178e-05
2.54137e+00  3.01054e-05
2.54423e+00  2.96536e-05
2.54528e+00  2.94273e-05
2.54830e+00  2.90518e-05
2.54837e+00  2.90428e-05
2.54837e+00  2.90398e-05
2.54845e+00  2.90338e-05
2.55101e+00  2.86574e-05
2.55256e+00  2.84460e-05
2.55585e+00  2.79887e-05
2.55615e+00  2.79077e-05
2.55683e+00  2.78643e-05
2.55797e+00  2.77118e-05
2.56115e+00  2.72960e-05
2.56190e+00  2.71776e-05
2.56372e+00  2.69645e-05
2.56555e+00  2.67420e-05
2.56782e+00  2.64665e-05
2.56980e+00  2.61939e-05
2.57223e+00  2.59563e-05
2.57383e+00  2.57741e-05
2.57741e+00  2.53769e-05
2.57932e+00  2.51649e-05
2.58123e+00  2.49702e-05
2.58628e+00  2.44432e-05
2.58872e+00  2.41713e-05
2.59088e+00  2.40014e-05
2.59271e+00  2.38037e-05
2.59398e+00  2.37065e-05
2.59609e+00  2.34903e-05
2.59701e+00  2.34223e-05
2.59901e+00  2.32435e-05
2.59978e+00  2.31810e-05
2.60101e+00  2.30565e-05
2.60162e+00  2.30183e-05
2.60324e+00  2.28757e-05
2.60409e+00  2.27906e-05
2.60656e+00  2.25839e-05
2.60625e+00  2.25745e-05
2.60686e+00  2.25652e-05
2.60949e+00  2.23558e-05
2.61258e+00  2.21072e-05
2.61366e+00  2.19839e-05
2.61676e+00  2.17755e-05
2.62016e+00  2.15065e-05
2.62175e+00  2.14088e-05
2.62497e+00  2.11751e-05
2.62575e+00  2.11006e-05
2.62668e+00  2.10483e-05
2.62948e+00  2.08487e-05
2.63167e+00  2.07111e-05
2.63353e+00  2.05742e-05
2.63665e+00  2.03791e-05
2.63743e+00  2.03243e-05
2.63727e+00  2.03033e-05
2.63868e+00  2.02487e-05
2.64196e+00  2.00359e-05
2.64321e+00  1.99448e-05
2.64603e+00  1.97721e-05
2.64665e+00  1.97475e-05
2.64948e+00  1.95846e-05
2.65387e+00  1.93267e-05
2.65481e+00  1.92548e-05
2.65560e+00  1.92269e-05
2.65670e+00  1.91673e-05
2.66189e+00  1.88797e-05
2.66441e+00  1.87511e-05
2.66836e+00  1.85425e-05
2.67136e+00  1.83934e-05
2.67373e+00  1.82605e-05
2.67690e+00  1.81251e-05
2.68165e+00  1.78936e-05
2.68388e+00  1.77828e-05
2.68848e+00  1.75814e-05
2.69183e+00  1.74399e-05
2.69471e+00  1.73176e-05
2.69549e+00  1.72782e-05
2.69725e+00  1.72067e-05
2.70556e+00  1.68645e-05
2.70973e+00  1.66908e-05
2.71655e+00  1.64488e-05
2.71711e+00  1.64233e-05
2.71743e+00  1.64165e-05
2.71776e+00  1.64029e-05
2.72323e+00  1.62070e-05
2.72500e+00  1.61434e-05
2.72807e+00  1.60368e-05
2.72938e+00  1.59936e-05
2.73275e+00  1.58781e-05
2.73664e+00  1.56107e-05
2.73716e+00  1.55752e-05
2.73729e+00  1.55527e-05
2.73842e+00  1.54787e-05
2.74170e+00  1.52315e-05
2.74247e+00  1.51677e-05
2.74393e+00  1.50613e-05
2.74588e+00  1.49123e-05
2.74783e+00  1.47709e-05
2.75044e+00  1.46066e-05
2.75174e+00  1.45222e-05
2.75337e+00  1.43845e-05
2.75483e+00  1.43043e-05
2.75924e+00  1.40343e-05
2.75957e+00  1.40082e-05
2.76414e+00  1.37267e-05
2.76512e+00  1.36417e-05
2.76807e+00  1.34900e-05
2.77373e+00  1.31766e-05
2.77792e+00  1.29372e-05
2.78022e+00  1.28307e-05
2.78359e+00  1.26524e-05
2.78450e+00  1.25988e-05
2.78683e+00  1.24945e-05
2.78846e+00  1.23969e-05
2.79143e+00  1.22692e-05
2.79374e+00  1.21528e-05
2.79688e+00  1.20152e-05
2.79804e+00  1.19482e-05
2.79904e+00  1.19136e-05
2.80136e+00  1.18153e-05
2.80169e+00  1.17909e-05
2.80219e+00  1.17787e-05
2.80434e+00  1.16791e-05
2.80550e+00  1.16356e-05
2.80766e+00  1.15444e-05
2.80966e+00  1.14492e-05
2.81199e+00  1.13694e-05
2.81265e+00  1.13312e-05
2.81540e+00  1.12296e-05
2.81873e+00  1.10886e-05
2.81932e+00  1.10348e-05
2.82266e+00  1.07951e-05
2.82299e+00  1.07505e-05
2.82332e+00  1.07461e-05
2.82349e+00  1.07350e-05
2.82667e+00  1.05172e-05
2.82734e+00  1.04649e-05
2.82834e+00  1.03915e-05
2.83010e+00  1.02855e-05
2.83135e+00  1.01912e-05
2.83353e+00  1.00590e-05
2.83370e+00  1.00528e-05
2.83538e+00  9.92454e-06
2.83706e+00  9.83858e-06
2.83907e+00  9.72513e-06
2.84025e+00  9.66490e-06
2.84092e+00  9.62694e-06
2.84210e+00  9.53763e-06
2.84412e+00  9.45503e-06
2.84479e+00  9.41991e-06
2.84479e+00  9.41205e-06
2.84513e+00  9.40036e-06
2.84850e+00  9.21530e-06
2.84968e+00  9.16581e-06
2.85119e+00  9.08643e-06
2.85254e+00  9.01893e-06
2.85423e+00  8.92602e-06
2.85491e+00  8.90755e-06
2.85660e+00  8.82675e-06
2.85778e+00  8.77752e-06
2.85964e+00  8.69250e-06
2.86066e+00  8.63866e-06
2.86455e+00  8.47737e-06
2.86472e+00  8.46509e-06
2.86574e+00  8.43184e-06
2.86947e+00  8.28127e-06
2.87015e+00  8.24363e-06
2.87202e+00  8.18070e-06
2.87593e+00  8.02796e-06
2.87832e+00  7.93867e-06
2.87968e+00  7.89277e-06
2.88208e+00  7.81793e-06
2.88309e+00  7.77595e-06
2.88753e+00  7.63551e-06
2.88787e+00  7.61656e-06
2.88821e+00  7.61340e-06
2.88855e+00  7.60395e-06
2.89304e+00  7.46391e-06
2.89471e+00  7.41422e-06
2.89788e+00  7.32190e-06
2.89814e+00  7.31357e-06
2.90140e+00  7.22025e-06
2.90815e+00  7.04266e-06
2.90882e+00  7.02572e-06
2.90948e+00  7.00882e-06
2.91569e+00  6.84741e-06
2.91949e+00  6.76565e-06
2.92000e+00  6.75305e-06
2.92052e+00  6.74326e-06
2.92363e+00  6.66827e-06
2.92571e+00  6.62148e-06
2.93160e+00  6.50593e-06
2.93195e+00  6.49650e-06
2.93195e+00  6.49381e-06
2.93247e+00  6.48709e-06
2.93820e+00  6.37389e-06
2.94064e+00  6.32392e-06
2.94290e+00  6.24195e-06
2.94308e+00  6.23807e-06
2.94447e+00  6.15848e-06
2.94569e+00  6.09882e-06
2.94656e+00  6.04976e-06
2.94761e+00  5.99736e-06
2.94839e+00  5.95836e-06
2.95005e+00  5.86713e-06
2.95040e+00  5.84046e-06
2.95118e+00  5.82174e-06
2.95389e+00  5.69946e-06
2.95407e+00  5.68884e-06
2.95407e+00  5.68767e-06
2.95407e+00  5.68649e-06
2.95704e+00  5.55955e-06
2.95739e+00  5.53887e-06
2.95818e+00  5.51083e-06
2.95984e+00  5.43208e-06
2.96098e+00  5.39396e-06
2.96238e+00  5.34005e-06
2.96308e+00  5.31027e-06
2.96440e+00  5.25285e-06
2.96510e+00  5.23330e-06
2.96615e+00  5.19012e-06
2.96580e+00  5.18368e-06
2.96668e+00  5.17402e-06
2.96756e+00  5.13028e-06
2.96826e+00  5.11542e-06
2.96949e+00  5.07427e-06
2.97002e+00  5.04806e-06
2.97107e+00  5.01264e-06
2.97217e+00  4.98159e-06
2.97248e+00  4.95895e-06
2.97600e+00  4.85328e-06
2.97565e+00  4.85127e-06
2.97600e+00  4.84926e-06
2.97635e+00  4.84374e-06
2.97811e+00  4.78739e-06
2.97855e+00  4.77501e-06
2.97952e+00  4.74199e-06
2.97988e+00  4.72435e-06
2.98093e+00  4.69898e-06
2.98133e+00  4.68950e-06
2.98217e+00  4.66214e-06
2.98305e+00  4.63710e-06
2.98358e+00  4.62272e-06
2.98411e+00  4.60075e-06
2.98632e+00  4.54723e-06
2.98658e+00  4.54017e-06
2.98658e+00  4.53453e-06
2.98764e+00  4.51205e-06
2.98835e+00  4.48039e-06
2.99050e+00  4.43618e-06
2.99193e+00  4.39924e-06
2.99335e+00  4.36317e-06
2.99419e+00  4.33884e-06
2.99774e+00  4.25519e-06
2.99792e+00  4.24903e-06
2.99792e+00  4.24375e-06
2.99898e+00  4.22840e-06
3.00049e+00  4.19308e-06
3.00218e+00  4.15332e-06
3.00253e+00  4.13786e-06
3.00413e+00  4.11309e-06
3.00627e+00  4.06397e-06
3.00787e+00  4.02961e-06
3.01036e+00  3.98397e-06
3.01054e+00  3.97737e-06
3.01072e+00  3.97490e-06
3.01339e+00  3.92419e-06
3.01499e+00  3.89343e-06
3.01615e+00  3.87252e-06
3.01785e+00  3.83898e-06
3.01901e+00  3.82153e-06
3.01928e+00  3.81046e-06
3.02178e+00  3.77277e-06
3.02411e+00  3.73158e-06
3.02482e+00  3.72155e-06
3.02572e+00  3.70463e-06
3.02897e+00  3.65443e-06
3.03074e+00  3.62419e-06
3.03361e+00  3.57795e-06
3.03432e+00  3.57202e-06
3.03684e+00  3.52937e-06
3.03864e+00  3.50460e-06
3.04404e+00  3.43704e-06
3.04476e+00  3.42708e-06
3.04944e+00  3.36519e-06
3.05089e+00  3.34712e-06
3.05415e+00  3.31124e-06
3.05504e+00  3.29826e-06
3.05631e+00  3.28531e-06
3.05848e+00  3.25955e-06
3.06083e+00  3.23333e-06
3.06582e+00  3.18184e-06
3.06654e+00  3.17428e-06
3.06682e+00  3.17033e-06
3.06791e+00  3.15985e-06
3.07304e+00  3.10937e-06
3.07445e+00  3.09123e-06
3.07918e+00  3.05179e-06
3.08393e+00  3.01036e-06
3.08575e+00  2.99171e-06
3.09123e+00  2.94926e-06
3.09279e+00  2.93677e-06
3.09343e+00  2.93160e-06
3.09508e+00  2.91888e-06
3.09966e+00  2.88224e-06
3.10370e+00  2.85491e-06
3.10700e+00  2.83018e-06
3.11437e+00  2.78137e-06
3.11400e+00  2.78022e-06
3.11437e+00  2.77907e-06
3.11473e+00  2.77907e-06
3.12660e+00  2.70748e-06
3.13063e+00  2.68403e-06
3.13842e+00  2.64157e-06
3.13916e+00  2.63665e-06
3.14074e+00  2.62983e-06
3.14772e+00  2.59440e-06
3.15340e+00  2.56767e-06
3.16228e+00  2.52770e-06
3.16340e+00  2.50361e-06
3.16303e+00  2.50050e-06
3.16379e+00  2.49632e-06
3.16415e+00  2.44013e-06
3.16452e+00  2.43508e-06
3.16462e+00  2.42878e-06
3.16490e+00  2.37826e-06
3.16532e+00  2.37137e-06
3.16546e+00  2.36304e-06
3.16605e+00  2.31898e-06
3.16602e+00  2.30933e-06
3.16621e+00  2.29931e-06
3.16687e+00  2.26036e-06
3.16696e+00  2.24892e-06
3.16715e+00  2.23684e-06
3.16752e+00  2.19008e-06
3.16846e+00  2.14741e-06
3.16865e+00  2.13279e-06
3.16907e+00  2.11683e-06
3.16902e+00  2.07699e-06
3.17015e+00  2.04032e-06
3.17052e+00  2.02265e-06
3.17090e+00  2.00347e-06
3.17132e+00  1.98952e-06
3.17165e+00  1.96974e-06
3.17207e+00  1.94853e-06
3.17221e+00  1.93938e-06
3.17202e+00  1.91820e-06
3.17315e+00  1.89530e-06
3.17315e+00  1.89059e-06
3.17352e+00  1.86802e-06
3.17428e+00  1.84343e-06
3.17428e+00  1.84341e-06
3.17465e+00  1.81915e-06
3.17522e+00  1.79706e-06
3.17540e+00  1.79297e-06
3.17587e+00  1.77156e-06
3.17615e+00  1.75185e-06
3.17658e+00  1.74380e-06
3.17653e+00  1.72521e-06
3.17747e+00  1.70850e-06
3.17766e+00  1.69616e-06
3.17803e+00  1.68008e-06
3.17841e+00  1.66552e-06
3.17898e+00  1.64939e-06
3.17916e+00  1.63612e-06
3.17973e+00  1.62431e-06
3.18039e+00  1.60375e-06
3.18067e+00  1.59332e-06
3.18067e+00  1.58345e-06
3.18199e+00  1.55163e-06
3.18217e+00  1.54458e-06
3.18293e+00  1.51668e-06
3.18335e+00  1.51104e-06
3.18349e+00  1.50635e-06
3.18444e+00  1.47456e-06
3.18406e+00  1.47151e-06
3.18594e+00  1.43361e-06
3.18557e+00  1.43301e-06
3.18594e+00  1.43242e-06
3.18632e+00  1.43005e-06
3.18707e+00  1.39552e-06
3.18896e+00  1.36296e-06
3.18943e+00  1.35438e-06
3.19094e+00  1.32346e-06
3.19198e+00  1.29687e-06
3.19316e+00  1.27919e-06
3.19425e+00  1.25512e-06
3.19557e+00  1.23475e-06
3.19614e+00  1.22228e-06
3.19709e+00  1.20794e-06
3.19765e+00  1.19030e-06
3.19921e+00  1.17566e-06
3.20030e+00  1.15916e-06
3.20163e+00  1.13988e-06
3.20220e+00  1.12884e-06
3.20315e+00  1.11976e-06
3.20684e+00  1.07488e-06
3.20675e+00  1.07055e-06
3.20756e+00  1.06706e-06
3.21055e+00  1.03490e-06
3.21226e+00  1.01716e-06
3.21245e+00  1.01526e-06
3.21055e+00  9.77099e-07
3.20846e+00  9.65033e-07
3.20789e+00  9.62837e-07
3.20770e+00  9.59850e-07
3.20371e+00  9.37647e-07
3.20106e+00  9.22622e-07
3.19917e+00  9.13117e-07
3.19727e+00  8.99974e-07
3.19425e+00  8.81526e-07
3.19123e+00  8.65964e-07
3.18745e+00  8.44358e-07
3.18712e+00  8.42567e-07
3.18632e+00  8.38259e-07
3.18349e+00  8.23802e-07
3.18255e+00  8.21247e-07
3.18217e+00  8.17513e-07
3.17992e+00  8.05413e-07
3.17898e+00  7.99761e-07
3.17747e+00  7.92014e-07
3.17662e+00  7.87190e-07
3.17503e+00  7.78838e-07
3.17428e+00  7.74816e-07
3.17315e+00  7.69539e-07
3.17296e+00  7.68583e-07
3.17287e+00  7.67390e-07
3.17052e+00  7.58463e-07
3.16986e+00  7.52127e-07
3.16902e+00  7.48476e-07
3.16828e+00  7.43536e-07
3.16715e+00  7.38620e-07
3.16640e+00  7.35262e-07
3.16537e+00  7.28894e-07
3.16382e+00  7.20526e-07
3.16303e+00  7.19296e-07
3.16228e+00  7.12624e-07
3.15517e+00  7.06013e-07
3.14921e+00  7.00478e-07
3.13842e+00  6.89467e-07
3.13433e+00  6.85268e-07
3.13137e+00  6.82153e-07
3.12655e+00  6.76945e-07
3.12452e+00  6.74706e-07
3.12285e+00  6.73170e-07
3.12064e+00  6.70249e-07
3.11953e+00  6.69555e-07
3.11658e+00  6.65684e-07
3.11547e+00  6.64306e-07
3.11510e+00  6.64031e-07
3.11473e+00  6.63481e-07
3.11105e+00  6.59918e-07
3.11050e+00  6.58689e-07
3.10884e+00  6.56510e-07
3.10774e+00  6.55559e-07
3.10608e+00  6.53255e-07
3.10296e+00  6.49343e-07
3.10168e+00  6.47866e-07
3.10076e+00  6.46927e-07
3.09857e+00  6.43728e-07
3.09746e+00  6.42387e-07
3.09709e+00  6.41855e-07
3.09434e+00  6.38408e-07
3.09306e+00  6.37088e-07
3.09123e+00  6.34454e-07
3.09050e+00  6.34191e-07
3.09087e+00  6.33929e-07
3.08913e+00  6.31505e-07
3.08758e+00  6.30002e-07
3.08538e+00  6.26343e-07
3.08502e+00  6.26100e-07
3.08429e+00  6.25063e-07
3.08173e+00  6.21707e-07
3.08119e+00  6.20549e-07
3.07955e+00  6.18368e-07
3.07882e+00  6.17600e-07
3.07700e+00  6.15302e-07
3.07590e+00  6.13520e-07
3.07372e+00  6.09941e-07
3.07336e+00  6.09720e-07
3.07299e+00  6.09468e-07
3.07308e+00  6.09026e-07
3.07009e+00  6.05442e-07
3.06972e+00  6.04189e-07
3.06793e+00  6.01442e-07
3.06791e+00  6.01411e-07
3.06609e+00  5.98708e-07
3.06518e+00  5.97470e-07
3.06430e+00  5.95971e-07
3.06301e+00  5.94138e-07
3.06246e+00  5.93523e-07
3.06246e+00  5.93277e-07
3.06210e+00  5.92786e-07
3.05993e+00  5.89602e-07
3.05884e+00  5.87895e-07
3.05703e+00  5.85708e-07
3.05631e+00  5.83649e-07
3.05522e+00  5.82562e-07
3.05504e+00  5.81839e-07
3.05432e+00  5.80515e-07
3.05206e+00  5.76979e-07
3.04981e+00  5.74177e-07
3.04872e+00  5.71567e-07
3.04638e+00  5.67674e-07
3.04548e+00  5.66617e-07
3.04550e+00  5.66133e-07
3.04476e+00  5.64976e-07
3.04350e+00  5.62874e-07
3.04224e+00  5.60779e-07
3.04116e+00  5.59156e-07
3.03918e+00  5.55577e-07
3.03909e+00  5.55405e-07
3.03684e+00  5.51793e-07
3.03325e+00  5.45317e-07
3.03289e+00  5.44753e-07
3.03253e+00  5.44527e-07
3.03262e+00  5.44133e-07
3.02984e+00  5.39476e-07
3.02823e+00  5.37357e-07
3.02697e+00  5.34139e-07
3.02643e+00  5.33145e-07
3.02482e+00  5.30282e-07
3.02178e+00  5.24819e-07
3.02116e+00  5.23679e-07
3.02071e+00  5.23299e-07
3.02053e+00  5.22541e-07
3.01678e+00  5.16409e-07
3.01553e+00  5.13316e-07
3.01357e+00  5.09609e-07
3.01285e+00  5.08133e-07
3.01036e+00  5.03312e-07
3.01000e+00  5.03107e-07
3.00965e+00  5.02898e-07
3.01000e+00  5.02690e-07
3.00822e+00  4.99576e-07
3.00753e+00  4.97911e-07
3.00644e+00  4.96276e-07
3.00502e+00  4.93202e-07
3.00484e+00  4.92896e-07
3.00333e+00  4.89742e-07
3.00044e+00  4.84119e-07
2.99969e+00  4.83293e-07
2.99898e+00  4.81196e-07
2.99481e+00  4.72945e-07
2.99366e+00  4.70649e-07
2.99154e+00  4.66573e-07
2.98994e+00  4.63203e-07
2.98764e+00  4.58526e-07
2.98694e+00  4.58336e-07
2.98517e+00  4.53614e-07
2.98411e+00  4.52301e-07
2.98358e+00  4.50152e-07
2.98129e+00  4.46345e-07
2.98067e+00  4.44086e-07
2.97952e+00  4.42113e-07
2.97847e+00  4.40468e-07
2.97635e+00  4.35209e-07
2.97600e+00  4.34848e-07
2.97565e+00  4.34668e-07
2.97600e+00  4.34488e-07
2.97178e+00  4.25582e-07
2.97074e+00  4.23297e-07
2.96967e+00  4.21023e-07
2.96896e+00  4.19630e-07
2.96808e+00  4.17723e-07
2.96738e+00  4.16600e-07
2.96545e+00  4.12393e-07
2.96545e+00  4.12222e-07
2.96510e+00  4.11370e-07
2.96335e+00  4.07638e-07
2.96234e+00  4.05470e-07
2.96019e+00  4.01438e-07
2.95914e+00  3.98951e-07
2.95389e+00  3.91219e-07
2.95319e+00  3.90936e-07
2.95354e+00  3.90774e-07
2.94796e+00  3.83398e-07
2.94621e+00  3.80708e-07
2.94290e+00  3.75773e-07
2.94281e+00  3.75656e-07
2.94273e+00  3.75540e-07
2.93925e+00  3.70748e-07
2.93751e+00  3.68147e-07
2.93594e+00  3.65866e-07
2.93317e+00  3.61722e-07
2.93230e+00  3.61049e-07
2.93160e+00  3.59407e-07
2.92753e+00  3.53318e-07
2.92623e+00  3.51603e-07
2.92433e+00  3.48558e-07
2.91983e+00  3.42405e-07
2.91784e+00  3.38982e-07
2.91396e+00  3.33447e-07
2.90845e+00  3.25127e-07
2.90812e+00  3.24190e-07
2.90278e+00  3.16228e-07
2.89951e+00  3.11676e-07
2.89728e+00  3.07955e-07
2.89334e+00  3.02017e-07
2.89197e+00  2.99898e-07
2.89112e+00  2.98597e-07
2.88753e+00  2.93014e-07
2.88685e+00  2.92052e-07
2.88650e+00  2.91690e-07
2.88283e+00  2.86036e-07
2.88138e+00  2.84412e-07
2.88011e+00  2.81861e-07
2.87874e+00  2.79941e-07
2.87678e+00  2.76971e-07
2.87474e+00  2.73947e-07
2.87355e+00  2.72307e-07
2.87185e+00  2.69725e-07
2.86744e+00  2.63213e-07
2.86718e+00  2.62668e-07
2.86676e+00  2.62342e-07
2.86574e+00  2.60488e-07
2.86235e+00  2.55797e-07
2.85913e+00  2.51125e-07
2.85575e+00  2.46079e-07
2.85288e+00  2.42588e-07
2.85170e+00  2.40337e-07
2.84445e+00  2.30156e-07
2.84445e+00  2.30061e-07
2.84445e+00  2.29965e-07
2.84412e+00  2.29442e-07
2.84016e+00  2.24042e-07
2.83706e+00  2.20087e-07
2.83538e+00  2.18180e-07
2.83370e+00  2.15397e-07
2.83135e+00  2.12472e-07
2.83018e+00  2.10501e-07
2.82734e+00  2.06914e-07
2.82349e+00  2.01709e-07
2.82332e+00  2.01501e-07
2.82299e+00  2.01417e-07
2.82266e+00  2.00481e-07
2.81932e+00  1.96229e-07
2.81832e+00  1.95175e-07
2.81298e+00  1.93405e-07
2.80600e+00  1.91095e-07
2.80418e+00  1.90424e-07
2.80136e+00  1.89499e-07
2.79506e+00  1.87566e-07
2.79011e+00  1.86096e-07
2.78623e+00  1.84694e-07
2.78022e+00  1.82811e-07
2.77726e+00  1.81904e-07
2.77529e+00  1.81227e-07
2.76856e+00  1.79100e-07
2.76267e+00  1.77255e-07
2.75989e+00  1.76486e-07
2.75957e+00  1.76413e-07
2.75924e+00  1.76185e-07
2.74523e+00  1.71869e-07
2.74239e+00  1.70999e-07
2.73842e+00  1.69817e-07
2.73001e+00  1.67373e-07
2.72516e+00  1.65786e-07
2.71776e+00  1.63603e-07
2.71583e+00  1.62994e-07
2.71101e+00  1.61582e-07
2.70780e+00  1.60781e-07
2.70124e+00  1.58730e-07
2.69725e+00  1.57746e-07
2.68992e+00  1.56057e-07
2.68388e+00  1.54577e-07
2.67690e+00  1.52779e-07
2.67152e+00  1.51597e-07
2.66741e+00  1.50533e-07
2.65670e+00  1.47933e-07
2.65359e+00  1.47196e-07
2.65104e+00  1.46595e-07
2.63665e+00  1.43204e-07
2.63556e+00  1.42967e-07
2.63447e+00  1.42760e-07
2.62670e+00  1.40883e-07
2.62669e+00  1.40879e-07
2.61861e+00  1.39025e-07
2.61768e+00  1.38852e-07
2.61676e+00  1.38622e-07
2.60255e+00  1.35388e-07
2.60016e+00  1.34814e-07
2.59701e+00  1.34104e-07
2.58658e+00  1.31846e-07
2.58260e+00  1.30920e-07
2.57741e+00  1.29733e-07
2.57140e+00  1.28396e-07
2.56539e+00  1.27100e-07
2.55797e+00  1.25504e-07
2.55585e+00  1.25037e-07
2.54799e+00  1.23442e-07
2.54799e+00  1.23340e-07
2.54047e+00  1.21766e-07
2.53957e+00  1.21615e-07
2.53866e+00  1.21357e-07
2.53116e+00  1.19815e-07
2.52488e+00  1.18580e-07
2.52279e+00  1.18041e-07
2.51951e+00  1.17383e-07
2.51430e+00  1.16318e-07
2.50464e+00  1.15478e-07
2.50050e+00  1.15281e-07
2.49902e+00  1.15239e-07
2.48663e+00  1.14668e-07
2.48163e+00  1.14407e-07
2.47221e+00  1.13952e-07
2.45781e+00  1.13275e-07
2.44432e+00  1.12632e-07
2.44027e+00  1.12457e-07
2.42903e+00  1.11946e-07
2.42587e+00  1.11761e-07
2.41985e+00  1.11483e-07
2.41513e+00  1.11229e-07
2.40757e+00  1.10873e-07
2.40103e+00  1.10563e-07
2.39365e+00  1.10198e-07
2.38940e+00  1.10015e-07
2.37953e+00  1.09515e-07
2.37320e+00  1.09221e-07
2.37137e+00  1.09130e-07
2.36787e+00  1.08949e-07
2.35934e+00  1.08567e-07
2.35348e+00  1.08247e-07
2.34958e+00  1.08073e-07
2.34576e+00  1.07883e-07
2.34230e+00  1.07704e-07
2.33572e+00  1.07404e-07
2.33213e+00  1.07226e-07
2.32057e+00  1.06650e-07
2.31871e+00  1.06551e-07
2.31693e+00  1.06462e-07
2.30061e+00  1.05672e-07
2.29194e+00  1.05240e-07
2.26702e+00  1.04021e-07
2.26602e+00  1.03989e-07
2.26550e+00  1.03943e-07
2.26334e+00  1.03860e-07
2.24892e+00  1.03131e-07
2.23937e+00  1.02660e-07
2.23195e+00  1.02790e-07
2.22641e+00  1.02960e-07
2.20021e+00  1.03559e-07
2.19839e+00  1.03581e-07
2.19709e+00  1.03645e-07
2.18646e+00  1.03860e-07
2.16816e+00  1.04334e-07
2.16534e+00  1.04367e-07
2.16188e+00  1.04442e-07
2.13933e+00  1.04979e-07
2.13279e+00  1.05137e-07
2.12397e+00  1.05376e-07
2.11106e+00  1.05661e-07
2.10072e+00  1.05924e-07
2.08709e+00  1.06253e-07
2.08314e+00  1.06341e-07
2.07000e+00  1.06650e-07
2.06938e+00  1.06694e-07
2.06914e+00  1.06694e-07
2.05546e+00  1.07003e-07
2.05352e+00  1.07070e-07
2.05085e+00  1.07137e-07
2.03803e+00  1.07437e-07
2.03297e+00  1.07582e-07
2.02828e+00  1.07693e-07
2.02265e+00  1.07849e-07
2.01524e+00  1.08028e-07
2.01477e+00  1.08028e-07
2.01191e+00  1.08073e-07
2.00739e+00  1.08207e-07
2.00668e+00  1.08207e-07
2.00121e+00  1.08339e-07
1.99980e+00  1.08387e-07
1.99797e+00  1.08420e-07
1.99484e+00  1.08567e-07
1.99224e+00  1.08747e-07
1.98930e+00  1.08949e-07
1.98471e+00  1.09288e-07
1.98178e+00  1.09515e-07
1.97850e+00  1.09765e-07
1.97721e+00  1.09867e-07
1.97417e+00  1.10106e-07
1.96781e+00  1.10598e-07
1.96299e+00  1.10976e-07
1.96229e+00  1.11022e-07
1.95713e+00  1.11425e-07
1.94956e+00  1.12039e-07
1.94748e+00  1.12224e-07
1.94653e+00  1.12265e-07
1.94426e+00  1.12457e-07
1.94012e+00  1.12784e-07
1.93596e+00  1.13105e-07
1.93279e+00  1.13369e-07
1.92554e+00  1.13946e-07
1.92547e+00  1.13955e-07
1.92542e+00  1.13958e-07
1.91820e+00  1.14573e-07
1.91501e+00  1.14808e-07
1.91095e+00  1.15144e-07
1.90689e+00  1.15478e-07
1.90460e+00  1.15664e-07
1.90373e+00  1.15742e-07
1.90170e+00  1.15910e-07
1.89426e+00  1.16529e-07
1.88936e+00  1.16971e-07
1.87833e+00  1.17870e-07
1.87511e+00  1.18139e-07
1.87367e+00  1.18262e-07
1.87023e+00  1.18580e-07
1.86096e+00  1.19344e-07
1.85304e+00  1.19962e-07
1.84692e+00  1.20412e-07
1.83711e+00  1.20812e-07
1.83298e+00  1.20711e-07
1.82281e+00  1.18580e-07
1.82152e+00  1.18041e-07
1.81915e+00  1.16415e-07
1.81786e+00  1.15478e-07
1.81549e+00  1.13252e-07
1.81496e+00  1.12457e-07
1.81410e+00  1.11368e-07
1.81270e+00  1.09515e-07
1.81190e+00  1.08151e-07
1.81163e+00  1.07939e-07
1.81099e+00  1.06650e-07
1.81034e+00  1.05639e-07
1.80992e+00  1.04767e-07
1.80927e+00  1.03860e-07
1.80906e+00  1.03131e-07
1.80890e+00  1.02492e-07
1.80852e+00  1.01752e-07
1.80820e+00  1.01143e-07
1.80804e+00  1.00631e-07
1.80724e+00  9.88440e-08
1.80716e+00  9.84966e-08
1.80692e+00  9.82114e-08
1.80649e+00  9.71996e-08
1.80606e+00  9.60390e-08
1.80585e+00  9.59197e-08
1.80606e+00  9.58006e-08
1.80564e+00  9.46567e-08
1.80542e+00  9.40120e-08
1.80521e+00  9.34490e-08
1.80500e+00  9.34103e-08
1.80510e+00  9.33523e-08
1.80435e+00  9.11551e-08
1.80414e+00  9.09665e-08
1.80419e+00  9.07501e-08
1.80350e+00  8.89176e-08
1.80329e+00  8.85867e-08
1.80334e+00  8.82296e-08
1.80265e+00  8.67349e-08
1.80243e+00  8.62691e-08
1.80254e+00  8.57880e-08
1.80211e+00  8.45533e-08
1.80158e+00  8.40122e-08
1.80169e+00  8.34054e-08
1.80137e+00  8.24607e-08
1.80126e+00  8.18143e-08
1.80094e+00  8.11057e-08
1.80078e+00  8.03949e-08
1.80052e+00  7.96739e-08
1.80033e+00  7.88898e-08
1.79988e+00  7.75895e-08
1.79956e+00  7.64252e-08
1.79902e+00  7.55596e-08
1.79881e+00  7.45955e-08
1.79865e+00  7.35828e-08
1.79839e+00  7.26440e-08
1.79796e+00  7.16578e-08
1.79776e+00  7.05990e-08
1.79711e+00  6.90642e-08
1.79695e+00  6.79574e-08
1.79658e+00  6.67992e-08
1.79615e+00  6.56200e-08
1.79562e+00  6.44482e-08
1.79541e+00  6.32056e-08
1.79498e+00  6.23733e-08
1.79477e+00  6.11201e-08
1.79435e+00  5.98185e-08
1.79413e+00  5.92505e-08
1.79371e+00  5.79639e-08
1.79318e+00  5.65997e-08
1.79313e+00  5.63016e-08
1.79270e+00  5.49707e-08
1.79223e+00  5.35777e-08
1.79201e+00  5.35105e-08
1.79180e+00  5.23702e-08
1.79159e+00  5.21537e-08
1.79138e+00  5.21321e-08
1.79159e+00  5.21105e-08
1.79116e+00  5.08314e-08
1.79116e+00  5.07682e-08
1.79116e+00  5.07052e-08
1.79074e+00  4.95426e-08
1.79053e+00  4.94401e-08
1.79063e+00  4.93276e-08
1.79021e+00  4.82964e-08
1.79021e+00  4.81466e-08
1.79016e+00  4.79923e-08
1.78979e+00  4.70719e-08
1.78968e+00  4.68870e-08
1.78969e+00  4.66944e-08
1.78936e+00  4.58784e-08
1.78928e+00  4.56604e-08
1.78905e+00  4.54152e-08
1.78889e+00  4.47198e-08
1.78862e+00  4.44658e-08
1.78862e+00  4.41904e-08
1.78844e+00  4.35882e-08
1.78799e+00  4.33025e-08
1.78820e+00  4.29987e-08
1.78799e+00  4.24847e-08
1.78778e+00  4.21697e-08
1.78767e+00  4.18304e-08
1.78735e+00  4.14252e-08
1.78714e+00  4.10664e-08
1.78719e+00  4.06981e-08
1.78693e+00  4.03749e-08
1.78682e+00  3.99921e-08
1.78673e+00  3.95975e-08
1.78651e+00  3.93512e-08
1.78629e+00  3.89458e-08
1.78608e+00  3.85127e-08
1.78608e+00  3.83535e-08
1.78598e+00  3.79269e-08
1.78566e+00  3.74740e-08
1.78566e+00  3.73810e-08
1.78545e+00  3.69347e-08
1.78524e+00  3.64634e-08
1.78524e+00  3.64332e-08
1.78504e+00  3.59684e-08
1.78503e+00  3.59368e-08
1.78482e+00  3.55095e-08
1.78471e+00  3.54727e-08
1.78439e+00  3.50274e-08
1.78429e+00  3.46163e-08
1.78429e+00  3.45161e-08
1.78376e+00  3.41110e-08
1.78387e+00  3.37386e-08
1.78381e+00  3.35818e-08
1.78355e+00  3.32186e-08
1.78344e+00  3.28832e-08
1.78334e+00  3.26732e-08
1.78292e+00  3.23496e-08
1.78297e+00  3.20528e-08
1.78270e+00  3.17785e-08
1.78270e+00  3.15033e-08
1.78255e+00  3.12401e-08
1.78228e+00  3.09215e-08
1.78207e+00  3.06791e-08
1.78210e+00  3.04496e-08
1.78186e+00  3.00876e-08
1.78176e+00  2.98765e-08
1.78165e+00  2.96789e-08
1.78133e+00  2.92701e-08
1.78123e+00  2.90948e-08
1.78102e+00  2.89386e-08
1.78102e+00  2.87117e-08
1.78091e+00  2.84807e-08
1.78083e+00  2.83337e-08
1.78060e+00  2.82049e-08
1.78060e+00  2.80883e-08
1.78039e+00  2.79606e-08
1.78049e+00  2.78392e-08
1.78044e+00  2.77098e-08
1.78017e+00  2.75924e-08
1.78017e+00  2.74897e-08
1.78017e+00  2.73308e-08
1.78007e+00  2.72291e-08
1.78007e+00  2.71334e-08
1.77975e+00  2.69486e-08
1.77954e+00  2.68705e-08
1.77975e+00  2.67927e-08
1.77954e+00  2.65167e-08
1.77933e+00  2.62218e-08
1.77933e+00  2.61676e-08
1.77933e+00  2.61134e-08
1.77917e+00  2.58230e-08
1.77891e+00  2.55147e-08
1.77870e+00  2.54830e-08
1.77891e+00  2.54513e-08
1.77873e+00  2.51696e-08
1.77870e+00  2.51474e-08
1.77870e+00  2.51264e-08
1.77849e+00  2.48266e-08
1.77838e+00  2.48163e-08
1.77838e+00  2.48112e-08
1.77828e+00  2.45289e-08
1.77670e+00  2.44895e-08
1.77326e+00  2.44072e-08
1.76643e+00  2.42423e-08
1.76486e+00  2.42021e-08
1.76423e+00  2.41971e-08
1.76340e+00  2.41671e-08
1.75549e+00  2.39776e-08
1.75154e+00  2.38785e-08
1.74668e+00  2.37650e-08
1.73936e+00  2.35836e-08
1.73833e+00  2.35641e-08
1.73709e+00  2.35348e-08
1.72935e+00  2.33382e-08
1.72521e+00  2.32393e-08
1.71224e+00  2.29191e-08
1.71222e+00  2.29179e-08
1.71219e+00  2.29179e-08
1.71214e+00  2.29167e-08
1.70373e+00  2.27100e-08
1.69968e+00  2.26173e-08
1.69927e+00  2.26079e-08
1.69528e+00  2.25040e-08
1.69285e+00  2.24447e-08
1.68765e+00  2.23195e-08
1.68690e+00  2.22987e-08
1.68645e+00  2.22918e-08
1.68505e+00  2.22549e-08
1.67859e+00  2.20941e-08
1.67373e+00  2.19800e-08
1.67026e+00  2.18937e-08
1.66385e+00  2.17356e-08
1.66208e+00  2.16906e-08
1.66110e+00  2.16614e-08
1.65755e+00  2.15736e-08
1.65384e+00  2.14938e-08
1.65252e+00  2.14494e-08
1.64856e+00  2.13519e-08
1.64588e+00  2.12878e-08
1.64233e+00  2.11976e-08
1.64097e+00  2.11669e-08
1.63787e+00  2.10882e-08
1.63612e+00  2.10440e-08
1.63013e+00  2.08969e-08
1.62994e+00  2.08969e-08
1.62974e+00  2.08969e-08
1.62955e+00  2.08882e-08
1.62378e+00  2.07416e-08
1.62195e+00  2.06944e-08
1.61860e+00  2.06132e-08
1.61764e+00  2.05876e-08
1.61401e+00  2.05025e-08
1.61152e+00  2.04346e-08
1.60781e+00  2.03417e-08
1.60629e+00  2.03039e-08
1.60237e+00  2.02063e-08
1.59936e+00  2.01322e-08
1.59842e+00  2.01155e-08
1.59672e+00  2.00739e-08
1.59332e+00  1.99826e-08
1.59077e+00  1.99207e-08
1.58730e+00  1.98342e-08
1.58158e+00  1.98219e-08
1.58064e+00  1.98383e-08
1.57532e+00  1.99207e-08
1.57290e+00  1.99661e-08
1.56936e+00  2.00158e-08
1.56547e+00  2.00739e-08
1.56399e+00  2.00989e-08
1.56343e+00  2.01051e-08
1.56237e+00  2.01218e-08
1.55522e+00  2.02367e-08
1.55163e+00  2.02997e-08
1.54861e+00  2.03417e-08
1.54668e+00  2.03839e-08
1.54412e+00  2.04177e-08
1.53993e+00  2.04855e-08
1.53792e+00  2.05195e-08
1.53229e+00  2.06132e-08
1.52831e+00  2.06773e-08
1.52632e+00  2.07073e-08
1.52072e+00  2.08013e-08
1.51677e+00  2.08688e-08
1.51570e+00  2.08882e-08
1.51229e+00  2.09489e-08
1.50858e+00  2.10075e-08
1.50533e+00  2.10707e-08
1.50382e+00  2.10925e-08
1.49964e+00  2.11626e-08
1.49928e+00  2.11669e-08
1.49534e+00  2.12350e-08
1.49397e+00  2.12636e-08
1.49097e+00  2.13165e-08
1.48832e+00  2.13585e-08
1.48709e+00  2.13873e-08
1.48322e+00  2.14494e-08
1.48270e+00  2.14583e-08
1.47867e+00  2.15295e-08
1.47378e+00  2.16188e-08
1.47151e+00  2.16592e-08
1.47038e+00  2.16771e-08
1.46716e+00  2.17356e-08
1.46595e+00  2.17626e-08
1.46231e+00  2.18348e-08
1.46041e+00  2.18597e-08
1.45678e+00  2.19255e-08
1.45489e+00  2.19618e-08
1.45403e+00  2.19800e-08
1.45136e+00  2.20256e-08
1.44939e+00  2.20618e-08
1.44819e+00  2.20896e-08
1.44587e+00  2.21308e-08
1.44391e+00  2.21675e-08
1.44177e+00  2.22042e-08
1.43990e+00  2.22410e-08
1.43845e+00  2.22733e-08
1.43775e+00  2.22814e-08
1.43569e+00  2.23195e-08
1.43301e+00  2.23704e-08
1.42979e+00  2.24400e-08
1.42760e+00  2.24772e-08
1.42329e+00  2.25565e-08
1.42220e+00  2.25775e-08
1.42169e+00  2.25892e-08
1.41682e+00  2.26830e-08
1.41372e+00  2.27441e-08
1.40846e+00  2.29191e-08
1.40705e+00  2.29714e-08
1.40613e+00  2.30047e-08
1.40190e+00  2.31625e-08
1.40065e+00  2.32153e-08
1.40049e+00  2.32249e-08
1.39552e+00  2.34084e-08
1.39418e+00  2.34557e-08
1.39214e+00  2.35348e-08
1.38778e+00  2.37011e-08
1.38499e+00  2.38087e-08
1.38155e+00  2.39578e-08
1.37617e+00  2.41671e-08
1.37454e+00  2.42222e-08
1.37210e+00  2.43177e-08
1.36935e+00  2.44281e-08
1.36886e+00  2.44591e-08
1.36789e+00  2.44895e-08
1.36417e+00  2.46422e-08
1.36248e+00  2.47086e-08
1.35998e+00  2.48163e-08
1.35901e+00  2.48523e-08
1.35757e+00  2.49090e-08
1.35628e+00  2.49710e-08
1.35388e+00  2.50629e-08
1.35187e+00  2.51474e-08
1.34996e+00  2.52257e-08
1.34876e+00  2.52832e-08
1.34398e+00  2.54830e-08
1.34382e+00  2.54935e-08
1.34366e+00  2.54935e-08
1.34318e+00  2.55147e-08
1.33759e+00  2.57562e-08
1.33601e+00  2.58230e-08
1.33352e+00  2.59409e-08
1.33147e+00  2.60270e-08
1.32832e+00  2.61676e-08
1.32346e+00  2.63825e-08
1.31924e+00  2.65717e-08
1.31479e+00  2.67761e-08
1.31347e+00  2.68372e-08
1.31277e+00  2.68705e-08
1.30719e+00  2.71334e-08
1.30356e+00  2.73081e-08
1.30125e+00  2.74215e-08
1.29771e+00  2.75924e-08
1.29522e+00  2.77041e-08
1.29373e+00  2.77874e-08
1.28929e+00  2.79953e-08
1.28655e+00  2.81348e-08
1.28396e+00  2.82604e-08
1.28351e+00  2.82985e-08
1.28260e+00  2.83337e-08
1.27427e+00  2.87534e-08
1.27171e+00  2.88907e-08
1.26758e+00  2.90948e-08
1.26466e+00  2.92519e-08
1.26003e+00  2.94953e-08
1.25512e+00  2.98146e-08
1.24358e+00  3.06791e-08
1.23962e+00  3.09727e-08
1.23625e+00  3.12304e-08
1.22199e+00  3.23496e-08
1.21966e+00  3.25360e-08
1.21766e+00  3.26965e-08
1.21130e+00  3.32186e-08
1.20983e+00  3.33496e-08
1.20847e+00  3.34534e-08
1.20077e+00  3.41110e-08
1.20006e+00  3.41818e-08
1.19935e+00  3.42225e-08
1.19507e+00  3.45912e-08
1.19178e+00  3.48754e-08
1.19030e+00  3.50129e-08
1.19023e+00  3.50202e-08
1.19016e+00  3.50274e-08
1.18132e+00  3.58049e-08
1.18047e+00  3.58773e-08
1.17951e+00  3.59684e-08
1.16356e+00  3.74256e-08
1.16122e+00  3.76608e-08
1.15834e+00  3.79269e-08
1.14607e+00  3.90913e-08
1.14194e+00  3.94900e-08
1.13681e+00  3.99921e-08
1.13245e+00  4.04418e-08
1.12884e+00  4.07783e-08
1.12284e+00  4.13909e-08
1.11635e+00  4.21697e-08
1.11394e+00  4.24457e-08
1.11187e+00  4.27146e-08
1.10524e+00  4.35454e-08
1.10348e+00  4.37623e-08
1.09801e+00  4.44658e-08
1.09658e+00  4.46689e-08
1.09515e+00  4.48543e-08
1.08894e+00  4.56604e-08
1.08788e+00  4.58072e-08
1.08689e+00  4.59450e-08
1.07996e+00  4.68870e-08
1.07932e+00  4.69842e-08
1.07869e+00  4.70621e-08
1.07093e+00  4.81466e-08
1.07074e+00  4.81766e-08
1.06764e+00  4.86075e-08
1.06247e+00  4.93531e-08
1.06218e+00  4.93940e-08
1.06190e+00  4.94401e-08
1.05445e+00  5.05375e-08
1.05369e+00  5.06396e-08
1.05283e+00  5.07682e-08
1.04649e+00  5.17234e-08
1.04523e+00  5.19112e-08
1.04377e+00  5.21321e-08
1.03860e+00  5.29373e-08
1.03682e+00  5.32121e-08
1.03466e+00  5.35326e-08
1.03076e+00  5.41459e-08
1.02845e+00  5.45398e-08
1.02565e+00  5.49707e-08
1.02298e+00  5.53793e-08
1.01996e+00  5.58660e-08
1.01647e+00  5.64475e-08
1.01526e+00  5.66290e-08
1.01161e+00  5.72363e-08
1.00981e+00  5.75215e-08
1.00760e+00  5.78920e-08
1.00748e+00  5.79399e-08
1.00712e+00  5.79639e-08
1.00326e+00  5.86280e-08
1.00000e+00  5.91524e-08
9.99172e-01  5.93488e-08
9.98344e-01  5.95211e-08
9.95395e-01  6.01407e-08
9.92454e-01  6.07919e-08
9.91691e-01  6.09558e-08
9.90929e-01  6.11201e-08
9.87972e-01  6.17755e-08
9.84966e-01  6.24444e-08
9.84259e-01  6.26047e-08
9.83560e-01  6.27621e-08
9.80662e-01  6.34680e-08
9.77533e-01  6.41685e-08
9.76955e-01  6.43148e-08
9.76377e-01  6.44482e-08
9.73262e-01  6.51730e-08
9.70157e-01  6.59333e-08
9.69641e-01  6.60563e-08
9.69124e-01  6.61795e-08
9.66004e-01  6.69446e-08
9.65518e-01  6.70626e-08
9.62837e-01  6.77186e-08
9.62353e-01  6.78379e-08
9.61869e-01  6.79574e-08
9.59197e-01  6.86293e-08
9.58736e-01  6.87484e-08
9.58275e-01  6.88642e-08
9.55571e-01  6.95810e-08
9.55232e-01  6.96964e-08
9.54893e-01  6.97831e-08
9.51959e-01  7.05095e-08
9.51621e-01  7.06264e-08
9.51284e-01  7.07142e-08
9.48361e-01  7.14503e-08
9.48024e-01  7.15688e-08
9.47688e-01  7.16578e-08
9.44776e-01  7.24037e-08
9.44441e-01  7.25237e-08
9.44106e-01  7.26139e-08
9.41205e-01  7.33698e-08
9.40871e-01  7.34914e-08
9.40537e-01  7.35828e-08
9.37647e-01  7.43160e-08
9.37197e-01  7.44393e-08
9.36746e-01  7.45646e-08
9.34103e-01  7.53018e-08
9.33647e-01  7.54306e-08
9.33164e-01  7.55596e-08
9.30572e-01  7.62987e-08
9.30104e-01  7.64331e-08
9.29581e-01  7.65678e-08
9.27055e-01  7.73007e-08
9.26561e-01  7.74450e-08
9.26068e-01  7.75895e-08
9.23550e-01  7.82977e-08
9.23004e-01  7.84621e-08
9.22458e-01  7.86247e-08
9.20059e-01  7.93281e-08
9.19515e-01  7.95090e-08
9.18971e-01  7.96739e-08
9.16581e-01  8.03699e-08
9.16039e-01  8.05699e-08
9.15274e-01  8.07370e-08
9.13117e-01  8.13917e-08
9.12442e-01  8.16027e-08
9.11713e-01  8.18143e-08
9.09665e-01  8.24607e-08
9.08912e-01  8.26659e-08
9.08159e-01  8.29059e-08
9.06227e-01  8.34918e-08
9.05476e-01  8.37689e-08
9.04726e-01  8.40122e-08
9.02801e-01  8.45620e-08
9.01920e-01  8.48427e-08
9.00987e-01  8.51332e-08
8.99389e-01  8.56638e-08
8.98431e-01  8.59481e-08
8.97475e-01  8.62691e-08
8.95989e-01  8.67349e-08
8.94927e-01  8.70583e-08
8.92602e-01  8.78195e-08
8.91494e-01  8.82022e-08
8.90281e-01  8.85867e-08
8.88071e-01  8.93606e-08
8.85867e-01  9.00294e-08
8.84557e-01  9.04967e-08
8.83145e-01  9.09665e-08
8.81051e-01  9.16449e-08
8.79495e-01  9.21803e-08
8.79182e-01  9.22949e-08
8.77623e-01  9.28317e-08
8.76066e-01  9.34103e-08
8.75859e-01  9.34490e-08
8.74150e-01  9.40120e-08
8.72548e-01  9.45685e-08
8.72342e-01  9.46567e-08
8.70795e-01  9.52467e-08
8.69250e-01  9.57213e-08
8.68736e-01  9.59197e-08
8.67298e-01  9.64376e-08
8.65964e-01  9.69182e-08
8.65094e-01  9.71996e-08
8.63866e-01  9.76637e-08
8.62691e-01  9.80691e-08
8.61454e-01  9.84966e-08
8.60397e-01  9.88849e-08
8.59430e-01  9.92311e-08
8.54359e-01  1.01143e-07
8.53545e-01  1.01392e-07
8.52945e-01  1.01626e-07
8.50727e-01  1.02492e-07
8.50224e-01  1.02705e-07
8.49721e-01  1.02822e-07
8.47110e-01  1.03860e-07
8.46810e-01  1.03989e-07
8.46509e-01  1.04027e-07
8.43409e-01  1.05202e-07
8.43303e-01  1.05243e-07
8.43297e-01  1.05246e-07
8.40122e-01  1.06468e-07
8.39898e-01  1.06551e-07
8.39674e-01  1.06650e-07
8.36500e-01  1.07872e-07
8.33782e-01  1.08949e-07
8.33141e-01  1.09221e-07
8.32402e-01  1.09515e-07
8.29746e-01  1.10563e-07
8.27491e-01  1.11431e-07
8.26315e-01  1.11899e-07
8.24948e-01  1.12457e-07
8.24363e-01  1.12690e-07
8.22949e-01  1.13275e-07
8.21247e-01  1.13952e-07
8.21223e-01  1.13958e-07
8.19596e-01  1.14668e-07
8.17562e-01  1.15478e-07
8.15050e-01  1.16511e-07
8.12834e-01  1.17456e-07
8.10037e-01  1.18580e-07
8.08900e-01  1.19060e-07
8.06128e-01  1.20312e-07
8.02796e-01  1.21640e-07
8.02606e-01  1.21766e-07
7.99336e-01  1.23161e-07
7.96738e-01  1.24263e-07
7.95043e-01  1.25037e-07
7.92577e-01  1.26064e-07
7.87272e-01  1.28396e-07
7.85864e-01  1.29029e-07
7.84760e-01  1.29518e-07
7.79184e-01  1.32051e-07
7.76124e-01  1.33467e-07
7.72962e-01  1.34936e-07
7.72047e-01  1.35388e-07
7.65950e-01  1.38278e-07
7.61341e-01  1.40516e-07
7.56849e-01  1.42760e-07
7.52873e-01  1.44754e-07
7.49894e-01  1.46229e-07
7.49179e-01  1.46595e-07
7.46342e-01  1.48052e-07
7.44236e-01  1.49152e-07
7.41598e-01  1.50533e-07
7.39932e-01  1.51471e-07
7.38620e-01  1.52100e-07
7.34002e-01  1.54577e-07
7.33481e-01  1.54897e-07
7.33047e-01  1.55082e-07
7.30535e-01  1.56445e-07
7.27515e-01  1.58139e-07
7.27085e-01  1.58401e-07
7.26397e-01  1.58730e-07
7.20649e-01  1.61909e-07
7.16578e-01  1.64209e-07
7.14334e-01  1.65545e-07
7.11086e-01  1.67373e-07
7.07974e-01  1.69180e-07
7.05804e-01  1.70522e-07
7.01723e-01  1.72940e-07
6.95810e-01  1.76486e-07
6.95481e-01  1.76742e-07
6.95193e-01  1.76889e-07
6.93796e-01  1.77733e-07
6.89253e-01  1.80590e-07
6.88235e-01  1.81227e-07
6.84741e-01  1.83417e-07
6.83082e-01  1.84522e-07
6.80701e-01  1.86096e-07
6.79574e-01  1.86791e-07
6.77496e-01  1.88101e-07
6.76925e-01  1.88501e-07
6.74446e-01  1.90128e-07
6.73888e-01  1.90542e-07
6.73011e-01  1.91095e-07
6.70864e-01  1.92605e-07
6.69357e-01  1.93565e-07
6.69199e-01  1.93645e-07
6.67765e-01  1.94600e-07
6.66827e-01  1.95236e-07
6.65408e-01  1.96229e-07
6.64739e-01  1.96677e-07
6.64306e-01  1.96962e-07
6.62187e-01  1.98436e-07
6.61717e-01  1.98765e-07
6.59294e-01  2.00460e-07
6.58748e-01  2.00917e-07
6.57891e-01  2.01501e-07
6.55695e-01  2.02988e-07
6.54319e-01  2.03978e-07
6.52695e-01  2.05122e-07
6.50228e-01  2.06914e-07
6.49766e-01  2.07343e-07
6.49382e-01  2.07515e-07
6.47923e-01  2.08549e-07
6.46927e-01  2.09284e-07
6.46736e-01  2.09458e-07
6.46468e-01  2.09675e-07
6.44482e-01  2.11066e-07
6.43796e-01  2.11682e-07
6.42616e-01  2.12472e-07
6.42046e-01  2.12913e-07
6.40793e-01  2.13841e-07
6.39619e-01  2.14684e-07
6.35018e-01  2.18180e-07
6.34905e-01  2.18316e-07
6.34792e-01  2.18339e-07
6.34417e-01  2.18633e-07
6.30002e-01  2.22147e-07
6.29099e-01  2.22919e-07
6.27844e-01  2.24042e-07
6.25248e-01  2.26374e-07
6.23549e-01  2.27879e-07
6.21265e-01  2.30061e-07
6.20531e-01  2.30627e-07
6.18990e-01  2.32070e-07
6.18034e-01  2.32931e-07
6.15848e-01  2.35021e-07
6.14538e-01  2.36241e-07
6.12577e-01  2.38108e-07
6.11201e-01  2.39390e-07
6.07955e-01  2.42588e-07
6.07128e-01  2.43342e-07
6.06589e-01  2.43897e-07
6.03584e-01  2.46842e-07
6.01798e-01  2.48795e-07
6.01371e-01  2.49105e-07
5.97470e-01  2.53030e-07
5.96410e-01  2.54212e-07
5.94859e-01  2.55797e-07
5.92961e-01  2.57708e-07
5.91070e-01  2.59747e-07
5.88922e-01  2.61989e-07
5.88487e-01  2.62560e-07
5.88348e-01  2.62668e-07
5.85777e-01  2.65403e-07
5.81830e-01  2.69725e-07
5.79639e-01  2.72166e-07
5.75334e-01  2.77086e-07
5.74996e-01  2.77427e-07
5.70925e-01  2.82182e-07
5.70182e-01  2.83119e-07
5.69002e-01  2.84412e-07
5.66617e-01  2.87246e-07
5.65077e-01  2.89283e-07
5.62741e-01  2.92052e-07
5.62341e-01  2.92476e-07
5.61709e-01  2.93204e-07
5.59934e-01  2.95429e-07
5.58098e-01  2.97667e-07
5.57405e-01  2.98597e-07
5.56383e-01  2.99898e-07
5.54871e-01  3.01767e-07
5.53887e-01  3.03020e-07
5.52381e-01  3.05035e-07
5.50098e-01  3.07955e-07
5.49903e-01  3.08338e-07
5.49707e-01  3.08401e-07
5.49058e-01  3.09231e-07
5.47354e-01  3.11515e-07
5.46982e-01  3.12064e-07
5.46141e-01  3.13229e-07
5.45560e-01  3.13863e-07
5.44882e-01  3.14855e-07
5.43883e-01  3.16228e-07
5.43497e-01  3.16687e-07
5.42919e-01  3.17409e-07
5.42405e-01  3.18199e-07
5.41443e-01  3.19519e-07
5.40802e-01  3.20447e-07
5.39906e-01  3.21509e-07
5.37596e-01  3.24723e-07
5.37453e-01  3.24925e-07
5.37357e-01  3.25127e-07
5.36912e-01  3.25666e-07
5.35009e-01  3.28375e-07
5.33303e-01  3.30833e-07
5.32609e-01  3.31931e-07
5.31413e-01  3.33447e-07
5.30125e-01  3.35316e-07
5.29278e-01  3.36639e-07
5.27715e-01  3.38877e-07
5.25289e-01  3.42396e-07
5.25285e-01  3.42400e-07
5.25284e-01  3.42402e-07
5.25283e-01  3.42405e-07
5.21321e-01  3.48377e-07
5.20520e-01  3.49715e-07
5.19228e-01  3.51603e-07
5.17387e-01  3.54455e-07
5.15737e-01  3.57033e-07
5.14107e-01  3.59519e-07
5.13483e-01  3.60600e-07
5.13180e-01  3.61049e-07
5.10998e-01  3.64505e-07
5.09609e-01  3.66739e-07
5.07142e-01  3.70748e-07
5.06302e-01  3.72133e-07
5.05763e-01  3.73059e-07
5.04210e-01  3.75695e-07
5.03967e-01  3.75997e-07
5.03315e-01  3.77098e-07
5.01947e-01  3.79409e-07
5.01650e-01  3.79920e-07
5.01175e-01  3.80708e-07
4.99399e-01  3.84034e-07
4.98160e-01  3.86388e-07
4.97188e-01  3.88273e-07
4.95778e-01  3.90936e-07
4.94971e-01  3.92518e-07
4.94401e-01  3.93698e-07
4.92761e-01  3.96799e-07
4.91255e-01  3.99768e-07
4.90670e-01  4.00939e-07
4.90612e-01  4.01272e-07
4.90423e-01  4.01438e-07
4.88815e-01  4.04694e-07
4.88410e-01  4.05617e-07
4.86968e-01  4.08441e-07
4.86219e-01  4.10009e-07
4.85125e-01  4.12222e-07
4.84066e-01  4.14534e-07
4.83293e-01  4.16168e-07
4.79872e-01  4.23297e-07
4.79746e-01  4.23603e-07
4.79646e-01  4.23823e-07
4.79107e-01  4.24966e-07
4.76027e-01  4.31708e-07
4.75520e-01  4.33051e-07
4.74670e-01  4.34668e-07
4.72435e-01  4.39693e-07
4.71262e-01  4.42480e-07
4.69509e-01  4.46345e-07
4.68870e-01  4.47804e-07
4.67457e-01  4.51085e-07
4.67043e-01  4.52114e-07
4.65332e-01  4.56253e-07
4.64947e-01  4.57009e-07
4.64397e-01  4.58336e-07
4.62888e-01  4.62053e-07
4.61821e-01  4.64644e-07
4.60811e-01  4.67056e-07
4.59314e-01  4.70649e-07
4.58743e-01  4.72114e-07
4.58336e-01  4.73190e-07
4.56226e-01  4.78314e-07
4.54878e-01  4.81894e-07
4.54636e-01  4.82393e-07
4.54340e-01  4.83293e-07
4.52596e-01  4.87616e-07
4.51445e-01  4.90757e-07
4.50565e-01  4.92896e-07
4.49739e-01  4.95038e-07
4.49287e-01  4.96276e-07
4.48543e-01  4.98233e-07
4.48039e-01  4.99551e-07
4.46874e-01  5.02898e-07
4.46530e-01  5.03628e-07
4.45343e-01  5.06872e-07
4.44658e-01  5.08712e-07
4.44343e-01  5.09609e-07
4.42532e-01  5.14594e-07
4.41303e-01  5.18015e-07
4.39420e-01  5.23299e-07
4.38570e-01  5.25798e-07
4.37973e-01  5.27434e-07
4.34900e-01  5.36357e-07
4.34668e-01  5.37135e-07
4.34565e-01  5.37357e-07
4.30725e-01  5.48830e-07
4.28133e-01  5.56729e-07
4.25003e-01  5.66617e-07
4.23046e-01  5.72989e-07
4.21697e-01  5.77278e-07
4.20252e-01  5.81839e-07
4.19205e-01  5.85207e-07
4.18515e-01  5.87530e-07
4.15541e-01  5.97470e-07
4.15430e-01  5.97841e-07
4.15357e-01  5.98212e-07
4.14988e-01  5.99329e-07
4.13566e-01  6.04314e-07
4.12222e-01  6.08900e-07
4.11686e-01  6.10731e-07
4.10956e-01  6.13520e-07
4.09839e-01  6.17344e-07
4.09112e-01  6.19907e-07
4.08000e-01  6.24029e-07
4.06313e-01  6.30002e-07
4.06025e-01  6.30982e-07
4.05497e-01  6.32879e-07
4.04293e-01  6.37319e-07
4.02961e-01  6.42387e-07
4.01723e-01  6.46927e-07
4.00655e-01  6.51094e-07
3.99921e-01  6.53796e-07
3.97277e-01  6.64306e-07
3.97067e-01  6.65270e-07
3.96903e-01  6.65925e-07
3.95894e-01  6.70249e-07
3.95356e-01  6.72892e-07
3.95309e-01  6.73170e-07
3.93908e-01  6.79052e-07
3.93605e-01  6.80318e-07
3.93256e-01  6.82153e-07
3.91908e-01  6.88112e-07
3.90936e-01  6.92114e-07
3.90173e-01  6.95707e-07
3.89181e-01  7.00478e-07
3.88491e-01  7.03677e-07
3.87986e-01  7.05647e-07
3.86771e-01  7.11444e-07
3.85064e-01  7.19259e-07
3.85058e-01  7.19287e-07
3.85057e-01  7.19292e-07
3.85057e-01  7.19296e-07
3.83603e-01  7.26332e-07
3.83376e-01  7.27386e-07
3.83053e-01  7.28894e-07
3.82153e-01  7.33437e-07
3.81695e-01  7.35529e-07
3.81057e-01  7.38620e-07
3.80708e-01  7.40381e-07
3.80033e-01  7.43839e-07
3.79763e-01  7.45073e-07
3.79269e-01  7.47546e-07
3.79224e-01  7.48166e-07
3.79067e-01  7.48476e-07
3.78361e-01  7.52127e-07
3.77835e-01  7.54663e-07
3.77523e-01  7.56267e-07
3.77098e-01  7.58463e-07
3.76719e-01  7.60665e-07
3.76407e-01  7.62084e-07
3.75118e-01  7.68583e-07
3.75051e-01  7.69061e-07
3.74984e-01  7.69539e-07
3.74641e-01  7.71054e-07
3.73567e-01  7.76744e-07
3.73434e-01  7.77871e-07
3.73169e-01  7.78838e-07
3.72574e-01  7.81909e-07
3.72155e-01  7.84342e-07
3.71759e-01  7.86294e-07
3.71231e-01  7.89231e-07
3.70748e-01  7.91686e-07
3.70123e-01  7.95055e-07
3.69565e-01  7.98107e-07
3.69347e-01  7.99430e-07
3.69259e-01  7.99761e-07
3.68517e-01  8.04080e-07
3.67951e-01  8.06999e-07
3.66885e-01  8.12955e-07
3.66560e-01  8.14809e-07
3.65434e-01  8.21247e-07
3.65304e-01  8.22268e-07
3.65174e-01  8.22523e-07
3.64591e-01  8.25852e-07
3.63794e-01  8.30483e-07
3.63665e-01  8.31171e-07
3.62419e-01  8.38346e-07
3.61647e-01  8.43309e-07
3.60494e-01  8.49972e-07
3.59684e-01  8.54473e-07
3.58897e-01  8.59354e-07
3.57795e-01  8.65964e-07
3.57307e-01  8.68827e-07
3.56970e-01  8.70910e-07
3.55747e-01  8.78610e-07
3.54906e-01  8.83720e-07
3.54276e-01  8.87664e-07
3.54172e-01  8.88308e-07
3.54025e-01  8.89228e-07
3.52645e-01  8.98484e-07
3.51603e-01  9.04646e-07
3.51063e-01  9.08213e-07
3.50357e-01  9.13117e-07
3.49518e-01  9.18332e-07
3.48950e-01  9.22048e-07
3.48001e-01  9.28757e-07
3.46604e-01  9.37647e-07
3.46317e-01  9.39591e-07
3.45590e-01  9.44566e-07
3.44916e-01  9.49273e-07
3.43704e-01  9.57666e-07
3.43419e-01  9.60049e-07
3.42972e-01  9.62837e-07
3.41878e-01  9.70444e-07
3.41110e-01  9.76088e-07
3.40374e-01  9.81257e-07
3.39329e-01  9.88703e-07
3.38897e-01  9.92395e-07
3.38536e-01  9.94447e-07
3.37536e-01  1.00190e-06
3.37376e-01  1.00314e-06
3.37257e-01  1.00397e-06
3.36659e-01  1.00898e-06
3.36579e-01  1.00898e-06
3.35982e-01  1.01348e-06
3.35882e-01  1.01421e-06
3.35743e-01  1.01526e-06
3.34712e-01  1.02329e-06
3.34435e-01  1.02583e-06
3.34000e-01  1.02881e-06
3.33447e-01  1.03287e-06
3.32934e-01  1.03694e-06
3.32265e-01  1.04254e-06
3.32186e-01  1.04297e-06
3.32147e-01  1.04297e-06
3.31460e-01  1.04838e-06
3.30931e-01  1.05252e-06
3.30441e-01  1.05645e-06
3.29992e-01  1.05995e-06
3.29680e-01  1.06248e-06
3.29270e-01  1.06590e-06
3.28706e-01  1.07055e-06
3.28550e-01  1.07188e-06
3.28433e-01  1.07277e-06
3.27832e-01  1.07744e-06
3.27810e-01  1.07764e-06
3.27192e-01  1.08281e-06
3.27095e-01  1.08371e-06
3.26960e-01  1.08483e-06
3.25955e-01  1.09340e-06
3.25642e-01  1.09561e-06
3.25262e-01  1.09931e-06
3.24723e-01  1.10341e-06
3.24224e-01  1.10799e-06
3.23496e-01  1.11386e-06
3.23477e-01  1.11397e-06
3.22788e-01  1.12022e-06
3.22273e-01  1.12464e-06
3.21777e-01  1.12884e-06
3.21349e-01  1.13247e-06
3.21055e-01  1.13517e-06
3.20068e-01  1.14390e-06
3.19955e-01  1.14532e-06
3.19330e-01  1.15031e-06
3.18632e-01  1.15677e-06
3.18519e-01  1.15772e-06
3.18406e-01  1.15916e-06
3.17109e-01  1.17050e-06
3.16228e-01  1.17902e-06
3.15742e-01  1.18391e-06
3.15107e-01  1.19030e-06
3.13842e-01  1.20369e-06
3.13081e-01  1.21195e-06
3.12138e-01  1.22228e-06
3.11759e-01  1.22621e-06
3.11474e-01  1.22933e-06
3.10442e-01  1.24064e-06
3.09196e-01  1.25512e-06
3.09160e-01  1.25564e-06
3.09123e-01  1.25564e-06
3.09013e-01  1.25668e-06
3.07955e-01  1.26870e-06
3.07845e-01  1.27028e-06
3.06791e-01  1.28218e-06
3.06537e-01  1.28510e-06
3.06283e-01  1.28883e-06
3.05251e-01  1.30036e-06
3.04476e-01  1.30982e-06
3.03963e-01  1.31567e-06
3.03307e-01  1.32346e-06
3.02677e-01  1.33112e-06
3.02178e-01  1.33724e-06
3.01428e-01  1.34724e-06
3.00431e-01  1.35901e-06
3.00147e-01  1.36296e-06
2.99898e-01  1.36564e-06
2.99012e-01  1.37715e-06
2.98871e-01  1.37886e-06
2.98765e-01  1.38029e-06
2.98252e-01  1.38717e-06
2.97882e-01  1.39148e-06
2.97635e-01  1.39494e-06
2.97618e-01  1.39523e-06
2.97600e-01  1.39552e-06
2.96510e-01  1.40939e-06
2.96352e-01  1.41151e-06
2.96159e-01  1.41414e-06
2.95389e-01  1.42443e-06
2.95105e-01  1.42820e-06
2.94761e-01  1.43301e-06
2.94273e-01  1.43956e-06
2.93890e-01  1.44553e-06
2.93369e-01  1.45213e-06
2.93160e-01  1.45453e-06
2.92640e-01  1.46239e-06
2.91983e-01  1.47151e-06
2.90948e-01  1.48560e-06
2.90157e-01  1.49671e-06
2.89159e-01  1.51104e-06
2.88753e-01  1.51700e-06
2.87721e-01  1.53231e-06
2.87202e-01  1.53979e-06
2.86574e-01  1.54971e-06
2.86502e-01  1.55027e-06
2.86421e-01  1.55163e-06
2.85322e-01  1.56909e-06
2.84412e-01  1.58214e-06
2.83706e-01  1.59332e-06
2.82901e-01  1.60591e-06
2.80999e-01  1.63612e-06
2.80517e-01  1.64393e-06
2.80136e-01  1.65042e-06
2.78149e-01  1.68277e-06
2.78022e-01  1.68495e-06
2.76938e-01  1.70320e-06
2.75924e-01  1.72057e-06
2.75655e-01  1.72521e-06
2.73486e-01  1.76350e-06
2.71776e-01  1.79445e-06
2.70428e-01  1.81915e-06
2.68894e-01  1.84796e-06
2.67880e-01  1.86802e-06
2.67690e-01  1.87102e-06
2.66646e-01  1.89216e-06
2.65670e-01  1.91107e-06
2.65291e-01  1.91820e-06
2.64384e-01  1.93657e-06
2.63665e-01  1.95146e-06
2.62762e-01  1.96974e-06
2.62156e-01  1.98242e-06
2.61676e-01  1.99251e-06
2.60255e-01  2.02265e-06
2.59945e-01  2.02931e-06
2.59701e-01  2.03526e-06
2.57802e-01  2.07699e-06
2.57772e-01  2.07785e-06
2.57741e-01  2.07785e-06
2.57635e-01  2.08000e-06
2.55797e-01  2.12177e-06
2.55585e-01  2.12661e-06
2.55311e-01  2.13279e-06
2.54513e-01  2.15186e-06
2.53866e-01  2.16651e-06
2.53431e-01  2.17697e-06
2.52877e-01  2.19008e-06
2.51951e-01  2.21288e-06
2.51292e-01  2.22840e-06
2.50613e-01  2.24892e-06
2.49370e-01  2.28744e-06
2.48163e-01  2.32373e-06
2.47430e-01  2.34694e-06
2.46699e-01  2.37137e-06
2.45519e-01  2.40850e-06
2.44432e-01  2.44468e-06
2.43622e-01  2.47163e-06
2.42789e-01  2.50050e-06
2.40757e-01  2.57140e-06
2.39875e-01  2.60301e-06
2.38997e-01  2.63665e-06
2.37137e-01  2.70412e-06
2.36178e-01  2.74105e-06
2.35181e-01  2.78022e-06
2.33572e-01  2.84428e-06
2.32552e-01  2.88702e-06
2.31453e-01  2.93160e-06
2.30061e-01  2.99171e-06
2.28960e-01  3.03981e-06
2.27839e-01  3.09123e-06
2.26602e-01  3.14678e-06
2.25424e-01  3.20064e-06
2.24201e-01  3.25955e-06
2.23195e-01  3.30835e-06
2.21957e-01  3.37077e-06
2.20660e-01  3.43704e-06
2.19839e-01  3.47965e-06
2.18536e-01  3.54953e-06
2.17201e-01  3.62419e-06
2.16534e-01  3.66002e-06
2.15180e-01  3.73854e-06
2.13759e-01  3.82153e-06
2.13279e-01  3.84933e-06
2.11857e-01  3.93640e-06
2.10369e-01  4.02961e-06
2.10072e-01  4.04885e-06
2.08610e-01  4.14644e-06
2.07061e-01  4.24903e-06
2.06987e-01  4.25431e-06
2.06914e-01  4.25872e-06
2.05389e-01  4.36589e-06
2.05353e-01  4.36860e-06
2.04096e-01  4.45794e-06
2.03803e-01  4.47946e-06
2.03797e-01  4.47992e-06
2.03791e-01  4.48039e-06
2.02265e-01  4.59504e-06
2.02241e-01  4.59885e-06
2.02217e-01  4.60075e-06
2.00739e-01  4.71213e-06
2.00668e-01  4.71848e-06
2.00596e-01  4.72435e-06
1.99224e-01  4.84712e-06
1.99212e-01  4.85026e-06
1.99201e-01  4.85127e-06
1.99154e-01  4.85730e-06
1.98236e-01  4.98159e-06
1.98025e-01  5.00849e-06
1.97721e-01  5.04754e-06
1.96831e-01  5.17054e-06
1.96275e-01  5.25285e-06
1.96229e-01  5.25611e-06
1.95661e-01  5.33950e-06
1.95279e-01  5.39396e-06
1.94748e-01  5.47273e-06
1.94495e-01  5.51369e-06
1.94334e-01  5.53887e-06
1.93485e-01  5.66650e-06
1.93322e-01  5.69209e-06
1.93279e-01  5.69946e-06
1.92412e-01  5.84046e-06
1.92173e-01  5.87808e-06
1.91820e-01  5.93558e-06
1.91446e-01  5.99736e-06
1.91027e-01  6.06984e-06
1.90508e-01  6.15848e-06
1.90373e-01  6.17860e-06
1.89872e-01  6.26591e-06
1.89552e-01  6.32392e-06
1.88936e-01  6.43357e-06
1.88735e-01  6.46965e-06
1.88624e-01  6.49381e-06
1.87952e-01  6.61360e-06
1.87666e-01  6.66827e-06
1.87622e-01  6.68209e-06
1.87511e-01  6.69872e-06
1.86758e-01  6.84741e-06
1.86482e-01  6.89722e-06
1.86096e-01  6.97191e-06
1.85810e-01  7.03136e-06
1.85371e-01  7.12223e-06
1.85216e-01  7.14902e-06
1.84910e-01  7.22025e-06
1.84801e-01  7.23522e-06
1.84692e-01  7.25924e-06
1.84244e-01  7.35153e-06
1.83950e-01  7.41422e-06
1.83298e-01  7.55528e-06
1.83146e-01  7.59136e-06
1.83033e-01  7.61340e-06
1.82605e-01  7.70820e-06
1.82594e-01  7.71339e-06
1.82516e-01  7.72818e-06
1.82130e-01  7.81793e-06
1.82039e-01  7.83658e-06
1.81915e-01  7.86666e-06
1.81506e-01  7.96503e-06
1.81217e-01  8.02796e-06
1.80949e-01  8.09139e-06
1.80542e-01  8.18748e-06
1.80329e-01  8.24363e-06
1.79859e-01  8.35341e-06
1.79855e-01  8.35449e-06
1.79413e-01  8.46509e-06
1.79329e-01  8.48967e-06
1.79180e-01  8.52491e-06
1.78788e-01  8.62614e-06
1.78545e-01  8.69250e-06
1.78503e-01  8.69610e-06
1.78244e-01  8.76390e-06
1.78070e-01  8.80848e-06
1.77828e-01  8.87257e-06
1.77723e-01  8.90755e-06
1.77639e-01  8.92602e-06
1.77229e-01  9.03202e-06
1.77177e-01  9.04887e-06
1.77156e-01  9.05168e-06
1.76736e-01  9.16581e-06
1.76643e-01  9.19433e-06
1.76486e-01  9.23823e-06
1.75861e-01  9.41205e-06
1.75590e-01  9.49428e-06
1.75154e-01  9.61299e-06
1.74978e-01  9.66490e-06
1.74637e-01  9.76550e-06
1.74523e-01  9.79994e-06
1.74121e-01  9.92454e-06
1.73996e-01  9.95722e-06
1.73833e-01  1.00066e-05
1.73483e-01  1.01196e-05
1.73237e-01  1.01912e-05
1.73176e-01  1.02123e-05
1.72950e-01  1.02802e-05
1.72807e-01  1.03271e-05
1.72521e-01  1.04174e-05
1.72429e-01  1.04455e-05
1.72399e-01  1.04649e-05
1.72174e-01  1.05302e-05
1.72071e-01  1.05610e-05
1.71940e-01  1.06046e-05
1.71930e-01  1.06178e-05
1.71869e-01  1.06288e-05
1.71524e-01  1.07461e-05
1.71402e-01  1.07862e-05
1.71219e-01  1.08422e-05
1.70885e-01  1.09596e-05
1.70652e-01  1.10348e-05
1.70365e-01  1.11346e-05
1.69927e-01  1.12890e-05
1.69867e-01  1.13171e-05
1.69807e-01  1.13312e-05
1.69556e-01  1.14184e-05
1.69345e-01  1.14967e-05
1.68955e-01  1.16356e-05
1.68835e-01  1.16815e-05
1.68645e-01  1.17494e-05
1.68321e-01  1.18680e-05
1.68127e-01  1.19482e-05
1.68008e-01  1.19854e-05
1.67829e-01  1.20626e-05
1.67687e-01  1.21076e-05
1.67373e-01  1.22280e-05
1.67313e-01  1.22539e-05
1.67274e-01  1.22692e-05
1.67076e-01  1.23457e-05
1.66809e-01  1.24509e-05
1.66740e-01  1.24793e-05
1.66464e-01  1.25988e-05
1.66304e-01  1.26504e-05
1.66110e-01  1.27299e-05
1.65599e-01  1.29372e-05
1.65306e-01  1.30611e-05
1.64856e-01  1.32491e-05
1.64773e-01  1.32848e-05
1.64603e-01  1.33565e-05
1.64308e-01  1.34837e-05
1.64233e-01  1.35165e-05
1.63961e-01  1.36417e-05
1.63825e-01  1.37040e-05
1.63612e-01  1.37951e-05
1.63574e-01  1.38237e-05
1.63399e-01  1.38868e-05
1.63322e-01  1.39214e-05
1.63303e-01  1.39329e-05
1.63129e-01  1.40082e-05
1.63090e-01  1.40372e-05
1.62994e-01  1.40721e-05
1.62955e-01  1.41013e-05
1.62830e-01  1.41452e-05
1.62724e-01  1.41951e-05
1.62685e-01  1.42127e-05
1.62589e-01  1.42599e-05
1.62378e-01  1.43547e-05
1.62338e-01  1.43722e-05
1.62339e-01  1.43845e-05
1.62181e-01  1.44457e-05
1.62099e-01  1.44891e-05
1.61908e-01  1.45764e-05
1.61860e-01  1.46066e-05
1.61764e-01  1.46460e-05
1.61606e-01  1.47205e-05
1.61515e-01  1.47709e-05
1.61362e-01  1.48384e-05
1.61152e-01  1.49401e-05
1.61114e-01  1.49680e-05
1.60981e-01  1.50239e-05
1.60876e-01  1.50769e-05
1.60693e-01  1.51677e-05
1.60543e-01  1.52417e-05
1.60390e-01  1.53189e-05
1.59936e-01  1.55559e-05
1.59918e-01  1.55688e-05
1.59899e-01  1.55752e-05
1.59804e-01  1.56204e-05
1.59521e-01  1.57830e-05
1.59426e-01  1.58158e-05
1.59332e-01  1.58683e-05
1.59096e-01  1.59936e-05
1.58946e-01  1.60700e-05
1.58730e-01  1.61869e-05
1.58692e-01  1.62070e-05
1.58486e-01  1.63351e-05
1.58317e-01  1.64233e-05
1.58261e-01  1.64710e-05
1.58130e-01  1.65394e-05
1.58036e-01  1.66080e-05
1.57700e-01  1.68017e-05
1.57602e-01  1.68645e-05
1.57588e-01  1.68855e-05
1.57532e-01  1.69135e-05
1.57271e-01  1.70895e-05
1.57141e-01  1.71676e-05
1.56936e-01  1.72871e-05
1.56899e-01  1.73176e-05
1.56695e-01  1.74544e-05
1.56343e-01  1.76763e-05
1.56251e-01  1.77460e-05
1.56186e-01  1.77828e-05
1.55934e-01  1.79465e-05
1.55808e-01  1.80425e-05
1.55752e-01  1.80724e-05
1.55494e-01  1.82605e-05
1.55366e-01  1.83439e-05
1.55163e-01  1.84812e-05
1.55127e-01  1.85042e-05
1.54925e-01  1.86504e-05
1.54778e-01  1.87511e-05
1.54577e-01  1.88894e-05
1.54486e-01  1.89620e-05
1.54422e-01  1.90013e-05
1.54193e-01  1.91673e-05
1.54102e-01  1.92548e-05
1.54047e-01  1.92788e-05
1.53993e-01  1.93147e-05
1.53610e-01  1.96008e-05
1.53392e-01  1.97721e-05
1.53175e-01  1.99283e-05
1.52831e-01  2.01942e-05
1.52740e-01  2.02612e-05
1.52684e-01  2.03033e-05
1.52465e-01  2.04743e-05
1.52307e-01  2.05997e-05
1.52001e-01  2.08487e-05
1.51875e-01  2.09439e-05
1.51677e-01  2.11050e-05
1.51444e-01  2.12938e-05
1.51310e-01  2.14088e-05
1.51104e-01  2.15779e-05
1.51024e-01  2.16540e-05
1.50765e-01  2.18659e-05
1.50640e-01  2.19839e-05
1.50595e-01  2.20158e-05
1.50533e-01  2.20660e-05
1.49946e-01  2.25745e-05
1.49742e-01  2.27576e-05
1.49397e-01  2.30612e-05
1.49291e-01  2.31810e-05
1.49062e-01  2.33641e-05
1.48894e-01  2.35243e-05
1.48832e-01  2.35780e-05
1.48604e-01  2.38037e-05
1.48472e-01  2.39174e-05
1.48270e-01  2.41113e-05
1.48252e-01  2.41213e-05
1.48051e-01  2.43169e-05
1.47917e-01  2.44432e-05
1.47709e-01  2.46440e-05
1.47631e-01  2.47232e-05
1.47391e-01  2.49573e-05
1.47256e-01  2.50998e-05
1.47212e-01  2.51362e-05
1.47151e-01  2.51988e-05
1.46794e-01  2.55562e-05
1.46586e-01  2.57741e-05
1.46378e-01  2.59832e-05
1.46041e-01  2.63462e-05
1.45937e-01  2.64665e-05
1.45747e-01  2.66536e-05
1.45553e-01  2.68614e-05
1.45265e-01  2.71776e-05
1.44939e-01  2.75288e-05
1.44729e-01  2.77664e-05
1.44630e-01  2.79077e-05
1.44318e-01  2.82303e-05
1.44101e-01  2.84799e-05
1.43947e-01  2.86574e-05
1.43909e-01  2.87019e-05
1.43845e-01  2.87749e-05
1.43297e-01  2.94273e-05
1.43094e-01  2.96690e-05
1.42760e-01  3.00804e-05
1.42658e-01  3.02178e-05
1.42481e-01  3.04250e-05
1.42285e-01  3.06702e-05
1.42001e-01  3.10296e-05
1.41682e-01  3.14404e-05
1.41479e-01  3.17036e-05
1.41381e-01  3.18632e-05
1.41147e-01  3.21416e-05
1.41078e-01  3.22332e-05
1.40871e-01  3.25098e-05
1.40730e-01  3.27192e-05
1.40678e-01  3.27717e-05
1.40613e-01  3.28686e-05
1.40080e-01  3.35982e-05
1.39882e-01  3.38768e-05
1.39552e-01  3.43510e-05
1.39453e-01  3.45008e-05
1.39090e-01  3.50186e-05
1.38819e-01  3.54276e-05
1.38499e-01  3.58994e-05
1.38302e-01  3.61985e-05
1.37714e-01  3.71104e-05
1.37568e-01  3.73567e-05
1.37536e-01  3.74341e-05
1.37454e-01  3.75273e-05
1.36967e-01  3.83602e-05
1.36756e-01  3.86954e-05
1.36417e-01  3.92198e-05
1.36320e-01  3.93908e-05
1.36175e-01  3.96363e-05
1.35982e-01  3.99991e-05
1.35901e-01  4.00987e-05
1.35700e-01  4.04490e-05
1.35596e-01  4.06674e-05
1.35420e-01  4.09887e-05
1.35388e-01  4.10057e-05
1.35212e-01  4.13468e-05
1.35100e-01  4.15356e-05
1.34876e-01  4.19115e-05
1.34828e-01  4.20376e-05
1.34637e-01  4.23522e-05
1.34477e-01  4.26515e-05
1.34446e-01  4.27399e-05
1.34366e-01  4.28551e-05
1.34064e-01  4.34539e-05
1.33890e-01  4.37973e-05
1.33684e-01  4.41799e-05
1.33352e-01  4.48065e-05
1.33273e-01  4.49739e-05
1.33124e-01  4.52448e-05
1.32927e-01  4.56685e-05
1.32656e-01  4.61821e-05
1.32346e-01  4.68177e-05
1.32174e-01  4.72072e-05
1.32064e-01  4.74227e-05
1.31799e-01  4.79958e-05
1.31624e-01  4.83400e-05
1.31464e-01  4.86967e-05
1.31425e-01  4.87977e-05
1.31347e-01  4.89381e-05
1.30882e-01  5.00049e-05
1.30681e-01  5.04418e-05
1.30356e-01  5.11572e-05
1.30279e-01  5.13483e-05
1.29940e-01  5.21413e-05
1.29710e-01  5.27278e-05
1.29373e-01  5.34728e-05
1.29204e-01  5.38981e-05
1.29097e-01  5.41443e-05
1.28685e-01  5.51630e-05
1.28514e-01  5.55988e-05
1.28472e-01  5.57141e-05
1.28396e-01  5.58990e-05
1.28108e-01  5.66449e-05
1.27941e-01  5.70925e-05
1.27745e-01  5.75912e-05
1.27428e-01  5.84262e-05
1.27382e-01  5.85534e-05
1.27360e-01  5.86262e-05
1.27243e-01  5.89245e-05
1.27021e-01  5.95316e-05
1.26796e-01  6.02012e-05
1.26466e-01  6.10803e-05
1.26309e-01  6.15502e-05
1.26212e-01  6.18185e-05
1.25512e-01  6.32954e-05
1.25467e-01  6.34004e-05
1.25386e-01  6.34792e-05
1.24565e-01  6.47405e-05
1.24432e-01  6.49420e-05
1.24300e-01  6.51845e-05
1.23625e-01  6.62170e-05
1.23419e-01  6.65469e-05
1.23187e-01  6.69357e-05
1.22692e-01  6.77446e-05
1.22416e-01  6.81950e-05
1.22098e-01  6.87339e-05
1.21766e-01  6.92913e-05
1.21419e-01  6.98786e-05
1.21012e-01  7.05804e-05
1.20847e-01  7.08697e-05
1.20433e-01  7.16111e-05
1.19964e-01  7.24765e-05
1.19950e-01  7.25065e-05
1.19935e-01  7.25065e-05
1.19893e-01  7.25666e-05
1.19450e-01  7.33751e-05
1.19411e-01  7.34436e-05
1.19030e-01  7.41466e-05
1.18967e-01  7.42849e-05
1.18890e-01  7.44235e-05
1.18580e-01  7.50116e-05
1.18482e-01  7.51982e-05
1.18355e-01  7.54166e-05
1.18132e-01  7.58473e-05
1.18007e-01  7.61385e-05
1.17839e-01  7.64229e-05
1.17686e-01  7.67083e-05
1.17515e-01  7.70507e-05
1.17241e-01  7.76032e-05
1.17033e-01  7.79899e-05
1.16791e-01  7.84760e-05
1.16563e-01  7.89651e-05
1.16356e-01  7.93585e-05
1.16080e-01  7.99173e-05
1.15779e-01  8.05842e-05
1.15608e-01  8.09019e-05
1.15478e-01  8.11704e-05
1.15246e-01  8.16594e-05
1.15137e-01  8.18965e-05
1.15042e-01  8.21003e-05
1.14743e-01  8.27490e-05
1.14675e-01  8.29206e-05
1.14607e-01  8.30232e-05
1.14226e-01  8.38532e-05
1.14199e-01  8.39183e-05
1.14174e-01  8.39748e-05
1.13863e-01  8.46559e-05
1.13742e-01  8.49369e-05
1.13735e-01  8.49544e-05
1.13729e-01  8.49720e-05
1.13272e-01  8.59989e-05
1.12884e-01  8.68761e-05
1.12817e-01  8.70743e-05
1.12717e-01  8.72548e-05
1.12347e-01  8.81174e-05
1.12032e-01  8.88550e-05
1.11893e-01  8.92100e-05
1.11741e-01  8.95988e-05
1.11437e-01  9.03068e-05
1.11187e-01  9.09073e-05
1.10989e-01  9.14360e-05
1.10740e-01  9.20059e-05
1.10524e-01  9.25218e-05
1.10348e-01  9.29636e-05
1.10074e-01  9.36593e-05
1.09931e-01  9.40481e-05
1.09762e-01  9.44776e-05
1.09632e-01  9.48304e-05
1.09515e-01  9.50959e-05
1.09282e-01  9.57382e-05
1.09177e-01  9.59715e-05
1.09101e-01  9.61754e-05
1.08785e-01  9.70157e-05
1.08734e-01  9.71564e-05
1.08689e-01  9.72974e-05
1.08303e-01  9.83102e-05
1.08291e-01  9.83509e-05
1.08153e-01  9.87080e-05
1.07869e-01  9.94982e-05
1.07856e-01  9.95807e-05
1.07843e-01  9.96219e-05
1.07461e-01  1.00615e-04
1.07407e-01  1.00774e-04
1.07055e-01  1.01770e-04
1.06877e-01  1.02298e-04
1.06536e-01  1.03277e-04
1.06247e-01  1.04072e-04
1.05920e-01  1.05046e-04
1.05664e-01  1.05811e-04
1.05445e-01  1.06437e-04
1.04972e-01  1.07868e-04
1.04797e-01  1.08400e-04
1.04649e-01  1.08853e-04
1.04044e-01  1.10766e-04
1.03946e-01  1.11088e-04
1.03860e-01  1.11364e-04
1.03590e-01  1.12244e-04
1.03516e-01  1.12429e-04
1.03467e-01  1.12594e-04
1.03113e-01  1.13742e-04
1.03094e-01  1.13813e-04
1.03076e-01  1.13883e-04
1.02893e-01  1.14546e-04
1.02869e-01  1.14546e-04
1.02686e-01  1.15152e-04
1.02674e-01  1.15212e-04
1.02662e-01  1.15260e-04
1.02298e-01  1.16459e-04
1.02262e-01  1.16653e-04
1.02195e-01  1.16798e-04
1.02044e-01  1.17331e-04
1.01912e-01  1.17763e-04
1.01833e-01  1.18038e-04
1.01743e-01  1.18356e-04
1.01635e-01  1.18798e-04
1.01526e-01  1.19094e-04
1.01418e-01  1.19489e-04
1.01286e-01  1.19935e-04
1.01209e-01  1.20209e-04
1.01143e-01  1.20483e-04
1.01011e-01  1.20983e-04
1.00844e-01  1.21536e-04
1.00760e-01  1.21813e-04
1.00588e-01  1.22420e-04
1.00403e-01  1.23157e-04
1.00000e-01  1.24568e-04
1.00000e-01  1.26466e-04
1.00000e-01  1.33352e-04
1.00000e-01  1.48270e-04
