# SHiP BC4 dark-scalar sensitivity
# PUBLISHED SOURCE (cite this): arXiv:2310.17726 (PBC, Post-LS3 Options in
# ECN3), Fig 9-PhysicsPotential/BC4.pdf, red SHiP curve.
# Traced from the identical, cleaner two-colour rendering in
# arXiv:2504.06692 figs/BC4.pdf (SHiP source figure, commented out of the
# published PDF); verified to overlay the 2310.17726 SHiP contour.
# Date: 2026-07-11
# Source y axis is theta^2 (= sin^2 theta at these mixings).
# Clipped to the figure frame m_S in [0.1, 5.5] GeV.
# Format: chains separated by blank line; each row "mass_GeV  sin2theta"
# chain: 627 vertices
4.999813e+00  7.460189e-12
4.999813e+00  6.228467e-12
4.955347e+00  5.912360e-12
4.915243e+00  5.654273e-12
4.890083e+00  5.501114e-12
4.863474e+00  5.352474e-12
4.822228e+00  5.137028e-12
4.797702e+00  4.922551e-12
4.792240e+00  4.613421e-12
4.791323e+00  4.566199e-12
4.785270e+00  4.285522e-12
4.780734e+00  4.065716e-12
4.777316e+00  3.917320e-12
4.772352e+00  3.730931e-12
4.768780e+00  3.583803e-12
4.762439e+00  3.357792e-12
4.758598e+00  3.247884e-12
4.756579e+00  3.161023e-12
4.746858e+00  2.875934e-12
4.744213e+00  2.826772e-12
4.743779e+00  2.788717e-12
4.737469e+00  2.637622e-12
4.730855e+00  2.467779e-12
4.730697e+00  2.461657e-12
4.729909e+00  2.460958e-12
4.730541e+00  2.460260e-12
4.717181e+00  2.174187e-12
4.715651e+00  2.142485e-12
4.713650e+00  2.103618e-12
4.703546e+00  1.920288e-12
4.700340e+00  1.865225e-12
4.696238e+00  1.797780e-12
4.689679e+00  1.696521e-12
4.684651e+00  1.623845e-12
4.678265e+00  1.535429e-12
4.675658e+00  1.499253e-12
4.669012e+00  1.413703e-12
4.661408e+00  1.325300e-12
4.660206e+00  1.310619e-12
4.652809e+00  1.230755e-12
4.647044e+00  1.171781e-12
4.601965e+00  1.084025e-12
4.600627e+00  1.072929e-12
4.600472e+00  1.071482e-12
4.600627e+00  1.069964e-12
4.600015e+00  9.346109e-13
4.600015e+00  9.307068e-13
4.599746e+00  8.138933e-13
4.598980e+00  8.120483e-13
4.497340e+00  7.931411e-13
4.476477e+00  7.951136e-13
4.459346e+00  7.964681e-13
4.362060e+00  8.048773e-13
4.354411e+00  8.055626e-13
4.348186e+00  8.062485e-13
4.296381e+00  8.120483e-13
4.294702e+00  8.127397e-13
4.254952e+00  8.305209e-13
4.235777e+00  8.395278e-13
4.183678e+00  8.638213e-13
4.175265e+00  8.679371e-13
4.120275e+00  8.947659e-13
4.096935e+00  9.065245e-13
4.047047e+00  9.327568e-13
4.019906e+00  9.468275e-13
4.007920e+00  9.534342e-13
3.972014e+00  1.024129e-12
3.952833e+00  1.071482e-12
3.934137e+00  1.120948e-12
3.898631e+00  1.221187e-12
3.896589e+00  1.227353e-12
3.896233e+00  1.230755e-12
3.891406e+00  1.242339e-12
3.858789e+00  1.342623e-12
3.845173e+00  1.386876e-12
3.837663e+00  1.413703e-12
3.821388e+00  1.468821e-12
3.792447e+00  1.570694e-12
3.782587e+00  1.602782e-12
3.776928e+00  1.623845e-12
3.748199e+00  1.722113e-12
3.742124e+00  1.744744e-12
3.710635e+00  1.865225e-12
3.701972e+00  1.898609e-12
3.689001e+00  1.931495e-12
3.661307e+00  1.999123e-12
3.648966e+00  2.028129e-12
3.638418e+00  2.054639e-12
3.604772e+00  2.142485e-12
3.595999e+00  2.165255e-12
3.588409e+00  2.184547e-12
3.543563e+00  2.310998e-12
3.496340e+00  2.441303e-12
3.490674e+00  2.441996e-12
3.485220e+00  2.441996e-12
3.400124e+00  2.444768e-12
3.390945e+00  2.444768e-12
3.306527e+00  2.448069e-12
3.302872e+00  2.448763e-12
3.299549e+00  2.448763e-12
3.215534e+00  2.451544e-12
3.210403e+00  2.451544e-12
3.187971e+00  2.460958e-12
3.135979e+00  2.503584e-12
3.125303e+00  2.511947e-12
3.109202e+00  2.525890e-12
3.064962e+00  2.563993e-12
3.040080e+00  2.584815e-12
3.002962e+00  2.617859e-12
2.995752e+00  2.625859e-12
2.957256e+00  2.678170e-12
2.932664e+00  2.711639e-12
2.887379e+00  2.774897e-12
2.876616e+00  2.790299e-12
2.870641e+00  2.798032e-12
2.850014e+00  2.826772e-12
2.809555e+00  2.885341e-12
2.798175e+00  2.900733e-12
2.778161e+00  2.930528e-12
2.749496e+00  2.973892e-12
2.721963e+00  3.016185e-12
2.690921e+00  3.066030e-12
2.673387e+00  3.094224e-12
2.647718e+00  3.136449e-12
2.633310e+00  3.160127e-12
2.581974e+00  3.247884e-12
2.575518e+00  3.258734e-12
2.573099e+00  3.263359e-12
2.521615e+00  3.354935e-12
2.505371e+00  3.384826e-12
2.479540e+00  3.420800e-12
2.465084e+00  3.439787e-12
2.437053e+00  3.476105e-12
2.433792e+00  3.481039e-12
2.408399e+00  3.516040e-12
2.396769e+00  3.530544e-12
2.370579e+00  3.564021e-12
2.352097e+00  3.586854e-12
2.318553e+00  3.629870e-12
2.306013e+00  3.645877e-12
2.296883e+00  3.657019e-12
2.245390e+00  3.711132e-12
2.243132e+00  3.713238e-12
2.241304e+00  3.715346e-12
2.226570e+00  3.730931e-12
2.212374e+00  3.746321e-12
2.187071e+00  3.774603e-12
2.181965e+00  3.778627e-12
2.175514e+00  3.786138e-12
2.133936e+00  3.832365e-12
2.122519e+00  3.846257e-12
2.107742e+00  3.863487e-12
2.081349e+00  3.884931e-12
2.064641e+00  3.895698e-12
2.045412e+00  3.909820e-12
2.028335e+00  3.920656e-12
2.008341e+00  3.934869e-12
1.984530e+00  3.960927e-12
1.978547e+00  3.975286e-12
1.953577e+00  4.038689e-12
1.935254e+00  4.087123e-12
1.912929e+00  4.145248e-12
1.900353e+00  4.180993e-12
1.892530e+00  4.197341e-12
1.855327e+00  4.285522e-12
1.848534e+00  4.300759e-12
1.846797e+00  4.305642e-12
1.807784e+00  4.401090e-12
1.798127e+00  4.424262e-12
1.784910e+00  4.447557e-12
1.764848e+00  4.482404e-12
1.749153e+00  4.509529e-12
1.728529e+00  4.547441e-12
1.722645e+00  4.558750e-12
1.701442e+00  4.596757e-12
1.681283e+00  4.636396e-12
1.673971e+00  4.649245e-12
1.655046e+00  4.686677e-12
1.640914e+00  4.715364e-12
1.621041e+00  4.756026e-12
1.609969e+00  4.777331e-12
1.601568e+00  4.796010e-12
1.569889e+00  4.862837e-12
1.566067e+00  4.870784e-12
1.563166e+00  4.876314e-12
1.542385e+00  4.922551e-12
1.525633e+00  4.959369e-12
1.523351e+00  4.965000e-12
1.520338e+00  4.971702e-12
1.489002e+00  5.042757e-12
1.481860e+00  5.056732e-12
1.472694e+00  5.077592e-12
1.452923e+00  5.121378e-12
1.441452e+00  5.147239e-12
1.426816e+00  5.180215e-12
1.417672e+00  5.201584e-12
1.402146e+00  5.237879e-12
1.383322e+00  5.283047e-12
1.382333e+00  5.286045e-12
1.363946e+00  5.331628e-12
1.349839e+00  5.367308e-12
1.339315e+00  5.392507e-12
1.326753e+00  5.425515e-12
1.317132e+00  5.450988e-12
1.298013e+00  5.493697e-12
1.290574e+00  5.484354e-12
1.282336e+00  5.475407e-12
1.264468e+00  5.454082e-12
1.255424e+00  5.443639e-12
1.245388e+00  5.431675e-12
1.231780e+00  5.415127e-12
1.221181e+00  5.401319e-12
1.209455e+00  5.387920e-12
1.199906e+00  5.376079e-12
1.187881e+00  5.361221e-12
1.174607e+00  5.343371e-12
1.168857e+00  5.337312e-12
1.155527e+00  5.319911e-12
1.140716e+00  5.300695e-12
1.138678e+00  5.297688e-12
1.124018e+00  5.278553e-12
1.109251e+00  5.259486e-12
1.107803e+00  5.256867e-12
1.093359e+00  5.101785e-12
1.089319e+00  5.014922e-12
1.084979e+00  4.922551e-12
1.073784e+00  4.691998e-12
1.063544e+00  4.487182e-12
1.058479e+00  4.390172e-12
1.053096e+00  4.285522e-12
1.044677e+00  4.081330e-12
1.041528e+00  3.998484e-12
1.034577e+00  3.817703e-12
1.032557e+00  3.767115e-12
1.031116e+00  3.730931e-12
1.021980e+00  3.508070e-12
1.020620e+00  3.476105e-12
1.007346e+00  3.247884e-12
1.006852e+00  3.239827e-12
1.006366e+00  3.230873e-12
9.932357e-01  3.019609e-12
9.895004e-01  2.983826e-12
9.800646e-01  3.229040e-12
9.795592e-01  3.247884e-12
9.792335e-01  3.252494e-12
9.789159e-01  3.259658e-12
9.690488e-01  3.545354e-12
9.632069e-01  3.730931e-12
9.589941e-01  3.865680e-12
9.522540e-01  4.096125e-12
9.488544e-01  4.208973e-12
9.463008e-01  4.285522e-12
9.375186e-01  4.552288e-12
9.262874e-01  4.918364e-12
9.261950e-01  4.922551e-12
9.257715e-01  4.936193e-12
9.150995e-01  5.319911e-12
9.066973e-01  5.654273e-12
9.041369e-01  5.752210e-12
9.010289e-01  5.881393e-12
8.913315e-01  6.151166e-12
8.790217e-01  6.494763e-12
8.775972e-01  6.536372e-12
8.764812e-01  6.568924e-12
8.675889e-01  6.836661e-12
8.640675e-01  6.945220e-12
8.525808e-01  7.319132e-12
8.507250e-01  7.380153e-12
8.479980e-01  7.460189e-12
8.362589e-01  7.776941e-12
8.293322e-01  7.975895e-12
8.287943e-01  7.995731e-12
8.219841e-01  8.195063e-12
8.179603e-01  8.316326e-12
8.098436e-01  8.569123e-12
8.079196e-01  8.633813e-12
8.067443e-01  8.669429e-12
8.020611e-01  8.822093e-12
7.933825e-01  9.055488e-12
7.847392e-01  9.271356e-12
7.782393e-01  9.442653e-12
7.635120e-01  9.842896e-12
7.633405e-01  9.845689e-12
7.632644e-01  9.848483e-12
7.488017e-01  1.026664e-11
7.425500e-01  1.045632e-11
7.345338e-01  1.070862e-11
7.269366e-01  1.095147e-11
7.223018e-01  1.110483e-11
7.204958e-01  1.116647e-11
7.163190e-01  1.130680e-11
7.067260e-01  1.164389e-11
7.026000e-01  1.179274e-11
6.933059e-01  1.209100e-11
6.928102e-01  1.210473e-11
6.834638e-01  1.239946e-11
6.787956e-01  1.254816e-11
6.656457e-01  1.299120e-11
6.650424e-01  1.300874e-11
6.648267e-01  1.301981e-11
6.643514e-01  1.303369e-11
6.515896e-01  1.349005e-11
6.466979e-01  1.367026e-11
6.400091e-01  1.392283e-11
6.384089e-01  1.398520e-11
6.366696e-01  1.405086e-11
6.290792e-01  1.435012e-11
6.254740e-01  1.449752e-11
6.204326e-01  1.470471e-11
6.153345e-01  1.492230e-11
6.128215e-01  1.502965e-11
6.119251e-01  1.506703e-11
6.101006e-01  1.514741e-11
6.004051e-01  1.558131e-11
5.952388e-01  1.581635e-11
5.882402e-01  1.615322e-11
5.846793e-01  1.631913e-11
5.790268e-01  1.660295e-11
5.687313e-01  1.714046e-11
5.646260e-01  1.735586e-11
5.632330e-01  1.742745e-11
5.603499e-01  1.758272e-11
5.532045e-01  1.799165e-11
5.478744e-01  1.829417e-11
5.466318e-01  1.836964e-11
5.419779e-01  1.864674e-11
5.370195e-01  1.894952e-11
5.329347e-01  1.920266e-11
5.309834e-01  1.932569e-11
5.256270e-01  1.967716e-11
5.255047e-01  1.968833e-11
5.202382e-01  2.003503e-11
5.184196e-01  2.015767e-11
5.146775e-01  2.041678e-11
5.096848e-01  2.077041e-11
5.042790e-01  2.116617e-11
4.993746e-01  2.153279e-11
4.930518e-01  2.203984e-11
4.905280e-01  2.224882e-11
4.893666e-01  2.234694e-11
4.862587e-01  2.261494e-11
4.795911e-01  2.319349e-11
4.771679e-01  2.341843e-11
4.719577e-01  2.389174e-11
4.699990e-01  2.407726e-11
4.683367e-01  2.423839e-11
4.641562e-01  2.464423e-11
4.605951e-01  2.499471e-11
4.517623e-01  2.590479e-11
4.514957e-01  2.593420e-11
4.513793e-01  2.594156e-11
4.510565e-01  2.597658e-11
4.453047e-01  2.664113e-11
4.425061e-01  2.697405e-11
4.391987e-01  2.737509e-11
4.337965e-01  2.804163e-11
4.317303e-01  2.830752e-11
4.272224e-01  2.891043e-11
4.252831e-01  2.916800e-11
4.204051e-01  2.983792e-11
4.155726e-01  3.052533e-11
4.124906e-01  3.097702e-11
4.087407e-01  3.154040e-11
4.042507e-01  3.222821e-11
4.007089e-01  3.279573e-11
3.935873e-01  3.412275e-11
3.932274e-01  3.418821e-11
3.928057e-01  3.427323e-11
3.856352e-01  3.571065e-11
3.825047e-01  3.636012e-11
3.783407e-01  3.726657e-11
3.744743e-01  3.812248e-11
3.720867e-01  3.867829e-11
3.711563e-01  3.888194e-11
3.691245e-01  3.937057e-11
3.641205e-01  4.057604e-11
3.619374e-01  4.113260e-11
3.572300e-01  4.235889e-11
3.563160e-01  4.258192e-11
3.520680e-01  4.374264e-11
3.504581e-01  4.419501e-11
3.476796e-01  4.522288e-11
3.444301e-01  4.653150e-11
3.424790e-01  4.735090e-11
3.385620e-01  4.903323e-11
3.345924e-01  5.081857e-11
3.331401e-01  5.150101e-11
3.327718e-01  5.167305e-11
3.322104e-01  5.194512e-11
3.270996e-01  5.445121e-11
3.247196e-01  5.568602e-11
3.240532e-01  5.602688e-11
3.215268e-01  5.737874e-11
3.196098e-01  5.842229e-11
3.173951e-01  5.968353e-11
3.160384e-01  6.045071e-11
3.152272e-01  6.093741e-11
3.119357e-01  6.289237e-11
3.106411e-01  6.370080e-11
3.066314e-01  6.627373e-11
3.053386e-01  6.710658e-11
3.032733e-01  6.855530e-11
3.001365e-01  7.071942e-11
2.982701e-01  7.319048e-11
2.962402e-01  7.608721e-11
2.944935e-01  7.874583e-11
2.924164e-01  8.188565e-11
2.901439e-01  8.557472e-11
2.888845e-01  8.849564e-11
2.886132e-01  9.045115e-11
2.882005e-01  9.353852e-11
2.874704e-01  9.919902e-11
2.869663e-01  1.038963e-10
2.861560e-01  1.104341e-10
2.860822e-01  1.111968e-10
2.860275e-01  1.116001e-10
2.852292e-01  1.193487e-10
2.846912e-01  1.246547e-10
2.838778e-01  1.331490e-10
2.835474e-01  1.370895e-10
2.832976e-01  1.396918e-10
2.822322e-01  1.526051e-10
2.819201e-01  1.565983e-10
2.818568e-01  1.574673e-10
2.817560e-01  1.588252e-10
2.805494e-01  1.755383e-10
2.802322e-01  1.808743e-10
2.771262e-01  1.896006e-10
2.745361e-01  1.954194e-10
2.724842e-01  2.001347e-10
2.693677e-01  2.077607e-10
2.670499e-01  2.143649e-10
2.637718e-01  2.243406e-10
2.610110e-01  2.330211e-10
2.597743e-01  2.373264e-10
2.596231e-01  2.379841e-10
2.594203e-01  2.387114e-10
2.557886e-01  2.537144e-10
2.526907e-01  2.673740e-10
2.520106e-01  2.705037e-10
2.512258e-01  2.741951e-10
2.484827e-01  2.895113e-10
2.458002e-01  3.067700e-10
2.451856e-01  3.109781e-10
2.446295e-01  3.149533e-10
2.419503e-01  3.342024e-10
2.391056e-01  3.589826e-10
2.389564e-01  3.606676e-10
2.388710e-01  3.617698e-10
2.383451e-01  3.675401e-10
2.363158e-01  3.918338e-10
2.344501e-01  4.155754e-10
2.337063e-01  4.256931e-10
2.325835e-01  4.409427e-10
2.311238e-01  4.624783e-10
2.301339e-01  4.773489e-10
2.289921e-01  5.070630e-10
2.284727e-01  5.220315e-10
2.276060e-01  5.483053e-10
2.272144e-01  5.602617e-10
2.262414e-01  5.917258e-10
2.254562e-01  6.189105e-10
2.251488e-01  6.298092e-10
2.244402e-01  6.556189e-10
2.237059e-01  6.836505e-10
2.227330e-01  7.234283e-10
2.219748e-01  7.553759e-10
2.204733e-01  8.236257e-10
2.203377e-01  8.309637e-10
2.202589e-01  8.344493e-10
2.200794e-01  8.427804e-10
2.192372e-01  9.364364e-10
2.190804e-01  9.544838e-10
2.188600e-01  9.816149e-10
2.183128e-01  1.053203e-09
2.180442e-01  1.096675e-09
2.175479e-01  1.162133e-09
2.170544e-01  1.238597e-09
2.169408e-01  1.259692e-09
2.164901e-01  1.332609e-09
2.162579e-01  1.375457e-09
2.158859e-01  1.447045e-09
2.155988e-01  1.499307e-09
2.150186e-01  1.625633e-09
2.150544e-01  1.662142e-09
2.150186e-01  1.698870e-09
2.150186e-01  1.867808e-09
2.150544e-01  1.909214e-09
2.150186e-01  1.951400e-09
2.150043e-01  2.146061e-09
2.150043e-01  2.240994e-09
2.149972e-01  2.465765e-09
2.149972e-01  2.574108e-09
2.149900e-01  2.832291e-09
2.149900e-01  3.323535e-09
2.149775e-01  3.394325e-09
2.149775e-01  3.739016e-09
2.149828e-01  3.817568e-09
2.149775e-01  3.898876e-09
2.149775e-01  4.295116e-09
2.149828e-01  4.386282e-09
2.149703e-01  4.478432e-09
2.149703e-01  4.933566e-09
2.149828e-01  5.038649e-09
2.149703e-01  5.144505e-09
2.149560e-01  5.670141e-09
2.149560e-01  5.907537e-09
2.149489e-01  6.512990e-09
2.149560e-01  6.647934e-09
2.149489e-01  6.785674e-09
2.149489e-01  7.483248e-09
2.149560e-01  7.636128e-09
2.149489e-01  7.792132e-09
2.140782e-01  8.298339e-09
2.121108e-01  8.374647e-09
2.120279e-01  8.771215e-09
2.119327e-01  9.225096e-09
2.118710e-01  9.563702e-09
2.117741e-01  1.007503e-08
2.116773e-01  1.066124e-08
2.116368e-01  1.092778e-08
2.115470e-01  1.157264e-08
2.114239e-01  1.232096e-08
2.114028e-01  1.248287e-08
2.112991e-01  1.329287e-08
2.111761e-01  1.423500e-08
2.111761e-01  1.425927e-08
2.110461e-01  1.526991e-08
2.109286e-01  1.628846e-08
2.109233e-01  1.645108e-08
2.108198e-01  1.754471e-08
2.107041e-01  1.860641e-08
2.106621e-01  1.901754e-08
2.105728e-01  2.015265e-08
2.104712e-01  2.125423e-08
2.104099e-01  2.197349e-08
2.103207e-01  2.314828e-08
2.102385e-01  2.428573e-08
2.101563e-01  2.539427e-08
2.100951e-01  2.658920e-08
2.097198e-01  2.754952e-08
2.082388e-01  2.781864e-08
2.056313e-01  2.832461e-08
2.052435e-01  2.840307e-08
2.025672e-01  2.892788e-08
2.008643e-01  2.927270e-08
1.980969e-01  2.973118e-08
1.970435e-01  2.988769e-08
1.963335e-01  2.998753e-08
1.927063e-01  3.054161e-08
1.916704e-01  3.070238e-08
1.914267e-01  3.073727e-08
1.874515e-01  3.137412e-08
1.864485e-01  3.153931e-08
1.849703e-01  3.178646e-08
1.831653e-01  3.209467e-08
1.813644e-01  3.239903e-08
1.794542e-01  3.273408e-08
1.789712e-01  3.281549e-08
1.787317e-01  3.286912e-08
1.764188e-01  3.328218e-08
1.748717e-01  3.356918e-08
1.727093e-01  3.398140e-08
1.716139e-01  3.418940e-08
1.708789e-01  3.434014e-08
1.671287e-01  3.508152e-08
1.669661e-01  3.511139e-08
1.669328e-01  3.513132e-08
1.668842e-01  3.513132e-08
1.631484e-01  3.591781e-08
1.623808e-01  3.607871e-08
1.612556e-01  3.632790e-08
1.594113e-01  3.673487e-08
1.579582e-01  3.706216e-08
1.558221e-01  3.755726e-08
1.557663e-01  3.757858e-08
1.536509e-01  3.808326e-08
1.522047e-01  3.843071e-08
1.505666e-01  3.883920e-08
1.494598e-01  3.911025e-08
1.487195e-01  3.930498e-08
1.454883e-01  4.015355e-08
1.453843e-01  4.018487e-08
1.453190e-01  4.019631e-08
1.449460e-01  4.029623e-08
1.419951e-01  4.112241e-08
1.414246e-01  4.128029e-08
1.405860e-01  4.150937e-08
1.387437e-01  4.205491e-08
1.375681e-01  4.239350e-08
1.358489e-01  4.292625e-08
1.355712e-01  4.300855e-08
1.338158e-01  4.356144e-08
1.324670e-01  4.398697e-08
1.312627e-01  4.439146e-08
1.301711e-01  4.474886e-08
1.294337e-01  4.499723e-08
1.268440e-01  4.588068e-08
1.266216e-01  4.596865e-08
1.264689e-01  4.601760e-08
1.256950e-01  4.628945e-08
1.248853e-01  4.658268e-08
1.235813e-01  4.706446e-08
1.231688e-01  4.720829e-08
1.225658e-01  4.744339e-08
1.207556e-01  4.814541e-08
1.198131e-01  4.850887e-08
1.184399e-01  4.904886e-08
1.179866e-01  4.922667e-08
1.165460e-01  4.981702e-08
1.152888e-01  5.035728e-08
1.144452e-01  5.070865e-08
1.133680e-01  5.118587e-08
1.126480e-01  5.149918e-08
1.105926e-01  5.242093e-08
1.102803e-01  5.256621e-08
1.100723e-01  5.267075e-08
1.089945e-01  5.317023e-08
1.075518e-01  5.386518e-08
1.072722e-01  5.399908e-08
1.068626e-01  5.421027e-08
1.050891e-01  5.509057e-08
1.043471e-01  5.548681e-08
1.032609e-01  5.604473e-08
1.026888e-01  5.635580e-08
1.015050e-01  5.698313e-08
1.003341e-01  5.763373e-08

# chain: 588 vertices
2.329398e-01  1.000036e-03
2.331142e-01  9.887457e-04
2.343818e-01  9.048213e-04
2.349537e-01  8.706206e-04
2.359878e-01  8.152522e-04
2.361783e-01  8.060486e-04
2.372020e-01  7.579534e-04
2.377175e-01  7.361673e-04
2.391056e-01  6.816158e-04
2.395395e-01  6.658873e-04
2.396730e-01  6.598197e-04
2.401020e-01  6.462887e-04
2.413755e-01  6.023166e-04
2.422725e-01  5.744323e-04
2.424297e-01  5.698445e-04
2.432822e-01  5.454339e-04
2.445888e-01  5.125980e-04
2.451142e-01  5.000948e-04
2.453284e-01  4.952919e-04
2.458002e-01  4.849628e-04
2.474906e-01  4.505900e-04
2.483133e-01  4.353774e-04
2.497778e-01  4.107671e-04
2.508750e-01  3.929477e-04
2.517655e-01  3.789275e-04
2.520756e-01  3.743309e-04
2.526907e-01  3.657189e-04
2.544877e-01  3.418050e-04
2.554888e-01  3.298904e-04
2.562038e-01  3.218439e-04
2.570469e-01  3.128816e-04
2.595886e-01  2.882405e-04
2.596901e-01  2.871993e-04
2.597247e-01  2.869548e-04
2.597743e-01  2.864869e-04
2.624390e-01  2.631765e-04
2.640988e-01  2.500328e-04
2.652767e-01  2.417799e-04
2.670499e-01  2.299494e-04
2.682498e-01  2.226121e-04
2.690788e-01  2.176759e-04
2.713082e-01  2.051384e-04
2.741071e-01  1.909779e-04
2.744197e-01  1.894930e-04
2.744653e-01  1.892377e-04
2.745361e-01  1.889157e-04
2.777655e-01  1.749166e-04
2.799852e-01  1.649707e-04
2.800505e-01  1.586562e-04
2.800854e-01  1.492213e-04
2.801040e-01  1.436218e-04
2.801227e-01  1.383108e-04
2.801506e-01  1.297355e-04
2.801856e-01  1.250356e-04
2.802042e-01  1.205745e-04
2.802322e-01  1.127862e-04
2.802322e-01  1.088547e-04
2.802672e-01  1.050901e-04
2.820303e-01  9.508442e-05
2.820491e-01  9.474092e-05
2.820679e-01  9.447911e-05
2.822322e-01  9.130880e-05
2.826903e-01  8.316811e-05
2.827373e-01  8.248048e-05
2.827843e-01  8.168253e-05
2.833730e-01  7.329445e-05
2.834814e-01  7.180667e-05
2.836394e-01  7.003532e-05
2.841093e-01  6.462505e-05
2.843220e-01  6.251414e-05
2.845989e-01  5.995095e-05
2.849328e-01  5.707821e-05
2.852292e-01  5.442033e-05
2.856827e-01  5.120224e-05
2.857944e-01  5.045564e-05
2.861560e-01  4.809247e-05
2.862226e-01  4.737777e-05
2.867325e-01  4.464895e-05
2.869210e-01  4.362175e-05
2.873293e-01  4.124659e-05
2.877239e-01  3.954419e-05
2.883036e-01  3.707138e-05
2.885748e-01  3.590887e-05
2.888004e-01  3.508274e-05
2.901439e-01  3.247152e-05
2.907213e-01  3.157624e-05
2.909559e-01  3.126189e-05
2.914403e-01  3.056869e-05
2.929764e-01  2.857593e-05
2.941117e-01  2.721629e-05
2.953668e-01  2.591214e-05
2.972918e-01  2.408410e-05
2.976877e-01  2.369422e-05
2.979007e-01  2.354337e-05
2.982701e-01  2.323139e-05
3.005737e-01  2.143827e-05
3.017686e-01  2.062209e-05
3.024269e-01  2.020779e-05
3.034499e-01  1.957410e-05
3.061727e-01  1.808765e-05
3.064326e-01  1.795338e-05
3.065014e-01  1.791774e-05
3.066314e-01  1.785809e-05
3.097356e-01  1.643767e-05
3.117334e-01  1.562892e-05
3.131341e-01  1.511842e-05
3.152272e-01  1.440215e-05
3.166963e-01  1.393073e-05
3.177464e-01  1.360638e-05
3.204429e-01  1.286188e-05
3.240532e-01  1.196469e-05
3.243498e-01  1.189865e-05
3.245495e-01  1.184558e-05
3.268657e-01  1.134458e-05
3.284109e-01  1.102475e-05
3.322104e-01  1.031264e-05
3.326417e-01  1.023608e-05
3.331401e-01  1.014785e-05
3.370252e-01  9.515977e-06
3.407373e-01  8.978073e-06
3.415999e-01  8.861613e-06
3.424790e-01  8.747284e-06
3.463289e-01  8.266308e-06
3.501755e-01  7.816221e-06
3.510533e-01  7.702250e-06
3.520680e-01  7.568964e-06
3.554931e-01  7.140610e-06
3.584383e-01  6.804720e-06
3.601207e-01  6.634973e-06
3.619374e-01  6.453873e-06
3.649604e-01  6.175216e-06
3.678433e-01  5.924119e-06
3.699759e-01  5.757107e-06
3.720867e-01  5.599968e-06
3.752069e-01  5.377604e-06
3.785862e-01  5.155647e-06
3.806322e-01  5.031680e-06
3.825047e-01  4.919759e-06
3.862516e-01  4.713019e-06
3.906033e-01  4.488455e-06
3.920550e-01  4.421753e-06
3.932274e-01  4.368421e-06
3.980614e-01  4.154670e-06
4.032432e-01  3.907602e-06
4.037399e-01  3.882728e-06
4.042507e-01  3.858282e-06
4.093939e-01  3.624980e-06
4.149096e-01  3.401920e-06
4.152755e-01  3.389630e-06
4.155726e-01  3.377624e-06
4.211295e-01  3.183083e-06
4.213782e-01  3.174963e-06
4.272224e-01  2.991457e-06
4.276952e-01  2.978114e-06
4.282363e-01  2.961676e-06
4.342188e-01  2.797238e-06
4.391987e-01  2.673804e-06
4.409996e-01  2.631827e-06
4.432834e-01  2.578404e-06
4.479757e-01  2.478833e-06
4.514957e-01  2.399739e-06
4.546044e-01  2.323167e-06
4.580278e-01  2.244733e-06
4.612851e-01  2.176038e-06
4.641562e-01  2.117696e-06
4.682003e-01  2.041123e-06
4.731092e-01  1.954241e-06
4.753418e-01  1.916612e-06
4.771679e-01  1.888129e-06
4.827648e-01  1.803787e-06
4.902099e-01  1.701221e-06
4.904015e-01  1.698930e-06
4.905280e-01  1.697002e-06
4.913733e-01  1.686678e-06
4.983041e-01  1.602440e-06
5.042790e-01  1.518526e-06
5.055598e-01  1.499680e-06
5.069241e-01  1.481066e-06
5.128571e-01  1.403209e-06
5.184196e-01  1.337868e-06
5.204589e-01  1.315089e-06
5.227974e-01  1.289035e-06
5.283139e-01  1.234166e-06
5.329347e-01  1.190808e-06
5.364614e-01  1.160197e-06
5.409420e-01  1.122221e-06
5.448932e-01  1.092132e-06
5.478744e-01  1.069660e-06
5.536003e-01  1.029229e-06
5.616470e-01  9.769941e-07
5.625962e-01  9.716013e-07
5.632330e-01  9.678167e-07
5.667386e-01  9.471627e-07
5.718810e-01  9.181776e-07
5.790268e-01  8.807806e-07
5.851707e-01  8.505609e-07
5.913060e-01  8.227203e-07
5.952388e-01  8.057916e-07
6.012046e-01  7.783656e-07
6.073110e-01  7.404895e-07
6.097252e-01  7.272627e-07
6.119251e-01  7.152868e-07
6.186033e-01  6.806246e-07
6.262236e-01  6.446624e-07
6.277933e-01  6.380639e-07
6.290792e-01  6.327882e-07
6.373107e-01  5.990136e-07
6.424465e-01  5.801876e-07
6.466979e-01  5.649525e-07
6.471984e-01  5.633917e-07
6.478338e-01  5.612370e-07
6.557106e-01  5.355199e-07
6.573707e-01  5.303767e-07
6.595339e-01  5.236456e-07
6.648267e-01  5.086303e-07
6.679195e-01  5.001128e-07
6.721885e-01  4.885721e-07
6.787731e-01  4.719436e-07
6.834638e-01  4.608244e-07
6.899808e-01  4.461202e-07
6.998935e-01  4.253458e-07
7.011172e-01  4.209023e-07
7.026000e-01  4.155607e-07
7.100373e-01  3.903213e-07
7.165514e-01  3.703020e-07
7.193462e-01  3.627854e-07
7.223018e-01  3.546402e-07
7.289952e-01  3.376465e-07
7.356098e-01  3.223811e-07
7.390565e-01  3.148750e-07
7.425500e-01  3.075436e-07
7.494809e-01  2.940353e-07
7.568729e-01  2.805820e-07
7.602737e-01  2.749646e-07
7.633405e-01  2.699765e-07
7.714208e-01  2.575510e-07
7.808521e-01  2.442718e-07
7.830114e-01  2.415826e-07
7.847392e-01  2.393813e-07
7.949282e-01  2.269102e-07
8.040448e-01  2.126605e-07
8.051156e-01  2.105435e-07
8.067443e-01  2.074735e-07
8.142203e-01  1.939070e-07
8.195539e-01  1.851400e-07
8.237706e-01  1.789784e-07
8.293322e-01  1.711171e-07
8.336823e-01  1.654336e-07
8.370731e-01  1.611811e-07
8.439802e-01  1.532073e-07
8.525808e-01  1.422777e-07
8.533542e-01  1.409813e-07
8.537446e-01  1.403126e-07
8.549952e-01  1.383452e-07
8.614052e-01  1.286218e-07
8.661252e-01  1.221548e-07
8.699011e-01  1.176043e-07
8.764812e-01  1.101563e-07
8.787659e-01  1.077442e-07
8.800824e-01  1.063467e-07
8.859287e-01  1.007490e-07
8.880385e-01  9.887221e-08
8.954257e-01  9.258432e-08
8.976928e-01  9.085311e-08
9.010289e-01  8.727650e-08
9.041068e-01  8.197580e-08
9.049871e-01  8.060295e-08
9.097946e-01  7.363587e-08
9.124850e-01  7.015218e-08
9.158686e-01  6.629485e-08
9.180803e-01  6.387963e-08
9.207952e-01  6.107376e-08
9.222592e-01  5.974923e-08
9.262874e-01  5.618411e-08
9.290266e-01  5.397231e-08
9.299930e-01  5.317023e-08
9.323241e-01  5.147365e-08
9.361472e-01  4.881970e-08
9.400798e-01  4.628945e-08
9.436599e-01  4.423111e-08
9.501496e-01  4.074771e-08
9.506159e-01  4.029623e-08
9.509243e-01  4.001982e-08
9.522540e-01  3.878411e-08
9.558805e-01  3.576010e-08
9.565644e-01  3.508152e-08
9.582447e-01  3.399104e-08
9.611742e-01  3.200601e-08
9.635194e-01  3.054161e-08
9.668108e-01  2.868664e-08
9.678487e-01  2.815225e-08
9.710336e-01  2.658920e-08
9.728284e-01  2.577004e-08
9.789159e-01  2.326356e-08
9.791764e-01  2.317459e-08
1.004827e+00  2.332139e-08
1.006366e+00  2.377253e-08
1.009837e+00  2.480827e-08
1.012756e+00  2.575539e-08
1.015329e+00  2.658920e-08
1.020357e+00  2.848179e-08
1.020425e+00  2.848987e-08
1.020586e+00  2.849798e-08
1.020451e+00  2.850403e-08
1.025437e+00  3.054161e-08
1.027639e+00  3.159304e-08
1.034577e+00  3.505414e-08
1.034612e+00  3.507153e-08
1.034775e+00  3.508152e-08
1.034612e+00  3.509147e-08
1.041251e+00  3.901044e-08
1.043322e+00  4.029623e-08
1.046643e+00  4.271354e-08
1.047670e+00  4.346570e-08
1.052474e+00  4.628945e-08
1.056421e+00  4.787966e-08
1.063544e+00  5.101910e-08
1.066627e+00  5.242093e-08
1.068154e+00  5.317023e-08
1.072882e+00  5.554981e-08
1.076476e+00  5.749082e-08
1.082788e+00  6.107376e-08
1.086171e+00  6.314054e-08
1.093359e+00  6.797163e-08
1.095461e+00  6.949325e-08
1.096455e+00  7.015218e-08
1.113725e+00  7.347412e-08
1.124018e+00  7.384522e-08
1.137088e+00  7.435526e-08
1.141713e+00  7.451895e-08
1.155527e+00  7.503901e-08
1.170297e+00  7.560557e-08
1.173153e+00  7.570756e-08
1.187881e+00  7.625746e-08
1.199676e+00  7.670247e-08
1.210441e+00  7.710633e-08
1.221181e+00  7.749032e-08
1.229742e+00  7.781537e-08
1.248915e+00  7.853094e-08
1.255424e+00  7.877092e-08
1.260530e+00  7.896682e-08
1.288687e+00  7.999893e-08
1.290574e+00  8.008985e-08
1.292046e+00  8.013530e-08
1.319106e+00  7.829169e-08
1.326753e+00  7.749032e-08
1.342884e+00  7.585271e-08
1.346295e+00  7.549833e-08
1.363946e+00  7.378232e-08
1.374137e+00  7.284595e-08
1.401004e+00  7.044149e-08
1.402146e+00  7.034660e-08
1.404282e+00  7.015218e-08
1.432071e+00  6.789447e-08
1.441452e+00  6.716613e-08
1.460071e+00  6.578409e-08
1.462210e+00  6.561621e-08
1.481860e+00  6.421590e-08
1.493169e+00  6.345492e-08
1.522363e+00  6.129522e-08
1.523351e+00  6.120828e-08
1.523896e+00  6.117356e-08
1.525037e+00  6.107376e-08
1.555112e+00  5.897837e-08
1.566067e+00  5.824634e-08
1.585465e+00  5.698313e-08
1.587220e+00  5.687403e-08
1.589122e+00  5.676520e-08
1.609969e+00  5.548681e-08
1.620151e+00  5.489152e-08
1.650853e+00  5.317023e-08
1.654028e+00  5.300819e-08
1.655046e+00  5.294807e-08
1.657140e+00  5.284670e-08
1.688725e+00  5.121498e-08
1.701442e+00  5.059365e-08
1.724437e+00  4.951394e-08
1.726503e+00  4.941566e-08
1.749153e+00  4.839886e-08
1.760948e+00  4.787966e-08
1.797364e+00  4.639136e-08
1.798127e+00  4.635189e-08
1.798531e+00  4.633875e-08
1.799878e+00  4.628945e-08
1.831972e+00  4.424366e-08
1.848534e+00  4.324727e-08
1.849549e+00  4.318901e-08
1.866098e+00  4.225231e-08
1.897826e+00  4.056594e-08
1.900353e+00  4.043089e-08
1.901033e+00  4.037638e-08
1.902394e+00  4.029623e-08
1.934304e+00  3.834629e-08
1.953577e+00  3.724673e-08
1.968485e+00  3.643891e-08
1.994094e+00  3.508152e-08
2.002803e+00  3.459942e-08
2.008341e+00  3.429388e-08
2.033149e+00  3.298827e-08
2.036991e+00  3.278758e-08
2.064641e+00  3.145215e-08
2.084588e+00  3.054161e-08
2.107742e+00  2.949372e-08
2.122519e+00  2.879884e-08
2.142758e+00  2.788782e-08
2.173958e+00  2.658920e-08
2.178773e+00  2.639184e-08
2.181965e+00  2.627411e-08
2.196532e+00  2.571888e-08
2.215965e+00  2.501689e-08
2.243132e+00  2.408324e-08
2.254166e+00  2.372704e-08
2.272616e+00  2.314828e-08
2.293465e+00  2.252126e-08
2.306013e+00  2.213781e-08
2.331858e+00  2.131313e-08
2.367977e+00  2.026451e-08
2.370579e+00  2.018559e-08
2.371210e+00  2.017412e-08
2.371900e+00  2.015265e-08
2.410984e+00  1.909192e-08
2.437053e+00  1.840159e-08
2.450856e+00  1.804726e-08
2.471490e+00  1.754471e-08
2.491884e+00  1.707430e-08
2.505371e+00  1.676455e-08
2.532376e+00  1.611714e-08
2.571665e+00  1.526991e-08
2.573933e+00  1.522339e-08
2.575518e+00  1.519317e-08
2.584079e+00  1.502165e-08
2.615912e+00  1.437407e-08
2.647718e+00  1.373880e-08
2.657646e+00  1.354617e-08
2.671231e+00  1.329287e-08
2.700720e+00  1.278407e-08
2.721963e+00  1.236212e-08
2.741389e+00  1.199402e-08
2.764815e+00  1.157264e-08
2.783204e+00  1.126556e-08
2.798175e+00  1.102514e-08
2.826502e+00  1.059638e-08
2.863558e+00  1.007503e-08
2.871118e+00  9.978266e-09
2.876616e+00  9.906301e-09
2.914814e+00  9.372230e-09
2.955338e+00  8.771215e-09
2.956395e+00  8.759399e-09
2.957256e+00  8.744493e-09
2.980120e+00  8.437285e-09
2.999168e+00  8.195349e-09
3.017935e+00  7.920912e-09
3.038084e+00  7.636128e-09
3.039170e+00  7.625296e-09
3.040080e+00  7.612864e-09
3.080449e+00  7.101452e-09
3.120627e+00  6.647934e-09
3.123068e+00  6.623921e-09
3.125303e+00  6.601868e-09
3.167198e+00  6.187278e-09
3.212380e+00  5.792142e-09
3.212914e+00  5.787622e-09
3.260239e+00  5.421089e-09
3.302872e+00  5.128832e-09
3.309223e+00  5.086062e-09
3.316525e+00  5.038649e-09
3.359811e+00  4.777503e-09
3.395489e+00  4.577715e-09
3.411511e+00  4.491164e-09
3.431632e+00  4.386282e-09
3.464785e+00  4.225284e-09
3.490674e+00  4.106455e-09
3.513423e+00  3.944515e-09
3.528534e+00  3.817568e-09
3.552446e+00  3.630000e-09
3.588409e+00  3.376547e-09
3.593187e+00  3.345780e-09
3.596596e+00  3.323535e-09
3.618861e+00  3.186588e-09
3.635453e+00  3.089070e-09
3.672379e+00  2.893438e-09
3.679687e+00  2.856918e-09
3.689001e+00  2.812065e-09
3.715113e+00  2.609235e-09
3.724675e+00  2.518997e-09
3.743338e+00  2.360137e-09
3.747733e+00  2.327043e-09
3.765417e+00  2.193012e-09
3.773379e+00  2.138307e-09
3.792447e+00  2.018009e-09
3.803916e+00  1.938564e-09
3.807364e+00  1.909214e-09
3.814307e+00  1.854996e-09
3.829215e+00  1.744684e-09
3.841049e+00  1.662142e-09
3.845173e+00  1.639184e-09
3.856061e+00  1.572867e-09
3.867850e+00  1.505491e-09
3.878901e+00  1.447045e-09
3.884227e+00  1.419987e-09
3.898631e+00  1.352327e-09
3.912827e+00  1.282602e-09
3.917679e+00  1.259692e-09
3.928513e+00  1.212422e-09
3.941670e+00  1.158592e-09
3.957208e+00  1.096675e-09
3.971880e+00  1.047984e-09
3.997766e+00  9.667529e-10
4.001924e+00  9.544838e-10
4.003357e+00  9.492153e-10
4.007920e+00  9.353744e-10
4.034175e+00  8.588396e-10
4.044960e+00  8.309637e-10
4.063642e+00  7.854958e-10
4.066820e+00  7.783384e-10
4.071321e+00  7.682958e-10
4.092132e+00  7.234283e-10
4.100787e+00  7.063841e-10
4.120275e+00  6.697733e-10
4.136104e+00  6.421285e-10
4.143644e+00  6.298092e-10
4.165101e+00  5.966591e-10
4.173216e+00  5.845478e-10
4.199750e+00  5.483053e-10
4.211644e+00  5.328476e-10
4.235777e+00  5.045503e-10
4.251944e+00  4.865485e-10
4.260511e+00  4.773489e-10
4.291060e+00  4.472450e-10
4.293560e+00  4.447768e-10
4.324921e+00  4.155754e-10
4.335222e+00  4.064470e-10
4.354411e+00  3.903352e-10
4.378089e+00  3.717369e-10
4.391217e+00  3.617698e-10
4.422703e+00  3.404736e-10
4.445459e+00  3.261430e-10
4.463835e+00  3.149533e-10
4.468925e+00  3.122606e-10
4.476477e+00  3.079694e-10
4.516494e+00  2.867106e-10
4.538711e+00  2.760300e-10
4.542868e+00  2.741951e-10
4.566088e+00  2.636063e-10
4.601965e+00  2.470521e-10
4.607940e+00  2.402407e-10
4.608862e+00  2.387114e-10
4.611544e+00  2.362176e-10
4.631533e+00  2.146085e-10
4.638011e+00  2.077607e-10
4.648399e+00  1.975948e-10
4.654472e+00  1.915072e-10
4.664897e+00  1.808743e-10
4.676591e+00  1.707348e-10
4.681924e+00  1.659334e-10
4.691201e+00  1.574673e-10
4.697604e+00  1.519783e-10
4.712123e+00  1.398504e-10
4.715024e+00  1.370895e-10
4.717808e+00  1.351959e-10
4.730855e+00  1.247609e-10
4.736683e+00  1.201047e-10
4.737469e+00  1.193487e-10
4.739124e+00  1.183199e-10
4.754720e+00  1.065544e-10
4.757963e+00  1.038963e-10
4.762912e+00  1.004456e-10
4.771438e+00  9.439867e-11
4.777037e+00  9.045115e-11
4.783995e+00  8.552618e-11
4.786981e+00  8.353485e-11
4.793634e+00  7.874583e-11
4.796787e+00  7.686873e-11
4.804251e+00  7.404721e-11
4.819259e+00  7.176586e-11
4.840591e+00  6.855530e-11
4.848006e+00  6.745991e-11
4.863474e+00  6.530737e-11
4.872949e+00  6.396357e-11
4.891669e+00  6.142802e-11
4.904542e+00  5.968353e-11
4.931091e+00  5.641782e-11
4.935110e+00  5.590374e-11
4.942958e+00  5.501051e-11
4.968554e+00  5.194512e-11
4.978398e+00  5.084741e-11
4.999813e+00  4.847967e-11
4.999813e+00  7.460189e-12
