# Past proton beam-dump exclusions (CHARM et al.) for the fermiophilic ALP,
# revised phenomenology -- EXISTING bound
# Extracted from arXiv:2501.04525 (Ovchynnikov-Zaporozhchenko, PRD 112 015001),
# parameter-space-ALP-fermion.pdf (solid = revised phenomenology).
# Date: 2026-07-11
# Source y axis is y^2 = (2 v_h/f_GKOZ)^2; converted to 1/f (BNT) = y/v_h,
# v_h = 246 GeV. The visible figure frame covers m_a in [0.6, 2.0] GeV;
# path data beneath the PDF clip (m_a < 0.6 or > 2.0) is kept as drawn but
# was not visually published -- treat it accordingly.
# Format: chains separated by blank line; each row "mass_GeV  invf_GeV^-1"
# chain: 2227 vertices
9.400033e-01  6.913253e-08
9.400033e-01  5.654318e-08
9.396780e-01  5.729259e-08
9.393162e-01  5.812912e-08
9.389909e-01  5.889955e-08
9.386921e-01  5.961381e-08
9.383037e-01  6.054221e-08
9.378755e-01  6.158966e-08
9.376166e-01  6.224028e-08
9.373709e-01  6.283560e-08
9.369295e-01  6.397611e-08
9.364382e-01  6.525623e-08
9.362423e-01  6.577053e-08
9.360598e-01  6.623972e-08
9.355552e-01  6.760692e-08
9.349975e-01  6.913253e-08
9.348680e-01  6.949242e-08
9.347518e-01  6.982182e-08
9.341809e-01  7.143270e-08
9.335568e-01  7.324810e-08
9.334938e-01  7.342490e-08
9.334407e-01  7.358620e-08
9.323519e-01  7.685443e-08
9.321328e-01  7.753441e-08
9.321062e-01  7.760871e-08
9.314323e-01  7.973618e-08
9.308216e-01  8.169696e-08
9.307452e-01  8.195238e-08
9.306523e-01  8.223148e-08
9.300581e-01  8.421974e-08
9.295270e-01  8.542830e-08
9.292282e-01  8.602710e-08
9.287203e-01  8.712689e-08
9.283983e-01  8.782168e-08
9.282158e-01  8.821615e-08
9.275950e-01  8.960107e-08
9.275552e-01  8.965369e-08
9.269178e-01  9.110623e-08
9.267253e-01  9.153527e-08
9.263867e-01  9.231370e-08
9.258954e-01  9.344475e-08
9.256232e-01  9.407937e-08
9.250523e-01  9.539406e-08
9.246639e-01  9.634519e-08
9.243253e-01  9.714954e-08
9.242224e-01  9.738404e-08
9.240531e-01  9.780933e-08
9.233925e-01  9.942781e-08
9.230307e-01  1.003323e-07
9.217460e-01  1.035809e-07
9.217328e-01  1.036065e-07
9.217328e-01  1.036321e-07
9.209029e-01  1.057809e-07
9.205776e-01  1.066640e-07
9.204349e-01  1.070008e-07
9.200730e-01  1.079875e-07
9.198008e-01  1.085631e-07
9.191635e-01  1.098016e-07
9.191535e-01  1.098151e-07
9.191535e-01  1.098287e-07
9.191403e-01  1.098423e-07
9.182307e-01  1.116323e-07
9.178689e-01  1.123765e-07
9.173112e-01  1.134935e-07
9.169992e-01  1.141266e-07
9.165710e-01  1.150119e-07
9.163917e-01  1.153857e-07
9.159502e-01  1.163383e-07
9.154822e-01  1.172986e-07
9.152863e-01  1.176800e-07
9.148714e-01  1.185928e-07
9.145626e-01  1.192544e-07
9.143270e-01  1.197456e-07
9.140183e-01  1.204397e-07
9.136398e-01  1.212427e-07
9.127336e-01  1.232336e-07
9.127336e-01  1.232641e-07
9.120863e-01  1.246857e-07
9.118141e-01  1.253038e-07
9.114490e-01  1.261236e-07
9.109046e-01  1.273969e-07
9.106058e-01  1.280878e-07
9.101776e-01  1.290814e-07
9.099850e-01  1.295049e-07
9.094141e-01  1.306023e-07
9.088962e-01  1.315706e-07
9.086606e-01  1.320146e-07
9.080531e-01  1.331661e-07
9.076249e-01  1.340043e-07
9.070938e-01  1.350437e-07
9.067950e-01  1.356335e-07
9.063535e-01  1.365040e-07
9.061211e-01  1.369477e-07
9.054207e-01  1.383773e-07
9.051618e-01  1.388829e-07
9.050822e-01  1.390504e-07
9.049261e-01  1.393516e-07
9.042025e-01  1.408411e-07
9.038108e-01  1.416224e-07
9.032432e-01  1.428269e-07
9.030738e-01  1.431893e-07
9.025560e-01  1.442643e-07
9.022838e-01  1.448406e-07
9.014540e-01  1.466016e-07
9.012846e-01  1.469736e-07
9.012050e-01  1.471327e-07
9.003618e-01  1.489537e-07
9.000265e-01  1.497107e-07
8.993892e-01  1.508719e-07
8.993892e-01  1.508906e-07
8.993793e-01  1.509093e-07
8.987552e-01  1.520610e-07
8.983934e-01  1.527440e-07
8.976797e-01  1.540764e-07
8.974971e-01  1.544101e-07
8.973942e-01  1.546154e-07
8.970191e-01  1.553291e-07
8.968764e-01  1.556270e-07
8.964083e-01  1.565146e-07
8.962390e-01  1.568342e-07
8.959535e-01  1.573829e-07
8.954224e-01  1.584322e-07
8.949942e-01  1.592767e-07
8.944233e-01  1.603783e-07
8.942440e-01  1.607455e-07
8.937361e-01  1.617572e-07
8.934373e-01  1.623632e-07
8.925311e-01  1.642002e-07
8.924780e-01  1.643169e-07
8.924548e-01  1.643576e-07
8.923486e-01  1.645762e-07
8.912332e-01  1.668759e-07
8.908182e-01  1.677447e-07
8.904830e-01  1.684565e-07
8.899751e-01  1.695167e-07
8.894838e-01  1.704413e-07
8.891452e-01  1.710800e-07
8.887303e-01  1.718643e-07
8.884847e-01  1.723430e-07
8.875121e-01  1.742229e-07
8.874755e-01  1.742875e-07
8.874357e-01  1.743737e-07
8.868647e-01  1.754712e-07
8.864763e-01  1.762539e-07
8.862406e-01  1.767066e-07
8.858788e-01  1.774509e-07
8.854772e-01  1.782259e-07
8.850091e-01  1.791759e-07
8.844780e-01  1.802368e-07
8.842456e-01  1.807165e-07
8.837643e-01  1.817022e-07
8.834788e-01  1.822703e-07
8.826124e-01  1.840876e-07
8.825328e-01  1.842413e-07
8.824830e-01  1.843552e-07
8.822871e-01  1.847545e-07
8.812880e-01  1.868390e-07
8.809793e-01  1.875159e-07
8.804847e-01  1.885387e-07
8.800564e-01  1.894733e-07
8.794855e-01  1.906246e-07
8.793560e-01  1.908545e-07
8.788249e-01  1.919371e-07
8.777759e-01  1.940366e-07
8.775934e-01  1.944088e-07
8.774772e-01  1.946673e-07
8.769726e-01  1.956808e-07
8.769328e-01  1.957533e-07
8.764647e-01  1.967238e-07
8.763618e-01  1.969367e-07
8.761925e-01  1.972718e-07
8.754655e-01  1.988019e-07
8.751303e-01  1.994975e-07
8.746125e-01  2.005856e-07
8.744564e-01  2.009269e-07
8.739121e-01  2.020915e-07
8.734573e-01  2.030494e-07
8.730423e-01  2.039552e-07
8.726805e-01  2.047193e-07
8.724581e-01  2.052135e-07
8.714722e-01  2.074070e-07
8.714589e-01  2.074070e-07
8.704631e-01  2.096238e-07
8.702407e-01  2.101298e-07
8.698921e-01  2.108910e-07
8.694639e-01  2.117859e-07
8.690224e-01  2.127109e-07
8.686340e-01  2.135079e-07
8.684515e-01  2.138909e-07
8.683485e-01  2.140960e-07
8.678041e-01  2.152638e-07
8.674390e-01  2.160235e-07
8.668182e-01  2.173563e-07
8.665859e-01  2.178540e-07
8.664299e-01  2.181707e-07
8.657029e-01  2.197543e-07
8.654307e-01  2.203392e-07
8.653776e-01  2.204754e-07
8.652880e-01  2.206595e-07
8.644315e-01  2.225567e-07
8.641593e-01  2.231491e-07
8.637577e-01  2.240405e-07
8.634191e-01  2.248035e-07
8.629543e-01  2.258621e-07
8.624232e-01  2.270379e-07
8.622274e-01  2.274734e-07
8.617361e-01  2.285799e-07
8.614241e-01  2.293229e-07
8.606971e-01  2.309874e-07
8.605278e-01  2.313804e-07
8.604249e-01  2.316309e-07
8.599203e-01  2.328367e-07
8.593228e-01  2.342225e-07
8.591668e-01  2.345847e-07
8.584299e-01  2.363532e-07
8.576498e-01  2.382160e-07
8.574440e-01  2.387319e-07
8.570655e-01  2.396560e-07
8.569228e-01  2.400044e-07
8.564448e-01  2.411644e-07
8.561195e-01  2.419782e-07
8.557179e-01  2.429750e-07
8.554589e-01  2.436217e-07
8.546025e-01  2.457771e-07
8.545261e-01  2.459899e-07
8.544730e-01  2.461039e-07
8.542407e-01  2.466980e-07
8.534872e-01  2.486115e-07
8.533212e-01  2.490345e-07
8.530722e-01  2.496665e-07
8.525012e-01  2.511757e-07
8.521262e-01  2.521480e-07
8.515552e-01  2.536801e-07
8.515187e-01  2.537664e-07
8.509344e-01  2.553083e-07
8.505328e-01  2.563599e-07
8.500382e-01  2.576945e-07
8.497394e-01  2.584682e-07
8.495469e-01  2.589720e-07
8.486373e-01  2.613844e-07
8.485610e-01  2.615460e-07
8.485477e-01  2.615783e-07
8.485344e-01  2.616431e-07
8.475751e-01  2.641456e-07
8.473693e-01  2.647259e-07
8.470307e-01  2.655864e-07
8.465892e-01  2.667793e-07
8.461743e-01  2.678700e-07
8.456166e-01  2.694309e-07
8.455402e-01  2.696559e-07
8.449958e-01  2.711602e-07
8.446307e-01  2.721425e-07
8.440365e-01  2.737876e-07
8.438009e-01  2.744570e-07
8.436448e-01  2.748815e-07
8.432199e-01  2.761161e-07
8.429211e-01  2.769537e-07
8.426722e-01  2.776222e-07
8.426224e-01  2.777852e-07
8.425427e-01  2.779914e-07
8.417029e-01  2.804509e-07
8.414406e-01  2.811625e-07
8.410523e-01  2.823207e-07
8.407303e-01  2.832734e-07
8.402622e-01  2.846425e-07
8.397577e-01  2.861597e-07
8.395618e-01  2.867175e-07
8.390805e-01  2.881388e-07
8.387851e-01  2.890397e-07
8.380713e-01  2.912187e-07
8.379153e-01  2.917051e-07
8.378125e-01  2.919938e-07
8.373577e-01  2.934413e-07
8.368399e-01  2.950054e-07
8.367336e-01  2.953247e-07
8.365677e-01  2.958546e-07
8.358805e-01  2.980113e-07
8.355685e-01  2.989800e-07
8.350738e-01  3.005364e-07
8.349212e-01  3.010478e-07
8.343867e-01  3.027178e-07
8.339486e-01  3.041904e-07
8.335834e-01  3.054056e-07
8.332216e-01  3.065878e-07
8.329892e-01  3.073278e-07
8.320929e-01  3.103057e-07
8.320531e-01  3.104591e-07
8.320265e-01  3.105360e-07
8.319237e-01  3.109105e-07
8.314689e-01  3.123746e-07
8.310805e-01  3.137388e-07
8.308879e-01  3.143795e-07
8.306025e-01  3.153721e-07
8.301212e-01  3.170531e-07
8.297328e-01  3.184279e-07
8.291751e-01  3.203925e-07
8.291120e-01  3.205906e-07
8.285643e-01  3.225286e-07
8.282158e-01  3.237371e-07
8.276183e-01  3.258954e-07
8.273992e-01  3.266821e-07
8.272697e-01  3.271569e-07
8.266722e-01  3.293789e-07
8.262440e-01  3.309708e-07
8.261145e-01  3.314110e-07
8.253776e-01  3.342295e-07
8.250921e-01  3.353159e-07
8.246241e-01  3.370615e-07
8.244282e-01  3.378333e-07
8.241328e-01  3.390572e-07
8.239369e-01  3.398440e-07
8.234954e-01  3.415710e-07
8.231203e-01  3.431370e-07
8.227818e-01  3.445079e-07
8.225626e-01  3.453821e-07
8.222008e-01  3.468476e-07
8.216797e-01  3.489875e-07
8.216299e-01  3.491601e-07
8.216299e-01  3.492356e-07
8.216033e-01  3.492789e-07
8.207071e-01  3.530559e-07
8.204747e-01  3.540393e-07
8.200996e-01  3.556185e-07
8.197743e-01  3.570392e-07
8.193195e-01  3.589867e-07
8.188547e-01  3.610340e-07
8.185826e-01  3.621628e-07
8.181809e-01  3.639582e-07
8.179187e-01  3.650623e-07
8.170789e-01  3.688731e-07
8.170257e-01  3.691011e-07
8.169992e-01  3.692267e-07
8.168830e-01  3.697635e-07
8.160796e-01  3.734387e-07
8.158838e-01  3.743515e-07
8.155618e-01  3.758354e-07
8.151568e-01  3.777103e-07
8.147419e-01  3.796766e-07
8.145361e-01  3.806401e-07
8.142373e-01  3.820663e-07
8.140415e-01  3.829884e-07
8.136033e-01  3.852084e-07
8.133311e-01  3.865203e-07
8.125245e-01  3.905069e-07
8.124614e-01  3.908329e-07
8.122656e-01  3.917762e-07
8.115153e-01  3.955357e-07
8.113195e-01  3.964904e-07
8.110074e-01  3.981728e-07
8.106058e-01  4.002951e-07
8.101776e-01  4.025159e-07
8.096996e-01  4.050493e-07
8.094672e-01  4.062780e-07
8.090523e-01  4.085445e-07
8.088033e-01  4.098725e-07
8.079370e-01  4.146506e-07
8.079104e-01  4.147532e-07
8.078971e-01  4.148558e-07
8.078573e-01  4.150994e-07
8.070141e-01  4.199385e-07
8.067817e-01  4.212644e-07
8.063933e-01  4.235099e-07
8.061211e-01  4.250966e-07
8.057427e-01  4.273096e-07
8.056531e-01  4.277722e-07
8.052249e-01  4.303581e-07
8.048365e-01  4.327590e-07
8.045245e-01  4.347027e-07
8.043452e-01  4.358463e-07
8.039535e-01  4.382236e-07
8.037079e-01  4.398112e-07
8.034622e-01  4.413635e-07
8.033958e-01  4.417866e-07
8.032797e-01  4.425382e-07
8.025792e-01  4.469920e-07
8.022706e-01  4.490969e-07
8.017129e-01  4.528603e-07
8.016996e-01  4.530143e-07
8.011419e-01  4.567540e-07
8.008431e-01  4.588622e-07
8.001029e-01  4.639246e-07
8.000265e-01  4.645990e-07
7.999867e-01  4.649869e-07
7.999104e-01  4.660084e-07
7.988979e-01  4.809187e-07
7.985228e-01  4.842447e-07
7.979519e-01  4.893602e-07
7.977826e-01  4.908902e-07
7.977062e-01  4.916645e-07
7.974838e-01  4.937508e-07
7.972249e-01  4.959533e-07
7.968764e-01  4.991364e-07
7.966672e-01  5.010685e-07
7.961992e-01  5.058142e-07
7.960697e-01  5.071606e-07
7.955519e-01  5.123913e-07
7.952531e-01  5.150589e-07
7.946954e-01  5.159830e-07
7.944365e-01  5.164297e-07
7.942041e-01  5.167969e-07
7.935170e-01  5.179803e-07
7.933212e-01  5.182365e-07
7.931552e-01  5.185569e-07
7.923353e-01  5.198728e-07
7.922058e-01  5.200496e-07
7.921029e-01  5.202425e-07
7.911568e-01  5.217562e-07
7.911038e-01  5.218851e-07
7.910539e-01  5.219335e-07
7.903004e-01  5.231448e-07
7.899884e-01  5.235816e-07
7.899751e-01  5.236463e-07
7.889660e-01  5.251699e-07
7.888863e-01  5.252997e-07
7.887967e-01  5.254134e-07
7.879137e-01  5.267467e-07
7.877843e-01  5.269421e-07
7.876282e-01  5.272027e-07
7.868647e-01  5.282793e-07
7.866689e-01  5.286059e-07
7.864631e-01  5.288510e-07
7.858158e-01  5.298162e-07
7.855668e-01  5.301275e-07
7.853079e-01  5.305208e-07
7.847635e-01  5.312921e-07
7.844780e-01  5.316700e-07
7.841560e-01  5.321137e-07
7.837145e-01  5.327061e-07
7.833759e-01  5.331509e-07
7.830008e-01  5.336619e-07
7.826622e-01  5.340580e-07
7.822739e-01  5.345699e-07
7.818457e-01  5.351485e-07
7.816265e-01  5.354132e-07
7.811851e-01  5.359926e-07
7.807071e-01  5.365728e-07
7.805743e-01  5.367719e-07
7.800830e-01  5.373528e-07
7.795519e-01  5.380009e-07
7.795253e-01  5.380009e-07
7.791502e-01  5.384501e-07
7.789942e-01  5.386498e-07
7.784764e-01  5.392327e-07
7.784232e-01  5.393661e-07
7.779054e-01  5.399500e-07
7.774241e-01  5.404675e-07
7.772813e-01  5.406011e-07
7.768166e-01  5.411194e-07
7.761527e-01  5.419060e-07
7.757278e-01  5.423752e-07
7.753228e-01  5.427609e-07
7.750141e-01  5.431636e-07
7.746357e-01  5.435499e-07
7.742871e-01  5.439364e-07
7.738855e-01  5.443400e-07
7.735469e-01  5.446598e-07
7.732382e-01  5.449965e-07
7.727701e-01  5.455189e-07
7.724714e-01  5.457889e-07
7.721859e-01  5.460419e-07
7.716415e-01  5.465822e-07
7.713826e-01  5.468357e-07
7.711369e-01  5.471061e-07
7.705261e-01  5.476983e-07
7.703070e-01  5.479015e-07
7.700979e-01  5.481047e-07
7.694108e-01  5.488846e-07
7.692282e-01  5.490202e-07
7.690622e-01  5.492239e-07
7.682822e-01  5.500904e-07
7.681394e-01  5.502774e-07
7.671668e-01  5.512818e-07
7.670639e-01  5.514180e-07
7.669743e-01  5.514863e-07
7.660514e-01  5.524075e-07
7.660016e-01  5.524758e-07
7.659353e-01  5.524758e-07
7.649494e-01  5.534841e-07
7.648996e-01  5.534841e-07
7.643818e-01  5.539462e-07
7.640564e-01  5.542888e-07
7.638606e-01  5.544258e-07
7.638473e-01  5.544258e-07
7.638473e-01  5.544943e-07
7.628116e-01  5.553519e-07
7.627851e-01  5.553519e-07
7.627452e-01  5.554205e-07
7.617726e-01  5.562280e-07
7.617095e-01  5.562280e-07
7.616432e-01  5.562967e-07
7.607369e-01  5.570365e-07
7.605544e-01  5.571743e-07
7.596979e-01  5.577773e-07
7.595818e-01  5.578462e-07
7.594523e-01  5.579153e-07
7.586490e-01  5.585191e-07
7.585195e-01  5.585882e-07
7.583635e-01  5.586573e-07
7.576099e-01  5.591927e-07
7.574573e-01  5.592618e-07
7.572880e-01  5.594002e-07
7.565743e-01  5.597980e-07
7.563917e-01  5.598672e-07
7.561991e-01  5.600056e-07
7.555353e-01  5.604039e-07
7.553295e-01  5.604731e-07
7.551203e-01  5.606118e-07
7.544863e-01  5.609584e-07
7.542672e-01  5.610105e-07
7.540448e-01  5.611491e-07
7.534506e-01  5.614267e-07
7.532149e-01  5.615656e-07
7.529693e-01  5.616350e-07
7.524116e-01  5.618954e-07
7.521660e-01  5.620344e-07
7.519071e-01  5.621038e-07
7.513759e-01  5.623124e-07
7.511037e-01  5.624341e-07
7.508415e-01  5.625036e-07
7.503237e-01  5.627123e-07
7.500515e-01  5.627818e-07
7.497660e-01  5.629906e-07
7.493012e-01  5.633213e-07
7.490025e-01  5.635302e-07
7.486905e-01  5.637393e-07
7.482755e-01  5.640704e-07
7.476282e-01  5.644890e-07
7.472365e-01  5.647508e-07
7.469012e-01  5.649603e-07
7.465494e-01  5.651699e-07
7.462141e-01  5.653621e-07
7.458622e-01  5.655718e-07
7.454871e-01  5.657815e-07
7.451884e-01  5.659215e-07
7.448133e-01  5.660439e-07
7.441660e-01  5.663939e-07
7.437776e-01  5.665339e-07
7.433726e-01  5.667441e-07
7.431270e-01  5.668668e-07
7.427253e-01  5.670069e-07
7.416896e-01  5.673576e-07
7.412614e-01  5.674978e-07
7.410788e-01  5.675505e-07
7.406506e-01  5.676908e-07
7.402091e-01  5.678312e-07
7.400432e-01  5.679014e-07
7.396149e-01  5.679716e-07
7.391735e-01  5.681121e-07
7.390174e-01  5.681121e-07
7.385759e-01  5.681823e-07
7.381212e-01  5.683053e-07
7.379917e-01  5.683053e-07
7.370855e-01  5.684457e-07
7.369560e-01  5.685161e-07
7.365013e-01  5.685161e-07
7.360465e-01  5.685864e-07
7.359303e-01  5.686566e-07
7.354788e-01  5.686566e-07
7.350108e-01  5.687269e-07
7.344398e-01  5.687269e-07
7.339851e-01  5.687973e-07
7.307950e-01  5.687973e-07
7.303436e-01  5.687269e-07
7.297726e-01  5.687269e-07
7.293178e-01  5.686566e-07
7.288631e-01  5.686566e-07
7.287469e-01  5.685864e-07
7.282921e-01  5.685161e-07
7.277245e-01  5.685161e-07
7.272697e-01  5.684457e-07
7.268282e-01  5.683755e-07
7.266988e-01  5.683755e-07
7.258158e-01  5.682349e-07
7.256730e-01  5.681823e-07
7.252348e-01  5.681121e-07
7.248066e-01  5.680419e-07
7.246506e-01  5.680419e-07
7.242224e-01  5.679716e-07
7.237942e-01  5.678312e-07
7.236249e-01  5.678312e-07
7.231967e-01  5.677611e-07
7.227817e-01  5.676908e-07
7.226025e-01  5.676207e-07
7.221875e-01  5.675505e-07
7.217859e-01  5.674277e-07
7.215900e-01  5.674277e-07
7.211751e-01  5.673576e-07
7.207735e-01  5.672172e-07
7.205643e-01  5.672172e-07
7.201626e-01  5.670771e-07
7.197743e-01  5.670069e-07
7.195552e-01  5.669368e-07
7.191535e-01  5.668668e-07
7.187618e-01  5.667968e-07
7.185427e-01  5.667441e-07
7.181544e-01  5.666741e-07
7.177660e-01  5.665339e-07
7.175170e-01  5.665339e-07
7.171419e-01  5.663939e-07
7.167668e-01  5.663240e-07
7.165079e-01  5.662539e-07
7.161427e-01  5.661139e-07
7.157809e-01  5.660439e-07
7.154954e-01  5.659914e-07
7.151336e-01  5.659215e-07
7.147818e-01  5.657815e-07
7.144830e-01  5.657116e-07
7.141345e-01  5.656417e-07
7.137826e-01  5.655018e-07
7.134871e-01  5.654319e-07
7.131353e-01  5.653621e-07
7.127967e-01  5.652397e-07
7.124747e-01  5.651699e-07
7.121361e-01  5.651000e-07
7.118008e-01  5.649603e-07
7.114623e-01  5.648905e-07
7.111369e-01  5.647508e-07
7.108149e-01  5.646810e-07
7.104498e-01  5.645588e-07
7.098290e-01  5.644193e-07
7.094539e-01  5.642797e-07
7.091419e-01  5.641402e-07
7.088432e-01  5.640704e-07
7.084548e-01  5.639310e-07
7.081560e-01  5.638612e-07
7.078573e-01  5.637393e-07
7.074423e-01  5.636697e-07
7.071568e-01  5.635302e-07
7.068714e-01  5.634606e-07
7.064432e-01  5.633213e-07
7.061710e-01  5.631821e-07
7.058988e-01  5.631298e-07
7.054473e-01  5.629906e-07
7.051751e-01  5.629210e-07
7.049129e-01  5.627818e-07
7.044481e-01  5.626426e-07
7.041892e-01  5.625731e-07
7.039436e-01  5.625036e-07
7.034490e-01  5.623124e-07
7.032033e-01  5.622429e-07
7.029709e-01  5.621733e-07
7.024498e-01  5.619649e-07
7.022174e-01  5.618954e-07
7.019851e-01  5.617565e-07
7.014540e-01  5.616350e-07
7.012315e-01  5.615656e-07
7.010124e-01  5.614267e-07
7.004680e-01  5.612186e-07
7.002456e-01  5.611491e-07
7.000398e-01  5.610798e-07
6.994689e-01  5.608890e-07
6.990805e-01  5.607505e-07
6.984830e-01  5.605425e-07
6.982871e-01  5.604731e-07
6.981079e-01  5.604039e-07
6.974971e-01  5.602133e-07
6.971353e-01  5.600749e-07
6.965112e-01  5.598672e-07
6.963319e-01  5.597980e-07
6.961759e-01  5.597287e-07
6.955120e-01  5.595212e-07
6.952033e-01  5.594002e-07
6.945295e-01  5.591237e-07
6.943867e-01  5.590546e-07
6.942440e-01  5.590546e-07
6.935436e-01  5.587263e-07
6.934141e-01  5.586573e-07
6.932846e-01  5.586573e-07
6.925710e-01  5.583120e-07
6.924415e-01  5.583120e-07
6.923253e-01  5.582430e-07
6.915851e-01  5.579153e-07
6.914689e-01  5.579153e-07
6.913627e-01  5.578462e-07
6.905992e-01  5.575016e-07
6.905095e-01  5.575016e-07
6.904033e-01  5.574327e-07
6.896266e-01  5.571054e-07
6.895369e-01  5.570365e-07
6.894573e-01  5.570365e-07
6.886407e-01  5.566406e-07
6.885643e-01  5.566406e-07
6.884979e-01  5.565719e-07
6.876548e-01  5.561591e-07
6.876050e-01  5.561591e-07
6.875519e-01  5.560904e-07
6.866822e-01  5.556952e-07
6.866456e-01  5.556952e-07
6.866058e-01  5.556266e-07
6.857095e-01  5.551631e-07
6.856598e-01  5.551631e-07
6.847237e-01  5.546143e-07
6.847137e-01  5.546143e-07
6.840631e-01  5.542888e-07
6.837643e-01  5.540832e-07
6.837510e-01  5.540832e-07
6.828182e-01  5.535525e-07
6.827818e-01  5.535525e-07
6.818855e-01  5.529541e-07
6.818091e-01  5.529541e-07
6.809394e-01  5.524075e-07
6.808365e-01  5.522879e-07
6.800066e-01  5.517420e-07
6.799403e-01  5.516738e-07
6.798639e-01  5.516738e-07
6.790705e-01  5.510773e-07
6.788913e-01  5.509410e-07
6.781510e-01  5.504134e-07
6.779187e-01  5.502774e-07
6.772183e-01  5.496824e-07
6.770755e-01  5.496145e-07
6.769461e-01  5.494956e-07
6.763087e-01  5.481556e-07
6.761295e-01  5.473767e-07
6.758938e-01  5.463795e-07
6.754788e-01  5.445419e-07
6.751801e-01  5.433483e-07
6.748050e-01  5.417218e-07
6.746357e-01  5.410023e-07
6.742340e-01  5.393661e-07
6.737925e-01  5.375521e-07
6.737295e-01  5.372200e-07
6.732880e-01  5.354794e-07
6.729527e-01  5.340580e-07
6.723552e-01  5.316041e-07
6.721228e-01  5.306521e-07
6.715784e-01  5.284752e-07
6.714091e-01  5.277733e-07
6.712797e-01  5.272679e-07
6.704863e-01  5.231448e-07
6.704730e-01  5.230155e-07
6.704631e-01  5.229508e-07
6.700846e-01  5.081961e-07
6.700714e-01  5.060019e-07
6.696066e-01  4.937508e-07
6.695137e-01  4.933237e-07
6.687104e-01  4.899504e-07
6.685942e-01  4.894661e-07
6.684249e-01  4.887555e-07
6.678938e-01  4.865250e-07
6.676481e-01  4.855336e-07
6.673361e-01  4.841849e-07
6.670772e-01  4.830787e-07
6.667154e-01  4.816177e-07
6.662473e-01  4.797014e-07
6.662473e-01  4.796421e-07
6.657793e-01  4.777926e-07
6.654307e-01  4.763476e-07
6.651718e-01  4.752593e-07
6.648465e-01  4.739978e-07
6.646141e-01  4.730318e-07
6.640830e-01  4.708585e-07
6.639137e-01  4.701895e-07
6.637975e-01  4.696667e-07
6.630042e-01  4.665128e-07
6.629809e-01  4.663974e-07
6.628747e-01  4.660084e-07
6.621643e-01  4.630795e-07
6.620581e-01  4.626932e-07
6.619286e-01  4.621929e-07
6.613444e-01  4.598560e-07
6.611386e-01  4.590183e-07
6.608531e-01  4.579131e-07
6.602058e-01  4.553726e-07
6.597776e-01  4.536728e-07
6.597112e-01  4.534625e-07
6.592830e-01  4.517698e-07
6.589079e-01  4.502365e-07
6.587021e-01  4.494857e-07
6.583635e-01  4.481263e-07
6.580913e-01  4.471026e-07
6.576365e-01  4.452684e-07
6.574307e-01  4.445122e-07
6.572880e-01  4.439218e-07
6.565610e-01  4.411453e-07
6.565079e-01  4.409817e-07
6.564846e-01  4.408318e-07
6.562124e-01  4.398112e-07
6.556680e-01  4.377498e-07
6.554988e-01  4.370603e-07
6.548614e-01  4.346490e-07
6.546822e-01  4.339108e-07
6.544232e-01  4.329730e-07
6.540581e-01  4.315569e-07
6.537593e-01  4.304113e-07
6.533577e-01  4.289107e-07
6.532548e-01  4.285000e-07
6.529295e-01  4.273096e-07
6.528398e-01  4.269400e-07
6.524515e-01  4.255042e-07
6.522954e-01  4.249391e-07
6.519336e-01  4.235099e-07
6.516481e-01  4.224901e-07
6.512332e-01  4.209521e-07
6.510108e-01  4.201462e-07
6.508415e-01  4.195364e-07
6.501676e-01  4.169639e-07
6.500515e-01  4.165131e-07
6.496631e-01  4.150994e-07
6.492481e-01  4.136522e-07
6.491950e-01  4.134477e-07
6.491187e-01  4.132050e-07
6.484448e-01  4.108618e-07
6.482755e-01  4.103161e-07
6.480664e-01  4.095813e-07
6.476415e-01  4.081028e-07
6.473693e-01  4.071579e-07
6.470174e-01  4.059892e-07
6.468349e-01  4.053499e-07
6.464598e-01  4.040739e-07
6.460448e-01  4.026154e-07
6.459817e-01  4.023790e-07
6.455668e-01  4.009638e-07
6.452415e-01  3.998500e-07
6.449295e-01  3.988379e-07
6.446573e-01  3.978775e-07
6.444382e-01  3.971650e-07
6.438938e-01  3.952913e-07
6.437510e-01  3.948640e-07
6.436448e-01  3.944857e-07
6.428548e-01  3.918731e-07
6.428415e-01  3.918731e-07
6.428282e-01  3.917762e-07
6.420514e-01  3.892296e-07
6.419486e-01  3.888568e-07
6.418191e-01  3.884364e-07
6.412614e-01  3.866158e-07
6.410523e-01  3.859115e-07
6.407801e-01  3.850299e-07
6.404681e-01  3.840079e-07
6.401593e-01  3.829411e-07
6.397444e-01  3.816060e-07
6.396780e-01  3.813703e-07
6.392498e-01  3.800406e-07
6.388747e-01  3.788444e-07
6.387054e-01  3.782945e-07
6.383568e-01  3.771621e-07
6.380846e-01  3.763004e-07
6.376830e-01  3.749769e-07
6.374606e-01  3.743053e-07
6.373046e-01  3.737620e-07
6.366573e-01  3.716884e-07
6.365676e-01  3.714243e-07
6.365145e-01  3.712406e-07
6.360465e-01  3.697635e-07
6.357245e-01  3.687363e-07
6.356846e-01  3.686109e-07
6.356183e-01  3.684287e-07
6.349311e-01  3.662602e-07
6.347884e-01  3.657737e-07
6.345958e-01  3.651977e-07
6.341544e-01  3.637895e-07
6.338954e-01  3.630369e-07
6.335701e-01  3.620396e-07
6.333643e-01  3.613801e-07
6.330124e-01  3.602872e-07
6.325842e-01  3.589423e-07
6.325477e-01  3.588536e-07
6.321195e-01  3.575582e-07
6.317942e-01  3.565650e-07
6.315353e-01  3.557505e-07
6.312365e-01  3.548500e-07
6.310174e-01  3.541706e-07
6.305095e-01  3.526305e-07
6.303568e-01  3.521622e-07
6.302373e-01  3.517814e-07
6.295004e-01  3.494948e-07
6.294739e-01  3.494516e-07
6.293311e-01  3.489875e-07
6.286838e-01  3.470085e-07
6.285909e-01  3.467190e-07
6.284747e-01  3.463869e-07
6.279037e-01  3.446357e-07
6.277112e-01  3.440503e-07
6.274523e-01  3.432643e-07
6.271270e-01  3.422685e-07
6.268282e-01  3.413599e-07
6.264398e-01  3.401698e-07
6.263502e-01  3.399175e-07
6.260647e-01  3.390572e-07
6.259452e-01  3.386906e-07
6.255834e-01  3.375932e-07
6.254274e-01  3.371449e-07
6.250788e-01  3.360837e-07
6.248066e-01  3.352744e-07
6.244149e-01  3.341469e-07
6.241959e-01  3.334968e-07
6.240266e-01  3.330128e-07
6.234058e-01  3.311755e-07
6.232631e-01  3.307357e-07
6.227950e-01  3.293789e-07
6.224963e-01  3.285046e-07
6.223934e-01  3.281900e-07
6.217195e-01  3.262482e-07
6.215768e-01  3.258149e-07
6.213809e-01  3.253118e-07
6.209560e-01  3.240574e-07
6.207071e-01  3.233071e-07
6.203851e-01  3.224190e-07
6.201892e-01  3.218316e-07
6.198407e-01  3.208186e-07
6.193726e-01  3.194334e-07
6.189709e-01  3.182017e-07
6.183602e-01  3.163972e-07
6.181013e-01  3.155964e-07
6.179087e-01  3.150311e-07
6.173510e-01  3.133609e-07
6.165079e-01  3.109105e-07
6.163917e-01  3.105360e-07
6.163651e-01  3.104976e-07
6.163519e-01  3.104208e-07
6.156249e-01  3.083267e-07
6.155087e-01  3.079553e-07
6.153394e-01  3.075083e-07
6.148714e-01  3.061428e-07
6.146390e-01  3.054717e-07
6.143402e-01  3.045949e-07
6.141212e-01  3.039648e-07
6.137826e-01  3.029799e-07
6.133444e-01  3.017371e-07
6.129294e-01  3.005364e-07
6.118506e-01  2.975419e-07
6.113461e-01  2.961107e-07
6.111004e-01  2.954252e-07
6.103867e-01  2.934413e-07
6.103602e-01  2.933325e-07
6.103469e-01  2.933325e-07
6.096099e-01  2.911827e-07
6.094905e-01  2.908319e-07
6.093378e-01  2.903738e-07
6.088697e-01  2.889415e-07
6.086373e-01  2.882725e-07
6.083386e-01  2.873385e-07
6.081295e-01  2.867529e-07
6.077942e-01  2.857443e-07
6.073925e-01  2.845458e-07
6.073261e-01  2.843348e-07
6.069377e-01  2.832034e-07
6.066523e-01  2.823556e-07
6.063137e-01  2.813973e-07
6.060813e-01  2.807198e-07
6.059120e-01  2.802083e-07
6.053178e-01  2.784557e-07
6.052382e-01  2.782235e-07
6.051751e-01  2.780515e-07
6.047834e-01  2.769537e-07
6.044481e-01  2.759455e-07
6.043817e-01  2.758176e-07
6.043187e-01  2.756131e-07
6.037079e-01  2.738554e-07
6.035386e-01  2.733987e-07
6.033195e-01  2.727657e-07
6.029709e-01  2.717811e-07
6.026988e-01  2.709927e-07
6.023203e-01  2.699477e-07
6.022440e-01  2.696892e-07
6.020083e-01  2.690398e-07
6.018556e-01  2.686161e-07
6.015037e-01  2.676465e-07
6.013212e-01  2.671671e-07
6.010124e-01  2.662604e-07
6.007768e-01  2.656192e-07
6.003386e-01  2.644315e-07
6.001693e-01  2.639579e-07
6.000398e-01  2.636073e-07
5.993261e-01  2.614813e-07
5.993261e-01  2.614490e-07
5.992863e-01  2.613844e-07
5.985992e-01  2.593164e-07
5.984830e-01  2.589720e-07
5.983270e-01  2.584682e-07
5.978855e-01  2.571615e-07
5.976531e-01  2.564788e-07
5.973145e-01  2.555214e-07
5.971618e-01  2.550637e-07
5.968100e-01  2.540175e-07
5.964481e-01  2.529754e-07
5.963187e-01  2.525770e-07
5.959801e-01  2.516031e-07
5.957344e-01  2.509041e-07
5.953195e-01  2.496973e-07
5.951369e-01  2.492193e-07
5.950075e-01  2.488575e-07
5.943203e-01  2.468505e-07
5.943071e-01  2.468200e-07
5.942938e-01  2.468200e-07
5.942573e-01  2.466980e-07
5.935801e-01  2.447991e-07
5.934772e-01  2.444740e-07
5.933212e-01  2.440663e-07
5.928697e-01  2.428023e-07
5.926340e-01  2.421877e-07
5.923253e-01  2.412837e-07
5.921560e-01  2.408144e-07
5.918041e-01  2.398561e-07
5.917411e-01  2.396560e-07
5.914423e-01  2.388722e-07
5.909743e-01  2.376130e-07
5.907286e-01  2.369237e-07
5.903402e-01  2.358643e-07
5.901577e-01  2.353546e-07
5.900149e-01  2.349838e-07
5.893544e-01  2.328367e-07
5.893278e-01  2.327576e-07
5.893278e-01  2.327288e-07
5.893145e-01  2.327288e-07
5.886407e-01  2.305168e-07
5.884979e-01  2.300754e-07
5.882921e-01  2.293796e-07
5.879535e-01  2.283045e-07
5.876813e-01  2.274242e-07
5.872664e-01  2.261345e-07
5.872531e-01  2.261066e-07
5.868515e-01  2.248244e-07
5.865793e-01  2.239575e-07
5.862307e-01  2.228527e-07
5.860349e-01  2.222336e-07
5.858921e-01  2.218356e-07
5.852315e-01  2.197543e-07
5.852182e-01  2.197000e-07
5.852050e-01  2.197000e-07
5.852050e-01  2.196728e-07
5.845311e-01  2.176185e-07
5.843884e-01  2.171952e-07
5.838440e-01  2.155500e-07
5.835718e-01  2.147189e-07
5.831701e-01  2.135079e-07
5.831569e-01  2.134815e-07
5.827552e-01  2.122709e-07
5.824830e-01  2.114524e-07
5.819386e-01  2.098508e-07
5.817958e-01  2.094490e-07
5.811220e-01  2.074839e-07
5.811220e-01  2.074582e-07
5.810954e-01  2.074070e-07
5.804315e-01  2.054864e-07
5.803021e-01  2.051183e-07
5.801096e-01  2.045486e-07
5.797709e-01  2.033635e-07
5.794987e-01  2.023103e-07
5.791236e-01  2.009517e-07
5.790207e-01  2.005608e-07
5.786822e-01  1.992818e-07
5.779319e-01  1.965111e-07
5.778656e-01  1.962986e-07
5.778390e-01  1.961773e-07
5.777228e-01  1.957533e-07
5.771917e-01  1.938747e-07
5.770622e-01  1.933780e-07
5.765577e-01  1.915696e-07
5.762589e-01  1.904833e-07
5.757378e-01  1.886553e-07
5.754423e-01  1.876318e-07
5.752730e-01  1.870412e-07
5.746490e-01  1.848631e-07
5.746357e-01  1.848459e-07
5.746357e-01  1.848231e-07
5.746124e-01  1.847545e-07
5.739884e-01  1.826481e-07
5.738324e-01  1.820957e-07
5.727170e-01  1.783527e-07
5.724714e-01  1.775607e-07
5.722257e-01  1.767230e-07
5.720830e-01  1.762375e-07
5.714457e-01  1.741637e-07
5.714224e-01  1.740991e-07
5.713959e-01  1.740130e-07
5.708116e-01  1.721141e-07
5.703203e-01  1.705415e-07
5.701776e-01  1.700677e-07
5.698257e-01  1.687013e-07
5.695801e-01  1.675012e-07
5.690622e-01  1.650142e-07
5.690091e-01  1.647747e-07
5.689693e-01  1.645762e-07
5.684382e-01  1.620724e-07
5.682324e-01  1.610737e-07
5.678672e-01  1.594096e-07
5.677378e-01  1.587949e-07
5.674291e-01  1.574218e-07
5.672963e-01  1.568148e-07
5.669743e-01  1.553291e-07
5.667286e-01  1.542622e-07
5.666357e-01  1.538337e-07
5.664166e-01  1.528527e-07
5.661709e-01  1.517324e-07
5.659751e-01  1.509093e-07
5.658456e-01  1.503274e-07
5.656000e-01  1.492625e-07
5.650921e-01  1.471327e-07
5.650556e-01  1.469191e-07
5.650290e-01  1.468283e-07
5.649759e-01  1.466016e-07
5.644581e-01  1.444383e-07
5.642622e-01  1.435881e-07
5.639004e-01  1.420871e-07
5.637842e-01  1.416399e-07
5.634722e-01  1.403457e-07
5.633295e-01  1.397743e-07
5.629809e-01  1.383773e-07
5.627585e-01  1.375118e-07
5.626822e-01  1.371638e-07
5.624863e-01  1.363733e-07
5.622008e-01  1.352734e-07
5.618921e-01  1.340540e-07
5.616299e-01  1.330715e-07
5.611784e-01  1.313309e-07
5.610987e-01  1.310309e-07
5.610722e-01  1.309175e-07
5.609826e-01  1.306023e-07
5.605046e-01  1.287865e-07
5.603220e-01  1.280878e-07
5.599602e-01  1.265532e-07
5.596083e-01  1.232641e-07
5.595685e-01  1.229065e-07
5.595319e-01  1.225689e-07
5.591801e-01  1.193687e-07
5.588448e-01  1.163383e-07
5.587917e-01  1.159470e-07
5.587519e-01  1.155392e-07
5.584033e-01  1.126060e-07
5.580647e-01  1.098016e-07
5.579618e-01  1.089295e-07
5.576365e-01  1.062297e-07
5.573012e-01  1.036321e-07
5.572481e-01  1.031687e-07
5.571851e-01  1.026979e-07
5.569228e-01  1.006709e-07
5.568597e-01  1.002114e-07
5.565344e-01  9.780933e-08
5.564050e-01  9.684374e-08
5.561461e-01  9.502623e-08
5.560166e-01  9.404451e-08
5.557577e-01  9.231370e-08
5.556913e-01  9.182427e-08
5.556282e-01  9.132614e-08
5.553029e-01  8.918114e-08
5.549909e-01  8.807722e-08
5.549909e-01  6.660927e-06
5.552763e-01  6.833588e-06
5.556282e-01  6.800719e-06
5.558606e-01  6.778685e-06
5.562357e-01  6.742745e-06
5.564050e-01  6.727133e-06
5.571054e-01  6.660927e-06
5.571718e-01  6.654548e-06
5.571950e-01  6.651258e-06
5.578191e-01  6.590483e-06
5.579618e-01  6.576240e-06
5.581809e-01  6.554123e-06
5.584664e-01  6.524816e-06
5.587519e-01  6.497246e-06
5.591170e-01  6.460601e-06
5.591668e-01  6.455013e-06
5.595319e-01  6.419400e-06
5.597643e-01  6.396228e-06
5.601527e-01  6.363889e-06
5.603220e-01  6.353080e-06
5.604514e-01  6.345427e-06
5.610622e-01  6.308664e-06
5.610987e-01  6.306519e-06
5.611386e-01  6.303401e-06
5.618921e-01  6.259332e-06
5.619552e-01  6.254884e-06
5.634722e-01  6.167157e-06
5.637709e-01  6.150787e-06
5.639403e-01  6.140340e-06
5.642622e-01  6.121202e-06
5.644847e-01  6.107218e-06
5.646772e-01  6.096091e-06
5.650556e-01  6.073336e-06
5.653278e-01  6.056466e-06
5.656000e-01  6.040389e-06
5.658456e-01  6.025844e-06
5.660282e-01  6.014866e-06
5.665195e-01  5.986675e-06
5.666357e-01  5.979463e-06
5.667286e-01  5.973737e-06
5.674291e-01  5.933439e-06
5.674291e-01  5.932706e-06
5.681261e-01  5.892685e-06
5.682324e-01  5.886314e-06
5.683618e-01  5.878496e-06
5.688266e-01  5.849498e-06
5.690224e-01  5.837578e-06
5.692813e-01  5.822082e-06
5.695270e-01  5.807345e-06
5.698257e-01  5.789782e-06
5.702141e-01  5.770310e-06
5.702407e-01  5.768883e-06
5.706290e-01  5.752147e-06
5.709676e-01  5.738297e-06
5.710971e-01  5.732093e-06
5.714224e-01  5.718291e-06
5.716946e-01  5.707167e-06
5.719934e-01  5.694129e-06
5.722257e-01  5.684458e-06
5.724183e-01  5.676206e-06
5.728996e-01  5.655018e-06
5.730290e-01  5.649603e-06
5.731452e-01  5.644192e-06
5.737925e-01  5.614961e-06
5.738324e-01  5.613573e-06
5.738589e-01  5.612185e-06
5.741444e-01  5.600057e-06
5.742340e-01  5.595904e-06
5.745859e-01  5.579843e-06
5.746357e-01  5.577773e-06
5.747021e-01  5.575016e-06
5.753129e-01  5.548886e-06
5.754423e-01  5.542887e-06
5.756083e-01  5.536210e-06
5.760498e-01  5.517420e-06
5.762589e-01  5.508900e-06
5.765046e-01  5.497504e-06
5.767768e-01  5.486980e-06
5.770622e-01  5.474275e-06
5.774108e-01  5.459913e-06
5.778656e-01  5.440036e-06
5.782274e-01  5.423752e-06
5.783336e-01  5.419060e-06
5.786822e-01  5.404007e-06
5.789544e-01  5.391661e-06
5.792531e-01  5.378679e-06
5.794987e-01  5.368382e-06
5.796946e-01  5.359927e-06
5.801593e-01  5.340579e-06
5.803021e-01  5.335300e-06
5.804315e-01  5.331509e-06
5.810556e-01  5.308981e-06
5.811220e-01  5.307177e-06
5.811718e-01  5.305209e-06
5.817427e-01  5.285406e-06
5.819253e-01  5.279038e-06
5.819519e-01  5.277733e-06
5.826622e-01  5.253484e-06
5.827552e-01  5.250400e-06
5.828581e-01  5.247156e-06
5.834158e-01  5.226923e-06
5.835718e-01  5.221272e-06
5.837643e-01  5.214337e-06
5.841560e-01  5.199853e-06
5.843884e-01  5.191824e-06
5.846739e-01  5.181724e-06
5.849062e-01  5.172923e-06
5.852050e-01  5.162382e-06
5.855801e-01  5.149315e-06
5.856598e-01  5.146769e-06
5.860349e-01  5.133107e-06
5.863967e-01  5.120114e-06
5.868515e-01  5.104787e-06
5.871502e-01  5.094227e-06
5.873959e-01  5.085732e-06
5.876813e-01  5.076467e-06
5.879004e-01  5.068471e-06
5.883154e-01  5.055017e-06
5.884979e-01  5.048927e-06
5.886539e-01  5.043469e-06
5.892249e-01  5.022779e-06
5.893278e-01  5.019210e-06
5.894075e-01  5.016108e-06
5.901444e-01  4.990747e-06
5.901577e-01  4.990130e-06
5.902108e-01  4.988434e-06
5.905726e-01  4.977499e-06
5.909245e-01  4.966742e-06
5.909743e-01  4.964900e-06
5.916747e-01  4.943464e-06
5.918041e-01  4.939187e-06
5.919602e-01  4.934457e-06
5.924415e-01  4.920142e-06
5.926340e-01  4.914215e-06
5.928797e-01  4.907082e-06
5.932050e-01  4.897687e-06
5.934772e-01  4.889369e-06
5.937892e-01  4.880612e-06
5.939718e-01  4.874733e-06
5.943071e-01  4.865250e-06
5.947353e-01  4.852335e-06
5.949544e-01  4.845891e-06
5.951369e-01  4.840053e-06
5.955021e-01  4.828996e-06
5.956183e-01  4.825415e-06
5.959801e-01  4.814392e-06
5.962656e-01  4.805175e-06
5.965378e-01  4.797013e-06
5.968100e-01  4.788274e-06
5.970291e-01  4.781914e-06
5.974573e-01  4.768779e-06
5.976531e-01  4.763476e-06
5.978091e-01  4.758914e-06
5.983801e-01  4.741150e-06
5.984830e-01  4.738367e-06
5.985726e-01  4.736024e-06
5.993129e-01  4.714410e-06
5.993394e-01  4.713244e-06
5.995087e-01  4.708148e-06
6.001162e-01  4.691009e-06
6.001693e-01  4.689414e-06
6.002324e-01  4.687675e-06
6.008963e-01  4.670177e-06
6.010124e-01  4.667291e-06
6.011419e-01  4.663974e-06
6.016730e-01  4.648720e-06
6.018556e-01  4.643694e-06
6.020747e-01  4.637526e-06
6.024365e-01  4.627504e-06
6.026988e-01  4.620215e-06
6.029942e-01  4.611940e-06
6.032166e-01  4.605815e-06
6.035386e-01  4.596856e-06
6.039303e-01  4.586354e-06
6.039934e-01  4.584087e-06
6.043817e-01  4.573614e-06
6.047834e-01  4.563166e-06
6.048498e-01  4.561474e-06
6.052382e-01  4.551053e-06
6.055635e-01  4.542200e-06
6.057826e-01  4.536728e-06
6.060813e-01  4.528603e-06
6.063403e-01  4.522029e-06
6.067154e-01  4.512256e-06
6.069377e-01  4.506263e-06
6.071303e-01  4.501252e-06
6.076382e-01  4.488333e-06
6.077942e-01  4.484450e-06
6.079104e-01  4.480709e-06
6.085842e-01  4.462328e-06
6.086871e-01  4.459157e-06
6.090623e-01  4.448971e-06
6.092581e-01  4.443474e-06
6.094772e-01  4.437572e-06
6.094905e-01  4.437161e-06
6.095170e-01  4.436612e-06
6.102572e-01  4.416774e-06
6.103469e-01  4.414727e-06
6.104498e-01  4.411999e-06
6.110473e-01  4.397160e-06
6.112033e-01  4.393356e-06
6.113859e-01  4.389149e-06
6.118374e-01  4.378039e-06
6.120598e-01  4.372225e-06
6.123319e-01  4.365878e-06
6.126307e-01  4.358463e-06
6.129294e-01  4.351733e-06
6.132647e-01  4.343267e-06
6.134340e-01  4.339645e-06
6.137826e-01  4.330667e-06
6.141975e-01  4.320774e-06
6.142241e-01  4.320240e-06
6.146390e-01  4.310370e-06
6.150141e-01  4.301055e-06
6.151469e-01  4.297865e-06
6.155087e-01  4.288577e-06
6.158075e-01  4.280764e-06
6.160929e-01  4.273625e-06
6.163651e-01  4.266894e-06
6.166108e-01  4.260700e-06
6.170390e-01  4.250441e-06
6.172315e-01  4.245321e-06
6.174008e-01  4.241255e-06
6.179851e-01  4.226860e-06
6.181013e-01  4.224379e-06
6.189311e-01  4.203930e-06
6.189709e-01  4.203540e-06
6.193593e-01  4.193808e-06
6.198008e-01  4.183710e-06
6.198772e-01  4.181770e-06
6.206042e-01  4.165131e-06
6.207071e-01  4.163072e-06
6.208232e-01  4.160628e-06
6.214075e-01  4.147532e-06
6.215768e-01  4.143560e-06
6.217726e-01  4.139080e-06
6.222108e-01  4.128603e-06
6.224465e-01  4.122610e-06
6.230174e-01  4.109634e-06
6.233261e-01  4.102274e-06
6.236913e-01  4.093788e-06
6.238208e-01  4.090878e-06
6.241959e-01  4.081911e-06
6.246241e-01  4.072083e-06
6.246506e-01  4.071579e-06
6.250788e-01  4.062278e-06
6.254407e-01  4.053999e-06
6.255967e-01  4.049992e-06
6.259452e-01  4.042239e-06
6.262440e-01  4.035872e-06
6.265560e-01  4.029017e-06
6.268282e-01  4.022796e-06
6.270606e-01  4.017950e-06
6.275154e-01  4.007779e-06
6.277112e-01  4.003818e-06
6.278672e-01  4.000478e-06
6.284747e-01  3.987023e-06
6.285909e-01  3.984560e-06
6.286838e-01  3.982220e-06
6.294473e-01  3.964414e-06
6.294739e-01  3.963924e-06
6.294871e-01  3.963434e-06
6.297062e-01  3.958170e-06
6.299154e-01  3.953890e-06
6.303037e-01  3.945345e-06
6.303568e-01  3.943882e-06
6.304199e-01  3.942420e-06
6.311203e-01  3.927218e-06
6.312365e-01  3.924427e-06
6.313793e-01  3.921518e-06
6.319369e-01  3.909295e-06
6.321195e-01  3.905551e-06
6.323519e-01  3.900847e-06
6.327535e-01  3.891815e-06
6.330124e-01  3.886646e-06
6.333112e-01  3.880164e-06
6.335701e-01  3.875011e-06
6.338954e-01  3.867951e-06
6.342838e-01  3.860069e-06
6.343867e-01  3.857684e-06
6.347884e-01  3.849823e-06
6.349842e-01  3.845660e-06
6.352166e-01  3.841028e-06
6.352564e-01  3.840078e-06
6.356846e-01  3.831305e-06
6.360332e-01  3.823380e-06
6.362291e-01  3.818774e-06
6.365676e-01  3.811463e-06
6.368531e-01  3.805460e-06
6.372149e-01  3.797588e-06
6.374606e-01  3.792193e-06
6.376830e-01  3.787507e-06
6.383568e-01  3.772903e-06
6.384996e-01  3.770222e-06
6.391735e-01  3.756148e-06
6.392498e-01  3.754291e-06
6.393295e-01  3.753015e-06
6.401461e-01  3.735772e-06
6.401593e-01  3.735772e-06
6.409759e-01  3.719182e-06
6.410523e-01  3.717803e-06
6.411319e-01  3.715965e-06
6.418058e-01  3.703010e-06
6.419486e-01  3.700378e-06
6.421179e-01  3.696720e-06
6.426490e-01  3.686451e-06
6.428548e-01  3.682011e-06
6.431004e-01  3.676779e-06
6.434656e-01  3.669173e-06
6.437510e-01  3.662942e-06
6.440863e-01  3.655929e-06
6.442954e-01  3.651525e-06
6.446573e-01  3.644422e-06
6.450855e-01  3.635647e-06
6.451253e-01  3.634748e-06
6.455668e-01  3.625996e-06
6.459685e-01  3.617712e-06
6.460714e-01  3.615588e-06
6.464598e-01  3.608109e-06
6.467983e-01  3.601202e-06
6.470705e-01  3.595974e-06
6.473693e-01  3.589867e-06
6.476282e-01  3.585099e-06
6.480564e-01  3.576909e-06
6.482755e-01  3.572600e-06
6.484714e-01  3.568737e-06
6.490523e-01  3.557944e-06
6.491950e-01  3.554976e-06
6.493112e-01  3.552780e-06
6.500515e-01  3.538643e-06
6.501046e-01  3.537440e-06
6.501411e-01  3.536565e-06
6.506490e-01  3.525870e-06
6.509842e-01  3.519120e-06
6.510108e-01  3.518685e-06
6.510506e-01  3.517815e-06
6.518141e-01  3.502518e-06
6.519336e-01  3.500461e-06
6.520498e-01  3.497866e-06
6.526573e-01  3.485671e-06
6.528398e-01  3.482333e-06
6.535004e-01  3.469763e-06
6.537593e-01  3.464726e-06
6.540581e-01  3.458842e-06
6.543436e-01  3.453394e-06
6.546822e-01  3.447209e-06
6.550705e-01  3.439652e-06
6.551867e-01  3.437633e-06
6.555884e-01  3.429780e-06
6.560432e-01  3.421839e-06
6.560697e-01  3.421098e-06
6.565079e-01  3.413177e-06
6.568863e-01  3.406222e-06
6.570788e-01  3.402119e-06
6.574307e-01  3.395081e-06
6.577295e-01  3.389419e-06
6.581046e-01  3.381990e-06
6.583635e-01  3.377185e-06
6.585726e-01  3.373012e-06
6.591170e-01  3.362915e-06
6.592830e-01  3.359695e-06
6.594125e-01  3.356788e-06
6.601261e-01  3.343431e-06
6.602058e-01  3.342295e-06
6.609826e-01  3.327761e-06
6.611253e-01  3.325396e-06
6.611386e-01  3.325396e-06
6.611519e-01  3.324985e-06
6.619685e-01  3.310117e-06
6.620581e-01  3.308481e-06
6.621643e-01  3.306948e-06
6.628249e-01  3.295011e-06
6.629942e-01  3.292161e-06
6.631734e-01  3.289008e-06
6.636813e-01  3.279872e-06
6.639137e-01  3.275516e-06
6.641992e-01  3.270357e-06
6.645344e-01  3.264096e-06
6.648465e-01  3.258149e-06
6.652216e-01  3.251108e-06
6.653909e-01  3.247994e-06
6.657793e-01  3.240975e-06
6.662473e-01  3.232671e-06
6.662473e-01  3.232372e-06
6.667154e-01  3.224190e-06
6.671037e-01  3.217122e-06
6.672863e-01  3.214439e-06
6.676481e-01  3.207789e-06
6.679734e-01  3.202440e-06
6.683087e-01  3.196210e-06
6.685942e-01  3.191571e-06
6.688266e-01  3.187332e-06
6.693344e-01  3.178970e-06
6.695270e-01  3.175827e-06
6.696963e-01  3.172786e-06
6.699950e-01  3.167397e-06
6.703967e-01  3.141172e-06
6.704631e-01  3.139231e-06
6.704730e-01  3.139231e-06
6.713162e-01  3.122973e-06
6.714091e-01  3.121140e-06
6.715253e-01  3.119211e-06
6.721726e-01  3.107184e-06
6.723552e-01  3.104208e-06
6.725610e-01  3.100468e-06
6.730423e-01  3.092238e-06
6.732880e-01  3.087750e-06
6.736000e-01  3.082219e-06
6.738988e-01  3.077365e-06
6.742340e-01  3.071379e-06
6.746357e-01  3.064741e-06
6.747652e-01  3.062468e-06
6.751801e-01  3.055472e-06
6.754290e-01  3.051414e-06
6.756349e-01  3.048115e-06
6.756747e-01  3.047361e-06
6.761295e-01  3.040024e-06
6.765179e-01  3.033829e-06
6.767236e-01  3.030549e-06
6.770755e-01  3.024280e-06
6.773743e-01  3.018863e-06
6.777759e-01  3.012246e-06
6.780349e-01  3.007594e-06
6.782539e-01  3.003878e-06
6.788116e-01  2.994516e-06
6.789809e-01  2.991648e-06
6.791236e-01  2.989060e-06
6.798639e-01  2.977167e-06
6.799403e-01  2.975787e-06
6.799934e-01  2.975051e-06
6.806407e-01  2.964679e-06
6.808730e-01  2.960741e-06
6.808863e-01  2.960741e-06
6.809129e-01  2.960009e-06
6.817427e-01  2.947138e-06
6.818456e-01  2.945772e-06
6.819618e-01  2.943588e-06
6.826257e-01  2.933688e-06
6.828050e-01  2.930878e-06
6.830141e-01  2.927619e-06
6.835054e-01  2.920209e-06
6.837510e-01  2.916691e-06
6.840498e-01  2.911827e-06
6.843884e-01  2.906522e-06
6.847137e-01  2.900958e-06
6.851153e-01  2.894599e-06
6.852714e-01  2.892184e-06
6.856863e-01  2.885934e-06
6.861510e-01  2.878629e-06
6.861643e-01  2.878273e-06
6.866456e-01  2.870988e-06
6.870340e-01  2.865049e-06
6.872266e-01  2.862305e-06
6.876050e-01  2.856737e-06
6.879270e-01  2.851973e-06
6.882788e-01  2.846777e-06
6.885643e-01  2.842294e-06
6.888100e-01  2.838869e-06
6.893411e-01  2.831684e-06
6.895369e-01  2.828622e-06
6.897029e-01  2.826263e-06
6.903901e-01  2.816670e-06
6.905095e-01  2.815365e-06
6.905992e-01  2.813973e-06
6.914423e-01  2.802429e-06
6.914954e-01  2.801823e-06
6.917411e-01  2.798102e-06
6.923884e-01  2.788605e-06
6.924415e-01  2.787657e-06
6.925046e-01  2.786624e-06
6.932846e-01  2.775879e-06
6.934141e-01  2.773820e-06
6.935701e-01  2.771507e-06
6.941776e-01  2.763124e-06
6.943867e-01  2.760137e-06
6.946324e-01  2.756812e-06
6.950739e-01  2.750854e-06
6.953593e-01  2.746861e-06
6.959801e-01  2.738892e-06
6.963319e-01  2.734325e-06
6.967569e-01  2.728669e-06
6.968763e-01  2.727067e-06
6.977826e-01  2.715544e-06
6.978224e-01  2.715208e-06
6.982871e-01  2.709340e-06
6.986888e-01  2.704404e-06
6.988847e-01  2.702148e-06
6.992730e-01  2.697225e-06
6.995983e-01  2.692977e-06
6.999469e-01  2.688486e-06
7.002456e-01  2.683588e-06
7.005046e-01  2.679693e-06
7.010390e-01  2.671671e-06
7.012315e-01  2.668700e-06
7.014008e-01  2.666144e-06
7.021278e-01  2.655536e-06
7.022174e-01  2.654305e-06
7.031502e-01  2.640885e-06
7.032033e-01  2.640232e-06
7.032033e-01  2.639905e-06
7.032166e-01  2.639905e-06
7.041095e-01  2.627451e-06
7.041892e-01  2.626234e-06
7.042921e-01  2.624935e-06
7.050191e-01  2.615137e-06
7.051751e-01  2.612956e-06
7.053809e-01  2.610453e-06
7.059253e-01  2.603202e-06
7.061710e-01  2.600066e-06
7.064564e-01  2.596292e-06
7.068348e-01  2.591241e-06
7.071568e-01  2.586920e-06
7.075452e-01  2.581569e-06
7.077411e-01  2.578778e-06
7.081560e-01  2.573523e-06
7.086373e-01  2.567008e-06
7.086606e-01  2.566691e-06
7.091419e-01  2.560511e-06
7.095701e-01  2.554898e-06
7.097261e-01  2.552767e-06
7.101411e-01  2.547486e-06
7.104896e-01  2.543238e-06
7.111369e-01  2.535233e-06
7.114125e-01  2.531866e-06
7.121361e-01  2.523351e-06
7.123319e-01  2.520934e-06
7.129925e-01  2.513310e-06
7.131353e-01  2.511757e-06
7.132514e-01  2.510283e-06
7.140680e-01  2.500912e-06
7.141345e-01  2.500294e-06
7.141842e-01  2.499676e-06
7.146390e-01  2.494890e-06
7.148349e-01  2.492424e-06
7.151203e-01  2.489114e-06
7.151336e-01  2.488883e-06
7.151569e-01  2.488575e-06
7.160398e-01  2.478060e-06
7.161427e-01  2.477141e-06
7.162589e-01  2.475687e-06
7.169726e-01  2.467285e-06
7.171419e-01  2.465531e-06
7.173510e-01  2.463170e-06
7.179087e-01  2.456935e-06
7.181544e-01  2.454203e-06
7.184398e-01  2.451247e-06
7.188415e-01  2.446857e-06
7.191535e-01  2.443305e-06
7.195286e-01  2.439456e-06
7.197743e-01  2.436819e-06
7.201626e-01  2.432680e-06
7.206307e-01  2.428023e-06
7.207071e-01  2.427123e-06
7.211751e-01  2.422476e-06
7.216531e-01  2.417764e-06
7.217195e-01  2.417166e-06
7.221875e-01  2.412539e-06
7.228083e-01  2.406432e-06
7.231967e-01  2.402642e-06
7.235486e-01  2.399451e-06
7.238971e-01  2.395968e-06
7.242224e-01  2.392786e-06
7.244946e-01  2.390199e-06
7.249361e-01  2.392490e-06
7.252348e-01  2.393673e-06
7.255203e-01  2.390199e-06
7.260116e-01  2.384444e-06
7.262573e-01  2.381866e-06
7.264531e-01  2.379511e-06
7.271270e-01  2.372095e-06
7.272697e-01  2.370336e-06
7.273992e-01  2.369237e-06
7.282290e-01  2.360393e-06
7.282921e-01  2.359810e-06
7.290191e-01  2.352382e-06
7.292913e-01  2.349839e-06
7.293178e-01  2.349548e-06
7.293311e-01  2.349258e-06
7.302506e-01  2.340488e-06
7.304332e-01  2.338825e-06
7.312100e-01  2.332040e-06
7.313660e-01  2.330671e-06
7.315353e-01  2.328943e-06
7.321693e-01  2.323623e-06
7.323917e-01  2.321684e-06
7.326373e-01  2.319676e-06
7.331286e-01  2.315521e-06
7.334141e-01  2.313232e-06
7.337262e-01  2.310731e-06
7.341013e-01  2.307948e-06
7.344398e-01  2.305167e-06
7.348282e-01  2.302106e-06
7.350739e-01  2.300186e-06
7.354788e-01  2.296847e-06
7.359303e-01  2.293229e-06
7.360465e-01  2.292379e-06
7.365013e-01  2.289122e-06
7.370191e-01  2.285234e-06
7.375402e-01  2.281635e-06
7.381212e-01  2.277478e-06
7.385759e-01  2.274453e-06
7.389909e-01  2.271713e-06
7.392133e-01  2.270380e-06
7.396149e-01  2.267925e-06
7.399768e-01  2.265473e-06
7.403021e-01  2.263513e-06
7.406506e-01  2.261625e-06
7.409626e-01  2.259739e-06
7.413909e-01  2.257226e-06
7.416896e-01  2.255621e-06
7.419618e-01  2.254228e-06
7.424797e-01  2.251512e-06
7.427253e-01  2.250469e-06
7.429577e-01  2.249078e-06
7.435552e-01  2.246091e-06
7.437776e-01  2.245327e-06
7.439701e-01  2.244217e-06
7.446440e-01  2.241237e-06
7.448133e-01  2.240682e-06
7.449693e-01  2.239852e-06
7.457195e-01  2.236877e-06
7.458622e-01  2.236393e-06
7.459817e-01  2.235840e-06
7.467983e-01  2.232871e-06
7.470042e-01  2.232319e-06
7.478738e-01  2.229354e-06
7.480299e-01  2.228802e-06
7.489494e-01  2.226393e-06
7.490025e-01  2.226118e-06
7.490523e-01  2.226118e-06
7.495336e-01  2.224811e-06
7.500017e-01  2.220208e-06
7.500515e-01  2.202098e-06
7.504266e-01  2.174840e-06
7.507253e-01  2.173832e-06
7.511037e-01  2.173026e-06
7.515054e-01  2.172220e-06
7.517643e-01  2.171952e-06
7.521660e-01  2.171213e-06
7.525676e-01  2.170676e-06
7.528000e-01  2.170140e-06
7.532149e-01  2.169603e-06
7.536432e-01  2.168799e-06
7.538390e-01  2.168598e-06
7.542672e-01  2.168062e-06
7.547054e-01  2.167526e-06
7.548880e-01  2.167258e-06
7.553295e-01  2.166722e-06
7.557842e-01  2.166186e-06
7.559403e-01  2.165918e-06
7.563917e-01  2.165718e-06
7.568465e-01  2.165182e-06
7.569892e-01  2.164914e-06
7.574573e-01  2.164647e-06
7.579220e-01  2.164112e-06
7.580382e-01  2.164112e-06
7.585195e-01  2.163577e-06
7.589876e-01  2.163577e-06
7.591037e-01  2.163309e-06
7.595818e-01  2.163042e-06
7.600631e-01  2.163042e-06
7.601660e-01  2.162841e-06
7.606473e-01  2.162841e-06
7.611253e-01  2.162574e-06
7.633693e-01  2.162574e-06
7.638473e-01  2.162841e-06
7.644315e-01  2.162841e-06
7.649262e-01  2.163042e-06
7.654042e-01  2.163309e-06
7.655204e-01  2.163309e-06
7.660016e-01  2.163844e-06
7.664664e-01  2.164112e-06
7.665992e-01  2.164112e-06
7.670639e-01  2.164647e-06
7.675453e-01  2.165182e-06
7.676747e-01  2.165182e-06
7.686075e-01  2.166186e-06
7.687635e-01  2.166454e-06
7.692282e-01  2.166990e-06
7.696697e-01  2.167526e-06
7.698523e-01  2.167793e-06
7.703070e-01  2.168062e-06
7.707486e-01  2.167793e-06
7.709411e-01  2.167793e-06
7.713826e-01  2.167526e-06
7.724714e-01  2.167526e-06
7.729129e-01  2.167258e-06
7.730954e-01  2.167258e-06
7.735469e-01  2.167526e-06
7.740017e-01  2.167258e-06
7.741843e-01  2.167258e-06
7.746357e-01  2.167526e-06
7.757278e-01  2.167526e-06
7.761660e-01  2.167793e-06
7.763618e-01  2.167793e-06
7.768166e-01  2.168062e-06
7.772548e-01  2.168062e-06
7.774506e-01  2.168330e-06
7.779054e-01  2.168598e-06
7.783469e-01  2.168799e-06
7.785527e-01  2.168799e-06
7.794357e-01  2.169335e-06
7.796548e-01  2.169603e-06
7.800830e-01  2.169872e-06
7.805112e-01  2.170408e-06
7.807569e-01  2.170408e-06
7.811851e-01  2.170945e-06
7.816000e-01  2.171213e-06
7.818589e-01  2.171415e-06
7.826888e-01  2.172489e-06
7.829610e-01  2.172757e-06
7.833759e-01  2.173295e-06
7.837776e-01  2.173563e-06
7.840764e-01  2.174101e-06
7.844780e-01  2.174571e-06
7.848664e-01  2.175109e-06
7.851917e-01  2.175647e-06
7.855668e-01  2.176185e-06
7.859585e-01  2.176723e-06
7.863071e-01  2.177194e-06
7.870340e-01  2.178271e-06
7.874224e-01  2.179079e-06
7.877843e-01  2.179618e-06
7.881228e-01  2.180359e-06
7.885510e-01  2.181168e-06
7.888863e-01  2.181707e-06
7.892116e-01  2.182247e-06
7.896664e-01  2.183258e-06
7.899884e-01  2.183798e-06
7.903004e-01  2.184608e-06
7.907950e-01  2.185419e-06
7.911038e-01  2.186162e-06
7.913892e-01  2.186703e-06
7.919336e-01  2.188055e-06
7.922058e-01  2.188528e-06
7.924780e-01  2.189340e-06
7.930623e-01  2.190694e-06
7.933212e-01  2.191168e-06
7.935701e-01  2.191710e-06
7.942041e-01  2.193607e-06
7.944365e-01  2.194082e-06
7.946589e-01  2.194624e-06
7.953461e-01  2.196524e-06
7.955519e-01  2.197000e-06
7.957477e-01  2.197543e-06
7.964846e-01  2.199649e-06
7.966672e-01  2.200193e-06
7.968365e-01  2.200466e-06
7.976266e-01  2.202847e-06
7.977826e-01  2.203392e-06
7.979253e-01  2.203937e-06
7.987817e-01  2.206322e-06
7.988979e-01  2.206868e-06
7.990141e-01  2.207141e-06
7.999336e-01  2.210076e-06
8.000265e-01  2.210349e-06
8.001029e-01  2.210622e-06
8.010888e-01  2.213289e-06
8.011419e-01  2.213562e-06
8.012050e-01  2.213562e-06
8.022440e-01  2.216506e-06
8.022706e-01  2.216506e-06
8.023071e-01  2.216712e-06
8.033958e-01  2.219659e-06
8.036050e-01  2.220208e-06
8.044979e-01  2.222612e-06
8.045245e-01  2.222886e-06
8.045510e-01  2.222886e-06
8.056033e-01  2.225842e-06
8.057062e-01  2.226393e-06
8.067054e-01  2.229354e-06
8.067817e-01  2.229629e-06
8.068714e-01  2.229905e-06
8.078075e-01  2.232871e-06
8.079104e-01  2.233147e-06
8.080266e-01  2.233423e-06
8.089096e-01  2.236393e-06
8.091950e-01  2.237430e-06
8.100116e-01  2.240129e-06
8.101776e-01  2.240682e-06
8.103734e-01  2.241514e-06
8.111137e-01  2.243940e-06
8.113195e-01  2.244772e-06
8.115419e-01  2.245535e-06
8.122157e-01  2.248035e-06
8.124614e-01  2.248800e-06
8.127203e-01  2.249912e-06
8.133178e-01  2.252069e-06
8.136033e-01  2.253183e-06
8.139021e-01  2.254228e-06
8.144199e-01  2.256179e-06
8.147419e-01  2.257505e-06
8.150805e-01  2.258901e-06
8.155220e-01  2.260507e-06
8.158838e-01  2.262184e-06
8.162589e-01  2.263513e-06
8.166373e-01  2.265193e-06
8.170257e-01  2.266523e-06
8.174539e-01  2.268486e-06
8.177394e-01  2.269538e-06
8.181809e-01  2.271503e-06
8.186457e-01  2.273399e-06
8.188415e-01  2.274242e-06
8.193195e-01  2.276422e-06
8.198407e-01  2.278604e-06
8.199568e-01  2.279168e-06
8.204747e-01  2.281353e-06
8.210324e-01  2.283822e-06
8.210589e-01  2.284104e-06
8.216299e-01  2.286576e-06
8.221742e-01  2.289122e-06
8.222374e-01  2.289334e-06
8.227818e-01  2.291883e-06
8.232763e-01  2.294080e-06
8.234324e-01  2.294931e-06
8.239369e-01  2.297131e-06
8.243784e-01  2.299901e-06
8.249361e-01  2.352382e-06
8.249726e-01  2.366383e-06
8.250921e-01  2.386434e-06
8.253875e-01  2.388722e-06
8.259087e-01  2.392786e-06
8.262440e-01  2.395376e-06
8.266323e-01  2.398561e-06
8.269975e-01  2.401157e-06
8.273992e-01  2.404053e-06
8.278672e-01  2.407548e-06
8.280863e-01  2.409334e-06
8.285643e-01  2.412837e-06
8.291120e-01  2.416867e-06
8.291751e-01  2.417465e-06
8.297328e-01  2.421877e-06
8.303569e-01  2.426523e-06
8.308879e-01  2.430952e-06
8.313660e-01  2.434786e-06
8.316017e-01  2.436518e-06
8.320531e-01  2.440361e-06
8.328564e-01  2.446857e-06
8.332216e-01  2.449808e-06
8.335436e-01  2.452459e-06
8.341012e-01  2.457163e-06
8.343867e-01  2.459899e-06
8.346490e-01  2.461952e-06
8.353593e-01  2.468200e-06
8.355685e-01  2.469955e-06
8.357378e-01  2.471482e-06
8.366307e-01  2.479286e-06
8.367336e-01  2.480129e-06
8.368265e-01  2.481049e-06
8.379021e-01  2.490653e-06
8.379153e-01  2.490961e-06
8.379286e-01  2.490961e-06
8.380847e-01  2.492424e-06
8.390174e-01  2.500294e-06
8.390805e-01  2.500912e-06
8.391602e-01  2.501531e-06
8.401195e-01  2.509972e-06
8.402622e-01  2.511214e-06
8.404315e-01  2.512378e-06
8.412216e-01  2.519377e-06
8.414406e-01  2.521480e-06
8.417029e-01  2.523663e-06
8.423237e-01  2.529441e-06
8.426224e-01  2.532179e-06
8.429710e-01  2.535233e-06
8.434257e-01  2.539233e-06
8.438009e-01  2.542924e-06
8.442423e-01  2.546935e-06
8.445278e-01  2.549377e-06
8.449958e-01  2.553951e-06
8.455270e-01  2.558929e-06
8.456299e-01  2.559878e-06
8.461743e-01  2.565105e-06
8.467320e-01  2.570422e-06
8.468116e-01  2.571296e-06
8.473693e-01  2.576626e-06
8.478340e-01  2.580930e-06
8.481062e-01  2.583724e-06
8.485477e-01  2.588120e-06
8.493909e-01  2.596292e-06
8.497394e-01  2.599423e-06
8.500382e-01  2.602236e-06
8.506755e-01  2.607550e-06
8.509344e-01  2.609808e-06
8.511668e-01  2.611664e-06
8.519568e-01  2.618615e-06
8.521262e-01  2.620234e-06
8.522822e-01  2.621125e-06
8.532415e-01  2.629726e-06
8.533975e-01  2.630946e-06
8.545261e-01  2.640885e-06
8.556415e-01  2.650780e-06
8.557179e-01  2.651353e-06
8.558108e-01  2.652009e-06
8.567701e-01  2.660711e-06
8.569228e-01  2.661945e-06
8.571054e-01  2.663591e-06
8.578855e-01  2.670680e-06
8.581178e-01  2.672910e-06
8.583900e-01  2.675142e-06
8.590108e-01  2.680687e-06
8.593228e-01  2.683588e-06
8.596846e-01  2.686825e-06
8.601394e-01  2.691064e-06
8.605278e-01  2.694642e-06
8.609826e-01  2.698560e-06
8.612681e-01  2.701146e-06
8.617361e-01  2.704739e-06
8.622805e-01  2.709340e-06
8.624099e-01  2.710597e-06
8.641593e-01  2.725381e-06
8.646772e-01  2.729681e-06
8.653776e-01  2.735593e-06
8.658191e-01  2.739570e-06
8.661710e-01  2.742535e-06
8.665859e-01  2.746182e-06
8.669610e-01  2.749494e-06
8.674656e-01  2.753832e-06
8.678041e-01  2.756812e-06
8.681029e-01  2.759114e-06
8.687767e-01  2.765175e-06
8.690224e-01  2.767483e-06
8.692415e-01  2.769195e-06
8.700713e-01  2.776565e-06
8.702407e-01  2.777853e-06
8.703834e-01  2.779227e-06
8.713826e-01  2.787657e-06
8.714589e-01  2.788261e-06
8.715253e-01  2.788950e-06
8.726008e-01  2.798102e-06
8.726805e-01  2.798708e-06
8.726904e-01  2.798708e-06
8.738324e-01  2.808239e-06
8.739121e-01  2.808586e-06
8.739884e-01  2.809280e-06
8.749875e-01  2.817019e-06
8.751303e-01  2.818064e-06
8.752996e-01  2.819457e-06
8.761527e-01  2.826263e-06
8.763618e-01  2.827573e-06
8.766075e-01  2.829672e-06
8.773079e-01  2.835099e-06
8.775934e-01  2.837554e-06
8.779054e-01  2.839923e-06
8.784764e-01  2.844403e-06
8.788249e-01  2.847129e-06
8.792133e-01  2.850211e-06
8.796415e-01  2.853296e-06
8.800564e-01  2.856737e-06
8.805245e-01  2.860271e-06
8.808099e-01  2.862305e-06
8.812880e-01  2.865757e-06
8.818323e-01  2.869923e-06
8.819751e-01  2.870988e-06
8.825328e-01  2.875161e-06
8.831436e-01  2.879608e-06
8.837643e-01  2.884150e-06
8.843220e-01  2.888343e-06
8.844514e-01  2.889415e-06
8.850091e-01  2.893615e-06
8.855037e-01  2.897105e-06
8.857627e-01  2.899165e-06
8.862406e-01  2.902303e-06
8.866822e-01  2.905804e-06
8.870838e-01  2.908679e-06
8.874855e-01  2.911827e-06
8.878639e-01  2.914258e-06
8.883950e-01  2.918134e-06
8.887303e-01  2.920209e-06
8.890423e-01  2.922376e-06
8.897029e-01  2.926986e-06
8.899751e-01  2.928705e-06
8.910141e-01  2.934413e-06
8.912332e-01  2.935774e-06
8.914290e-01  2.936863e-06
8.923121e-01  2.941496e-06
8.924780e-01  2.942587e-06
8.926340e-01  2.943224e-06
8.936199e-01  2.948596e-06
8.937361e-01  2.949325e-06
8.938423e-01  2.950054e-06
8.949311e-01  2.955713e-06
8.949942e-01  2.956078e-06
8.950473e-01  2.956444e-06
8.962257e-01  2.962847e-06
8.962523e-01  2.962847e-06
8.965643e-01  2.964679e-06
8.974706e-01  2.969264e-06
8.974971e-01  2.969264e-06
8.975369e-01  2.969631e-06
8.986789e-01  2.975787e-06
8.987552e-01  2.976155e-06
8.988448e-01  2.976891e-06
8.998971e-01  2.982232e-06
9.001560e-01  2.982969e-06
9.011419e-01  2.984076e-06
9.014274e-01  2.984721e-06
9.023867e-01  2.985829e-06
9.025560e-01  2.986198e-06
9.027087e-01  2.986198e-06
9.036448e-01  2.987675e-06
9.038108e-01  2.988044e-06
9.039934e-01  2.988044e-06
9.049029e-01  2.989060e-06
9.052647e-01  2.989800e-06
9.061577e-01  2.990909e-06
9.065494e-01  2.991648e-06
9.074157e-01  2.992666e-06
9.076249e-01  2.993036e-06
9.078440e-01  2.993406e-06
9.086739e-01  2.994516e-06
9.088962e-01  2.994886e-06
9.091286e-01  2.995256e-06
9.099320e-01  2.996275e-06
9.101776e-01  2.995256e-06
9.103867e-01  2.993406e-06
9.112929e-01  2.986198e-06
9.114490e-01  2.984721e-06
9.115917e-01  2.983707e-06
9.126440e-01  2.975787e-06
9.127336e-01  2.975051e-06
9.127967e-01  2.974316e-06
9.140050e-01  2.965687e-06
9.140183e-01  2.965687e-06
9.141610e-01  2.964679e-06
9.152365e-01  2.957175e-06
9.152863e-01  2.956809e-06
9.153527e-01  2.956078e-06
9.164548e-01  2.948960e-06
9.165710e-01  2.948231e-06
9.167137e-01  2.947138e-06
9.176863e-01  2.941132e-06
9.178689e-01  2.940042e-06
9.180614e-01  2.938679e-06
9.189179e-01  2.933325e-06
9.191535e-01  2.931875e-06
9.194125e-01  2.930516e-06
9.201262e-01  2.923098e-06
9.204349e-01  2.912817e-06
9.209660e-01  2.895315e-06
9.211618e-01  2.889057e-06
9.217328e-01  2.870988e-06
9.222008e-01  2.856737e-06
9.226656e-01  2.843348e-06
9.230307e-01  2.833084e-06
9.232498e-01  2.826612e-06
9.243121e-01  2.798102e-06
9.243253e-01  2.797756e-06
9.253875e-01  2.769195e-06
9.256232e-01  2.763124e-06
9.259718e-01  2.754513e-06
9.264664e-01  2.742196e-06
9.269178e-01  2.731622e-06
9.274888e-01  2.718147e-06
9.275552e-01  2.716803e-06
9.275818e-01  2.716216e-06
9.282158e-01  2.702148e-06
9.286572e-01  2.692644e-06
9.291751e-01  2.681018e-06
9.295270e-01  2.673241e-06
9.302141e-01  2.640885e-06
9.305361e-01  2.608195e-06
9.308216e-01  2.580930e-06
9.312498e-01  2.540489e-06
9.318075e-01  2.492424e-06
9.319900e-01  2.477141e-06
9.321328e-01  2.465227e-06
9.326905e-01  2.421278e-06
9.327403e-01  2.417166e-06
9.329992e-01  2.398265e-06
9.334407e-01  2.365798e-06
9.335204e-01  2.360393e-06
9.336232e-01  2.352382e-06
9.343104e-01  2.307662e-06
9.347518e-01  2.279168e-06
9.351137e-01  2.256737e-06
9.357610e-01  2.220208e-06
9.359436e-01  2.209529e-06
9.360598e-01  2.203392e-06
9.364614e-01  2.181707e-06
9.367867e-01  2.164379e-06
9.373709e-01  2.136069e-06
9.382274e-01  2.095461e-06
9.385361e-01  2.081841e-06
9.386921e-01  2.075609e-06
9.390938e-01  2.058869e-06
9.394456e-01  2.044474e-06
9.400033e-01  2.021415e-06
9.400033e-01  6.913253e-08

# chain: 349 vertices
9.740017e-01  3.659886e-08
9.740017e-01  9.887620e-07
9.752730e-01  1.027487e-06
9.762324e-01  1.047010e-06
9.769328e-01  1.062035e-06
9.778921e-01  1.084189e-06
9.784996e-01  1.099340e-06
9.789145e-01  1.109341e-06
9.799934e-01  1.139469e-06
9.818091e-01  1.148024e-06
9.830407e-01  1.154000e-06
9.851021e-01  1.164642e-06
9.857228e-01  1.168030e-06
9.860481e-01  1.169728e-06
9.870473e-01  1.175382e-06
9.889926e-01  1.186954e-06
9.896664e-01  1.190813e-06
9.910274e-01  1.199197e-06
9.919203e-01  1.204844e-06
9.936199e-01  1.216255e-06
9.947751e-01  1.224477e-06
9.975768e-01  1.245201e-06
9.975867e-01  1.245201e-06
9.976133e-01  1.245355e-06
1.001570e+00  1.258511e-06
1.002151e+00  1.255946e-06
1.004783e+00  1.245355e-06
1.005421e+00  1.242817e-06
1.005577e+00  1.242203e-06
1.005796e+00  1.241320e-06
1.008700e+00  1.229521e-06
1.009583e+00  1.225689e-06
1.011346e+00  1.214189e-06
1.011708e+00  1.211678e-06
1.013617e+00  1.198456e-06
1.016999e+00  1.175382e-06
1.017481e+00  1.172117e-06
1.017673e+00  1.170850e-06
1.018128e+00  1.167597e-06
1.020332e+00  1.152218e-06
1.021733e+00  1.140702e-06
1.023004e+00  1.129616e-06
1.023768e+00  1.123071e-06
1.025441e+00  1.109341e-06
1.025686e+00  1.107456e-06
1.025816e+00  1.106396e-06
1.026194e+00  1.103459e-06
1.028385e+00  1.085766e-06
1.029915e+00  1.073619e-06
1.032495e+00  1.047010e-06
1.033391e+00  1.037700e-06
1.034025e+00  1.031337e-06
1.035854e+00  1.013797e-06
1.037398e+00  9.987439e-07
1.038161e+00  9.915162e-07
1.038304e+00  9.901992e-07
1.038513e+00  9.881815e-07
1.040222e+00  9.730279e-07
1.040793e+00  9.676297e-07
1.041623e+00  9.600631e-07
1.042297e+00  9.542943e-07
1.043296e+00  9.456914e-07
1.044853e+00  9.326585e-07
1.045826e+00  9.243648e-07
1.046460e+00  9.191229e-07
1.048378e+00  9.039382e-07
1.049324e+00  8.964261e-07
1.050649e+00  8.837716e-07
1.050805e+00  8.821615e-07
1.050948e+00  8.802550e-07
1.053009e+00  8.584121e-07
1.054848e+00  8.396503e-07
1.055263e+00  8.356117e-07
1.055731e+00  8.307960e-07
1.057520e+00  8.135174e-07
1.059051e+00  7.994842e-07
1.059817e+00  7.923748e-07
1.060724e+00  7.840919e-07
1.062151e+00  7.720680e-07
1.063290e+00  7.623460e-07
1.064498e+00  7.523976e-07
1.066042e+00  7.400360e-07
1.066871e+00  7.334552e-07
1.067532e+00  7.282598e-07
1.069281e+00  7.153655e-07
1.070941e+00  6.984554e-07
1.071343e+00  6.941728e-07
1.071798e+00  6.890853e-07
1.073275e+00  6.725677e-07
1.074546e+00  6.592928e-07
1.075246e+00  6.518567e-07
1.076076e+00  6.434099e-07
1.077255e+00  6.321741e-07
1.078254e+00  6.222490e-07
1.079280e+00  6.131427e-07
1.080382e+00  6.033112e-07
1.081341e+00  5.948496e-07
1.082261e+00  5.872866e-07
1.083429e+00  5.774413e-07
1.084700e+00  5.674978e-07
1.085567e+00  5.608197e-07
1.086397e+00  5.542888e-07
1.087721e+00  5.447271e-07
1.089029e+00  5.353470e-07
1.089899e+00  5.292435e-07
1.090818e+00  5.231448e-07
1.092116e+00  5.145020e-07
1.093374e+00  5.064243e-07
1.094387e+00  5.003412e-07
1.095436e+00  4.937508e-07
1.096641e+00  4.865851e-07
1.097743e+00  4.803986e-07
1.098951e+00  4.734854e-07
1.100169e+00  4.660084e-07
1.100986e+00  4.590751e-07
1.102128e+00  4.493190e-07
1.102802e+00  4.437572e-07
1.103266e+00  4.398112e-07
1.104641e+00  4.290698e-07
1.106198e+00  4.169123e-07
1.106433e+00  4.150994e-07
1.106483e+00  4.148558e-07
1.106536e+00  4.145481e-07
1.108352e+00  4.012613e-07
1.109713e+00  3.917762e-07
1.110244e+00  3.881484e-07
1.110958e+00  3.834978e-07
1.112149e+00  3.756148e-07
1.113059e+00  3.697635e-07
1.114068e+00  3.635197e-07
1.115393e+00  3.554976e-07
1.116013e+00  3.518685e-07
1.116468e+00  3.489875e-07
1.117959e+00  3.405801e-07
1.119841e+00  3.298985e-07
1.119904e+00  3.296131e-07
1.119930e+00  3.293789e-07
1.120100e+00  3.283015e-07
1.121434e+00  3.173570e-07
1.122251e+00  3.109105e-07
1.122951e+00  3.054433e-07
1.124312e+00  2.949325e-07
1.124455e+00  2.939315e-07
1.124495e+00  2.934413e-07
1.124740e+00  2.918494e-07
1.125935e+00  2.827574e-07
1.126725e+00  2.769537e-07
1.127386e+00  2.719155e-07
1.128813e+00  2.614167e-07
1.128813e+00  2.613844e-07
1.128827e+00  2.613601e-07
1.130188e+00  2.511214e-07
1.130782e+00  2.466980e-07
1.131509e+00  2.410452e-07
1.132093e+00  2.365213e-07
1.132508e+00  2.328367e-07
1.132740e+00  2.311303e-07
1.133311e+00  2.262184e-07
1.133882e+00  2.213562e-07
1.134065e+00  2.197543e-07
1.134324e+00  2.169604e-07
1.134868e+00  2.115831e-07
1.135193e+00  2.074070e-07
1.135618e+00  2.016049e-07
1.135632e+00  2.013371e-07
1.135970e+00  1.957533e-07
1.136086e+00  1.914039e-07
1.136166e+00  1.887661e-07
1.136113e+00  1.847545e-07
1.136073e+00  1.806272e-07
1.135957e+00  1.786341e-07
1.135685e+00  1.743737e-07
1.135582e+00  1.731974e-07
1.135217e+00  1.701939e-07
1.134971e+00  1.680872e-07
1.134337e+00  1.645762e-07
1.134051e+00  1.630522e-07
1.133324e+00  1.598932e-07
1.133311e+00  1.598734e-07
1.133222e+00  1.555357e-07
1.133261e+00  1.553291e-07
1.133298e+00  1.552907e-07
1.133311e+00  1.551947e-07
1.134373e+00  1.509093e-07
1.134788e+00  1.494056e-07
1.135452e+00  1.466016e-07
1.135582e+00  1.460679e-07
1.136216e+00  1.435881e-07
1.137046e+00  1.397872e-07
1.137371e+00  1.383773e-07
1.137527e+00  1.378139e-07
1.137849e+00  1.360281e-07
1.138629e+00  1.319167e-07
1.138798e+00  1.306023e-07
1.139134e+00  1.284605e-07
1.139446e+00  1.257888e-07
1.139651e+00  1.232641e-07
1.139758e+00  1.202946e-07
1.139758e+00  1.192102e-07
1.139628e+00  1.163383e-07
1.139393e+00  1.140561e-07
1.138822e+00  1.111743e-07
1.138486e+00  1.098016e-07
1.138317e+00  1.091418e-07
1.137849e+00  1.078574e-07
1.136697e+00  1.051583e-07
1.135827e+00  1.036321e-07
1.134712e+00  1.018098e-07
1.133311e+00  9.992072e-08
1.132441e+00  9.890066e-08
1.131446e+00  9.780933e-08
1.129992e+00  9.633329e-08
1.128813e+00  9.530269e-08
1.127333e+00  9.407937e-08
1.124986e+00  9.231370e-08
1.124558e+00  9.202316e-08
1.124312e+00  9.185835e-08
1.123446e+00  9.128097e-08
1.121680e+00  9.015387e-08
1.119841e+00  8.911500e-08
1.118427e+00  8.873844e-08
1.116299e+00  8.817252e-08
1.115393e+00  8.792761e-08
1.114822e+00  8.778098e-08
1.112305e+00  8.712689e-08
1.111203e+00  8.684191e-08
1.110958e+00  8.678017e-08
1.110556e+00  8.667567e-08
1.107585e+00  8.593413e-08
1.106536e+00  8.568747e-08
1.104926e+00  8.531484e-08
1.103930e+00  8.508838e-08
1.102128e+00  8.466864e-08
1.100285e+00  8.425096e-08
1.099545e+00  8.421974e-08
1.097743e+00  8.434216e-08
1.095708e+00  8.447524e-08
1.095422e+00  8.449348e-08
1.093374e+00  8.461634e-08
1.091286e+00  8.473934e-08
1.091104e+00  8.474981e-08
1.089029e+00  8.487301e-08
1.087150e+00  8.497538e-08
1.086539e+00  8.500688e-08
1.084700e+00  8.509890e-08
1.083014e+00  8.519101e-08
1.082015e+00  8.523313e-08
1.080382e+00  8.531484e-08
1.078878e+00  8.538609e-08
1.077527e+00  8.544942e-08
1.076076e+00  8.551021e-08
1.074742e+00  8.556305e-08
1.073082e+00  8.563451e-08
1.071798e+00  8.568747e-08
1.070606e+00  8.572720e-08
1.068777e+00  8.567688e-08
1.067532e+00  8.559215e-08
1.066158e+00  8.551021e-08
1.064744e+00  8.541775e-08
1.063290e+00  8.532539e-08
1.061670e+00  8.523313e-08
1.060724e+00  8.516996e-08
1.059051e+00  8.506736e-08
1.057208e+00  8.495438e-08
1.054848e+00  8.481271e-08
1.052773e+00  8.468960e-08
1.052710e+00  8.467910e-08
1.050649e+00  8.455619e-08
1.048873e+00  8.427961e-08
1.048106e+00  8.412867e-08
1.046460e+00  8.378357e-08
1.045318e+00  8.355085e-08
1.043051e+00  8.309756e-08
1.042297e+00  8.294874e-08
1.041779e+00  8.283857e-08
1.038692e+00  8.223148e-08
1.038241e+00  8.214001e-08
1.038161e+00  8.212986e-08
1.038045e+00  8.210194e-08
1.034699e+00  8.145993e-08
1.033092e+00  8.115585e-08
1.031160e+00  8.079299e-08
1.029915e+00  8.054118e-08
1.027917e+00  7.982498e-08
1.027761e+00  7.977564e-08
1.025816e+00  7.908578e-08
1.024793e+00  7.873217e-08
1.021822e+00  7.771192e-08
1.021733e+00  7.768550e-08
1.021680e+00  7.766630e-08
1.021510e+00  7.760871e-08
1.018725e+00  7.645641e-08
1.017673e+00  7.592186e-08
1.015950e+00  7.507485e-08
1.014835e+00  7.453383e-08
1.013617e+00  7.395100e-08
1.013162e+00  7.372737e-08
1.012136e+00  7.324810e-08
1.010387e+00  7.241302e-08
1.009583e+00  7.193340e-08
1.008518e+00  7.116605e-08
1.007973e+00  7.076250e-08
1.005653e+00  6.913253e-08
1.005603e+00  6.910048e-08
1.005577e+00  6.907484e-08
1.005354e+00  6.892558e-08
1.003253e+00  6.747540e-08
1.000896e+00  6.589667e-08
9.999602e-01  6.525623e-08
9.989112e-01  6.399986e-08
9.975867e-01  6.244262e-08
9.971618e-01  6.196199e-08
9.968365e-01  6.158966e-08
9.954224e-01  5.998158e-08
9.941643e-01  5.859448e-08
9.937095e-01  5.812912e-08
9.936863e-01  5.807346e-08
9.936199e-01  5.799634e-08
9.919469e-01  5.621733e-08
9.906124e-01  5.486300e-08
9.902108e-01  5.442727e-08
9.896664e-01  5.386498e-08
9.884713e-01  5.268770e-08
9.875386e-01  5.178041e-08
9.867485e-01  5.100371e-08
9.857228e-01  5.004031e-08
9.850224e-01  4.938119e-08
9.844514e-01  4.887104e-08
9.832996e-01  4.780881e-08
9.818091e-01  4.648144e-08
9.813942e-01  4.612368e-08
9.799801e-01  4.489858e-08
9.799004e-01  4.477526e-08
9.791369e-01  4.353212e-08
9.787718e-01  4.296936e-08
9.778921e-01  4.161013e-08
9.776465e-01  4.123502e-08
9.775402e-01  4.108619e-08
9.773212e-01  4.073593e-08
9.767502e-01  3.991831e-08
9.765311e-01  3.957191e-08
9.759602e-01  3.877767e-08
9.759469e-01  3.874532e-08
9.754025e-01  3.798057e-08
9.747784e-01  3.702095e-08
9.745195e-01  3.659886e-08
9.744033e-01  3.638344e-08
9.740017e-01  3.569620e-08
9.740017e-01  3.659886e-08
