# LHCb B -> K (a ->) mu mu excluded-region boundary, GKOZ re-interpretation
# Extracted from arXiv:2310.03524v3 / LHCb-constraints.pdf (dark-blue solid contour)
# Date: 2026-07-10
# Source y axis is 2 v_h/f_GKOZ (v_h = 246 GeV); converted here to the
# BC10 package convention 1/f_BNT = 2/f_GKOZ, i.e. invf = y_source/246.
# The excluded region lies above each chain; chains are clipped at the
# source frame top (invf = 3.25e-3) and left edge (m_a = 0.3 GeV).
# Gaps along the top edge are the LHCb charmonium veto windows.
# Format: chains separated by blank line; each row is "mass_GeV  invf_GeV_inv"
# mass_GeV  invf_GeV_inv
# chain 0: 89 vertices
2.80026e-01  4.30264e-06
2.81043e-01  4.17314e-06
2.82014e-01  3.93941e-06
2.83019e-01  3.82139e-06
2.84035e-01  3.70619e-06
2.85006e-01  3.59532e-06
2.86022e-01  3.48761e-06
2.87039e-01  3.47597e-06
2.88010e-01  3.37183e-06
2.89026e-01  3.27081e-06
2.90042e-01  3.26052e-06
2.91014e-01  3.16283e-06
2.92019e-01  3.15349e-06
2.93035e-01  3.14341e-06
2.94006e-01  3.04923e-06
2.95022e-01  3.04022e-06
2.96039e-01  2.94970e-06
2.97010e-01  2.94098e-06
2.99031e-01  2.92348e-06
3.00002e-01  2.83643e-06
3.01019e-01  2.82845e-06
3.02035e-01  2.82009e-06
3.03006e-01  2.73664e-06
3.05039e-01  2.72140e-06
3.06010e-01  2.64037e-06
3.07015e-01  2.63294e-06
3.08031e-01  2.62616e-06
3.09002e-01  2.61877e-06
3.10019e-01  2.61190e-06
3.11035e-01  2.53462e-06
3.12006e-01  2.52761e-06
3.14039e-01  2.51437e-06
3.15010e-01  2.44009e-06
3.16015e-01  2.36789e-06
3.17031e-01  2.36212e-06
3.18002e-01  2.35593e-06
3.19018e-01  2.28622e-06
3.20035e-01  2.28066e-06
3.21006e-01  2.27478e-06
3.23027e-01  2.26373e-06
3.23998e-01  2.25822e-06
3.25015e-01  2.25284e-06
3.26031e-01  2.24779e-06
3.27002e-01  2.24232e-06
3.28018e-01  2.17597e-06
3.29035e-01  2.17110e-06
3.30006e-01  2.16581e-06
3.32027e-01  2.15622e-06
3.32998e-01  2.15097e-06
3.35031e-01  2.14134e-06
3.36002e-01  2.13654e-06
3.37018e-01  2.13175e-06
3.38035e-01  2.06907e-06
3.39006e-01  2.06482e-06
3.41027e-01  2.05567e-06
3.41998e-01  2.05146e-06
3.43015e-01  2.04686e-06
3.44031e-01  2.04266e-06
3.45002e-01  1.98260e-06
3.46018e-01  1.97853e-06
3.47023e-01  1.97409e-06
3.47995e-01  1.97005e-06
3.50027e-01  1.96197e-06
3.50998e-01  1.95795e-06
3.52015e-01  1.90038e-06
3.53031e-01  1.89684e-06
3.54002e-01  1.89295e-06
3.56023e-01  1.88519e-06
3.56994e-01  1.88168e-06
3.58011e-01  1.87782e-06
3.59027e-01  1.87433e-06
3.59998e-01  1.92357e-06
3.61015e-01  1.91962e-06
3.62031e-01  1.91605e-06
3.63002e-01  1.91248e-06
3.64007e-01  1.90893e-06
3.65023e-01  1.85280e-06
3.65994e-01  1.84935e-06
3.68027e-01  1.84247e-06
3.68998e-01  1.78864e-06
3.71019e-01  1.78190e-06
3.71991e-01  1.82906e-06
3.73007e-01  1.82566e-06
3.74023e-01  1.87397e-06
3.74994e-01  1.92357e-06
3.77027e-01  1.91715e-06
3.77998e-01  1.96788e-06
3.79003e-01  1.96450e-06
3.79974e-01  3.25206e-03

# chain 1: 27 vertices
5.10016e-01  3.25206e-03
5.10987e-01  1.27159e-06
5.13020e-01  1.26874e-06
5.13991e-01  1.26735e-06
5.16012e-01  1.26450e-06
5.16984e-01  1.26306e-06
5.19016e-01  1.26029e-06
5.19987e-01  1.25884e-06
5.21004e-01  1.25770e-06
5.22020e-01  1.22072e-06
5.22980e-01  1.21932e-06
5.25012e-01  1.21659e-06
5.25984e-01  1.21525e-06
5.27000e-01  1.24926e-06
5.28016e-01  1.24789e-06
5.28987e-01  1.24646e-06
5.30004e-01  1.24509e-06
5.31009e-01  1.27969e-06
5.31980e-01  1.27823e-06
5.32996e-01  1.24046e-06
5.34012e-01  1.23904e-06
5.34984e-01  1.23745e-06
5.37016e-01  1.23373e-06
5.37987e-01  1.23167e-06
5.38992e-01  1.26499e-06
5.40009e-01  1.29890e-06
5.40980e-01  3.25206e-03

# chain 2: 307 vertices
5.56021e-01  3.25206e-03
5.56992e-01  1.27920e-06
5.58009e-01  1.27871e-06
5.58980e-01  1.27804e-06
5.59996e-01  1.27731e-06
5.61012e-01  1.27633e-06
5.61983e-01  1.27542e-06
5.62988e-01  1.23833e-06
5.64005e-01  1.23721e-06
5.64976e-01  1.23626e-06
5.65992e-01  1.23514e-06
5.67008e-01  1.23420e-06
5.67980e-01  1.23308e-06
5.68996e-01  1.23214e-06
5.70012e-01  1.23096e-06
5.70972e-01  1.22985e-06
5.73005e-01  1.22756e-06
5.73976e-01  1.22662e-06
5.74992e-01  1.26119e-06
5.76008e-01  1.26029e-06
5.76980e-01  1.25908e-06
5.79001e-01  1.25674e-06
5.79972e-01  1.25554e-06
5.80988e-01  1.21885e-06
5.82005e-01  1.21775e-06
5.82976e-01  1.18194e-06
5.83992e-01  1.18081e-06
5.85008e-01  1.14609e-06
5.85979e-01  1.14527e-06
5.88001e-01  1.14314e-06
5.88972e-01  1.14205e-06
5.91005e-01  1.13993e-06
5.91976e-01  1.13884e-06
5.92992e-01  1.13802e-06
5.94008e-01  1.13694e-06
5.94968e-01  1.13591e-06
5.97001e-01  1.13379e-06
5.97972e-01  1.16619e-06
6.00005e-01  1.16402e-06
6.00976e-01  1.19722e-06
6.01992e-01  1.19614e-06
6.02997e-01  1.16097e-06
6.03968e-01  1.15986e-06
6.04984e-01  1.15903e-06
6.06001e-01  1.15792e-06
6.06972e-01  1.12387e-06
6.07988e-01  1.12285e-06
6.09004e-01  1.12200e-06
6.09976e-01  1.12093e-06
6.11997e-01  1.11884e-06
6.12968e-01  1.15081e-06
6.13984e-01  1.14977e-06
6.15001e-01  1.14889e-06
6.15972e-01  1.14785e-06
6.16988e-01  1.14697e-06
6.18004e-01  1.14587e-06
6.18964e-01  1.14484e-06
6.19981e-01  1.14396e-06
6.20997e-01  1.14292e-06
6.21968e-01  1.10932e-06
6.22984e-01  1.10847e-06
6.24001e-01  1.10747e-06
6.24972e-01  1.10662e-06
6.25988e-01  1.10556e-06
6.26993e-01  1.10477e-06
6.27964e-01  1.10372e-06
6.28980e-01  1.10293e-06
6.29997e-01  1.10187e-06
6.30968e-01  1.10087e-06
6.33001e-01  1.09919e-06
6.33972e-01  1.09820e-06
6.34977e-01  1.09736e-06
6.35993e-01  1.09636e-06
6.36964e-01  1.09553e-06
6.37981e-01  1.09448e-06
6.38997e-01  1.09370e-06
6.39968e-01  1.09265e-06
6.42001e-01  1.09104e-06
6.42960e-01  1.09005e-06
6.43977e-01  1.08921e-06
6.44993e-01  1.08817e-06
6.45964e-01  1.08739e-06
6.46980e-01  1.08656e-06
6.47997e-01  1.08558e-06
6.48968e-01  1.08475e-06
6.49984e-01  1.08392e-06
6.50989e-01  1.08294e-06
6.51960e-01  1.05110e-06
6.52977e-01  1.05029e-06
6.53993e-01  1.04934e-06
6.54964e-01  1.04854e-06
6.55980e-01  1.04774e-06
6.56997e-01  1.04679e-06
6.57968e-01  1.04599e-06
6.59989e-01  1.04444e-06
6.60960e-01  1.04344e-06
6.62993e-01  1.04190e-06
6.63964e-01  1.04116e-06
6.64980e-01  1.04016e-06
6.65997e-01  1.03937e-06
6.66957e-01  1.03862e-06
6.67973e-01  1.03783e-06
6.68989e-01  1.03689e-06
6.69960e-01  1.03610e-06
6.70977e-01  1.06591e-06
6.71993e-01  1.06509e-06
6.72964e-01  1.06433e-06
6.73980e-01  1.09490e-06
6.74985e-01  1.09411e-06
6.75956e-01  1.09328e-06
6.77989e-01  1.09166e-06
6.78960e-01  1.09062e-06
6.80993e-01  1.08901e-06
6.81964e-01  1.08817e-06
6.83985e-01  1.08656e-06
6.84956e-01  1.08573e-06
6.86989e-01  1.08413e-06
6.87960e-01  1.08335e-06
6.88976e-01  1.11447e-06
6.89993e-01  1.11367e-06
6.90953e-01  1.11282e-06
6.92985e-01  1.11117e-06
6.93956e-01  1.11032e-06
6.94973e-01  1.10953e-06
6.95989e-01  1.07691e-06
6.96960e-01  1.07608e-06
6.98981e-01  1.07449e-06
6.99953e-01  1.07367e-06
7.01985e-01  1.07208e-06
7.02956e-01  1.04036e-06
7.03973e-01  1.03976e-06
7.04989e-01  1.03902e-06
7.05960e-01  1.03823e-06
7.07981e-01  1.03669e-06
7.08952e-01  1.03590e-06
7.10985e-01  1.03437e-06
7.11956e-01  1.03358e-06
7.13989e-01  1.03205e-06
7.14949e-01  1.03146e-06
7.16981e-01  1.02993e-06
7.17953e-01  1.02914e-06
7.18969e-01  9.98692e-07
7.19985e-01  9.97977e-07
7.20956e-01  9.97405e-07
7.22978e-01  9.95930e-07
7.23949e-01  9.95169e-07
7.25981e-01  9.93697e-07
7.26952e-01  9.93128e-07
7.28985e-01  9.91659e-07
7.29956e-01  9.90901e-07
7.30961e-01  9.90192e-07
7.31977e-01  9.89625e-07
7.32949e-01  9.88869e-07
7.34981e-01  9.87406e-07
7.35952e-01  9.86840e-07
7.36969e-01  9.57686e-07
7.37985e-01  9.56955e-07
7.38945e-01  9.56224e-07
7.39961e-01  9.55539e-07
7.40978e-01  9.83360e-07
7.41949e-01  1.01184e-06
7.42965e-01  1.01127e-06
7.43981e-01  1.04056e-06
7.44952e-01  1.07085e-06
7.45969e-01  1.10187e-06
7.46974e-01  1.10124e-06
7.47945e-01  1.10045e-06
7.48961e-01  1.06789e-06
7.49977e-01  1.06708e-06
7.50949e-01  1.06647e-06
7.51965e-01  1.06570e-06
7.52981e-01  1.06509e-06
7.53952e-01  1.06433e-06
7.54957e-01  1.06352e-06
7.55974e-01  1.06291e-06
7.56945e-01  1.06215e-06
7.57961e-01  1.06154e-06
7.58977e-01  1.06073e-06
7.59948e-01  1.05997e-06
7.60965e-01  1.05936e-06
7.61981e-01  1.05855e-06
7.62941e-01  1.05799e-06
7.64974e-01  1.05638e-06
7.65945e-01  1.05582e-06
7.66961e-01  1.05502e-06
7.67977e-01  1.05441e-06
7.68948e-01  1.05366e-06
7.69965e-01  1.05305e-06
7.70970e-01  1.05225e-06
7.71941e-01  1.05170e-06
7.72957e-01  1.05089e-06
7.73974e-01  1.05029e-06
7.74945e-01  1.04954e-06
7.75961e-01  1.04894e-06
7.76977e-01  1.04814e-06
7.77948e-01  1.04754e-06
7.78953e-01  1.04679e-06
7.79970e-01  1.04619e-06
7.80941e-01  1.04544e-06
7.81957e-01  1.04484e-06
7.82973e-01  1.07526e-06
7.83945e-01  1.10662e-06
7.84961e-01  1.13884e-06
7.85977e-01  1.17227e-06
7.86937e-01  1.20646e-06
7.88970e-01  1.13612e-06
7.89941e-01  1.10229e-06
8.29949e-01  9.83735e-07
8.30966e-01  9.82984e-07
8.31937e-01  9.53944e-07
8.32953e-01  9.53215e-07
8.33969e-01  9.24833e-07
8.34929e-01  9.51987e-07
8.35946e-01  9.51441e-07
8.36962e-01  9.50715e-07
8.37933e-01  9.78628e-07
8.38949e-01  9.78068e-07
8.39966e-01  9.77320e-07
8.40937e-01  9.76808e-07
8.41953e-01  9.76061e-07
8.42958e-01  9.75502e-07
8.43974e-01  9.74803e-07
8.44946e-01  9.45779e-07
8.45962e-01  9.45238e-07
8.46978e-01  9.44561e-07
8.47949e-01  9.44019e-07
8.49982e-01  9.42623e-07
8.50942e-01  9.42083e-07
8.52974e-01  9.40690e-07
8.53946e-01  9.40151e-07
8.55978e-01  9.38760e-07
8.56949e-01  9.38222e-07
8.58971e-01  9.36835e-07
8.59942e-01  9.36119e-07
8.61974e-01  9.34734e-07
8.62945e-01  9.34020e-07
8.63962e-01  9.33485e-07
8.64978e-01  9.32639e-07
8.65949e-01  9.31927e-07
8.67971e-01  9.30548e-07
8.68942e-01  9.29837e-07
8.69958e-01  9.29171e-07
8.70974e-01  9.28285e-07
8.71945e-01  9.00516e-07
8.72962e-01  8.99828e-07
8.73978e-01  8.98969e-07
8.74938e-01  8.98154e-07
8.75954e-01  8.97468e-07
8.76971e-01  8.96654e-07
8.77942e-01  8.95798e-07
8.79974e-01  8.94132e-07
8.80945e-01  8.93150e-07
8.81962e-01  8.92298e-07
8.82967e-01  9.18145e-07
8.83938e-01  9.17269e-07
8.85970e-01  9.15212e-07
8.86942e-01  9.14207e-07
8.87958e-01  9.13030e-07
8.88974e-01  9.11984e-07
8.89945e-01  8.84196e-07
8.90950e-01  8.83015e-07
8.91967e-01  8.81709e-07
8.92938e-01  8.80572e-07
8.93954e-01  8.79270e-07
8.94970e-01  8.77760e-07
8.95942e-01  8.50690e-07
8.97974e-01  8.47851e-07
8.98934e-01  8.46112e-07
8.99950e-01  8.44538e-07
9.00967e-01  8.42805e-07
9.01938e-01  8.40916e-07
9.02954e-01  8.39031e-07
9.03970e-01  8.36990e-07
9.04942e-01  8.60126e-07
9.05958e-01  8.57870e-07
9.06963e-01  8.55292e-07
9.07934e-01  8.52764e-07
9.08950e-01  8.50040e-07
9.09967e-01  8.47042e-07
9.10938e-01  8.44054e-07
9.11954e-01  8.40755e-07
9.12970e-01  8.62511e-07
9.13941e-01  8.58648e-07
9.14946e-01  8.54517e-07
9.15963e-01  8.50202e-07
9.16934e-01  8.71079e-07
9.17950e-01  8.65895e-07
9.18966e-01  8.60413e-07
9.19938e-01  8.80572e-07
9.20954e-01  8.73871e-07
9.21970e-01  8.66888e-07
9.22930e-01  8.85506e-07
9.23946e-01  8.77131e-07
9.24963e-01  8.94644e-07
9.25934e-01  8.84661e-07
9.26950e-01  9.00645e-07
9.27967e-01  8.88811e-07
9.28938e-01  9.03014e-07
9.29954e-01  8.88811e-07
9.30959e-01  9.00645e-07
9.31930e-01  9.11331e-07
9.32946e-01  8.92809e-07
9.33963e-01  9.03014e-07
9.42963e-01  9.03014e-07
9.43934e-01  8.75667e-07
9.47943e-01  8.75667e-07
9.48914e-01  3.25206e-03

# chain 3: 247 vertices
9.68991e-01  3.25206e-03
9.69963e-01  8.75667e-07
9.70922e-01  8.75667e-07
9.71939e-01  8.49269e-07
9.74942e-01  8.49269e-07
9.75959e-01  8.23510e-07
9.80939e-01  8.23510e-07
9.81955e-01  7.98724e-07
9.85930e-01  7.98724e-07
9.86935e-01  7.74498e-07
9.88922e-01  7.74498e-07
9.89939e-01  7.51043e-07
9.91926e-01  7.51043e-07
9.92942e-01  7.28403e-07
9.93959e-01  7.28403e-07
9.94918e-01  7.06344e-07
9.95935e-01  7.06344e-07
9.96951e-01  6.85051e-07
9.98938e-01  6.85051e-07
9.99955e-01  7.06344e-07
1.00093e+00  7.06344e-07
1.00194e+00  7.28403e-07
1.00295e+00  7.28403e-07
1.00392e+00  7.51043e-07
1.00493e+00  7.51043e-07
1.00595e+00  7.74498e-07
1.00794e+00  7.74498e-07
1.00895e+00  7.98724e-07
1.01195e+00  7.98724e-07
1.01292e+00  8.23510e-07
1.01495e+00  8.23510e-07
1.01993e+00  8.49269e-07
1.03092e+00  8.49269e-07
1.03193e+00  8.75667e-07
1.03295e+00  8.75667e-07
1.03392e+00  8.49269e-07
1.03691e+00  8.49269e-07
1.03793e+00  8.23510e-07
1.04093e+00  8.23510e-07
1.06193e+00  7.98724e-07
1.06294e+00  8.23510e-07
1.06493e+00  8.23510e-07
1.06595e+00  8.49269e-07
1.06691e+00  8.49269e-07
1.06792e+00  8.75667e-07
1.06991e+00  8.75667e-07
1.07093e+00  9.03014e-07
1.08394e+00  9.03014e-07
1.08491e+00  9.31259e-07
1.09192e+00  9.31259e-07
1.09294e+00  9.03014e-07
1.09391e+00  9.03014e-07
1.09492e+00  8.75667e-07
1.09594e+00  8.75667e-07
1.09691e+00  8.49269e-07
1.09793e+00  8.49269e-07
1.09893e+00  8.23510e-07
1.09990e+00  8.23510e-07
1.10092e+00  7.98724e-07
1.10194e+00  7.74498e-07
1.10291e+00  7.74498e-07
1.10392e+00  7.51043e-07
1.10692e+00  7.51043e-07
1.10793e+00  7.74498e-07
1.11191e+00  7.74498e-07
1.11292e+00  7.98724e-07
1.11693e+00  7.98724e-07
1.11790e+00  8.23510e-07
1.12390e+00  8.23510e-07
1.12492e+00  7.98724e-07
1.13290e+00  7.98724e-07
1.13392e+00  7.74498e-07
1.14393e+00  7.74498e-07
1.14490e+00  7.98724e-07
1.17392e+00  7.98724e-07
1.17489e+00  7.74498e-07
1.17693e+00  7.74498e-07
1.17790e+00  7.51043e-07
1.17992e+00  7.51043e-07
1.18089e+00  7.28403e-07
1.18689e+00  7.28403e-07
1.18790e+00  7.51043e-07
1.20992e+00  7.51043e-07
1.21088e+00  7.28403e-07
1.22192e+00  7.28403e-07
1.22289e+00  7.51043e-07
1.23092e+00  7.51043e-07
1.23189e+00  7.74498e-07
1.23488e+00  7.74498e-07
1.23590e+00  7.98724e-07
1.23890e+00  7.98724e-07
1.23992e+00  8.23510e-07
1.24388e+00  8.23510e-07
1.24490e+00  8.49269e-07
1.24892e+00  8.49269e-07
1.24989e+00  8.23510e-07
1.27388e+00  8.23510e-07
1.27489e+00  7.98724e-07
1.28689e+00  7.98724e-07
1.28791e+00  7.74498e-07
1.29990e+00  7.74498e-07
1.30092e+00  7.51043e-07
1.31389e+00  7.51043e-07
1.31490e+00  7.28403e-07
1.32690e+00  7.28403e-07
1.32792e+00  7.51043e-07
1.33692e+00  7.51043e-07
1.33789e+00  7.74498e-07
1.33889e+00  7.74498e-07
1.33991e+00  7.51043e-07
1.36391e+00  7.51043e-07
1.36488e+00  7.28403e-07
1.38089e+00  7.28403e-07
1.38191e+00  7.51043e-07
1.39188e+00  7.51043e-07
1.39289e+00  7.74498e-07
1.40387e+00  7.74498e-07
1.40489e+00  7.98724e-07
1.41587e+00  7.98724e-07
1.41689e+00  8.23510e-07
1.43290e+00  8.23510e-07
1.43387e+00  7.98724e-07
1.44388e+00  7.98724e-07
1.44489e+00  7.74498e-07
1.48287e+00  7.74498e-07
1.48389e+00  7.98724e-07
1.48786e+00  7.98724e-07
1.48888e+00  8.23510e-07
1.49289e+00  8.23510e-07
1.49386e+00  8.49269e-07
1.49686e+00  8.49269e-07
1.49788e+00  8.23510e-07
1.50387e+00  8.23510e-07
1.50489e+00  7.98724e-07
1.51089e+00  7.98724e-07
1.51186e+00  7.74498e-07
1.52385e+00  7.74498e-07
1.52487e+00  7.51043e-07
1.56987e+00  7.51043e-07
1.57087e+00  7.74498e-07
1.58186e+00  7.74498e-07
1.58287e+00  7.98724e-07
1.59884e+00  7.98724e-07
1.59986e+00  7.74498e-07
1.62985e+00  7.74498e-07
1.63087e+00  7.98724e-07
1.64286e+00  7.98724e-07
1.64383e+00  8.23510e-07
1.64485e+00  8.23510e-07
1.64586e+00  7.98724e-07
1.64984e+00  7.98724e-07
1.65084e+00  7.74498e-07
1.65385e+00  7.74498e-07
1.65486e+00  7.51043e-07
1.65583e+00  7.74498e-07
1.66183e+00  7.74498e-07
1.66285e+00  7.98724e-07
1.67383e+00  7.98724e-07
1.67484e+00  7.74498e-07
1.67886e+00  7.74498e-07
1.67983e+00  7.51043e-07
1.68485e+00  7.51043e-07
1.68583e+00  7.28403e-07
1.69182e+00  7.28403e-07
1.69284e+00  7.06344e-07
1.70585e+00  7.06344e-07
1.70682e+00  6.85051e-07
1.70783e+00  7.06344e-07
1.70982e+00  7.06344e-07
1.71084e+00  7.28403e-07
1.71283e+00  7.28403e-07
1.71384e+00  7.51043e-07
1.71683e+00  7.51043e-07
1.71785e+00  7.74498e-07
1.71984e+00  7.74498e-07
1.72085e+00  7.98724e-07
1.75283e+00  7.98724e-07
1.75384e+00  7.74498e-07
1.75684e+00  7.74498e-07
1.75786e+00  7.51043e-07
1.75883e+00  7.28403e-07
1.75985e+00  7.06344e-07
1.76086e+00  7.06344e-07
1.76183e+00  6.85051e-07
1.79183e+00  6.85051e-07
1.79284e+00  7.06344e-07
1.83682e+00  7.06344e-07
1.83783e+00  6.85051e-07
1.84582e+00  6.85051e-07
1.84683e+00  6.64273e-07
1.85481e+00  6.64273e-07
1.85583e+00  6.85051e-07
1.86183e+00  6.85051e-07
1.86284e+00  7.06344e-07
1.86381e+00  7.06344e-07
1.86483e+00  6.85051e-07
1.90682e+00  6.85051e-07
1.90783e+00  6.64273e-07
1.93280e+00  6.64273e-07
1.93382e+00  6.44156e-07
1.94881e+00  6.44156e-07
1.94983e+00  6.24738e-07
1.96681e+00  6.24738e-07
1.96783e+00  6.44156e-07
1.98882e+00  6.44156e-07
1.98979e+00  6.24738e-07
2.01978e+00  6.24738e-07
2.02080e+00  6.44156e-07
2.03082e+00  6.44156e-07
2.03179e+00  6.24738e-07
2.05079e+00  6.24738e-07
2.05181e+00  6.44156e-07
2.15379e+00  6.44156e-07
2.15476e+00  6.24738e-07
2.22177e+00  6.24738e-07
2.22279e+00  6.44156e-07
2.24678e+00  6.44156e-07
2.24780e+00  6.24738e-07
2.35374e+00  6.24738e-07
2.35476e+00  6.05818e-07
2.45176e+00  6.05818e-07
2.45273e+00  5.87556e-07
2.48272e+00  5.87556e-07
2.48374e+00  5.69762e-07
2.48476e+00  5.87556e-07
2.56371e+00  5.87556e-07
2.56473e+00  5.69762e-07
2.57774e+00  5.69762e-07
2.57871e+00  5.52481e-07
2.57972e+00  5.52481e-07
2.58074e+00  5.69762e-07
2.58273e+00  5.69762e-07
2.58374e+00  5.87556e-07
2.63773e+00  5.87556e-07
2.63875e+00  6.05818e-07
2.65771e+00  6.05818e-07
2.65872e+00  6.24738e-07
2.66372e+00  6.24738e-07
2.66473e+00  6.44156e-07
2.72772e+00  6.44156e-07
2.72874e+00  6.64273e-07
2.77470e+00  6.64273e-07
2.77571e+00  6.44156e-07
2.87769e+00  6.44156e-07
2.87871e+00  6.24738e-07
2.89869e+00  6.24738e-07
2.89966e+00  3.25206e-03

# chain 4: 42 vertices
3.19970e+00  3.25206e-03
3.20066e+00  6.44156e-07
3.21364e+00  6.44156e-07
3.21466e+00  6.24738e-07
3.24765e+00  6.24738e-07
3.24866e+00  6.44156e-07
3.25665e+00  6.44156e-07
3.25766e+00  6.64273e-07
3.27866e+00  6.64273e-07
3.27963e+00  6.44156e-07
3.31765e+00  6.44156e-07
3.31862e+00  6.24738e-07
3.33962e+00  6.24738e-07
3.34063e+00  6.44156e-07
3.35162e+00  6.44156e-07
3.35264e+00  6.64273e-07
3.50662e+00  6.64273e-07
3.50763e+00  6.85051e-07
3.52360e+00  6.85051e-07
3.52462e+00  6.64273e-07
3.54063e+00  6.64273e-07
3.54160e+00  6.85051e-07
3.54262e+00  6.85051e-07
3.54363e+00  7.06344e-07
3.54561e+00  7.06344e-07
3.54663e+00  7.28403e-07
3.54963e+00  7.28403e-07
3.55060e+00  7.51043e-07
3.55359e+00  7.51043e-07
3.55461e+00  7.74498e-07
3.55660e+00  7.74498e-07
3.55761e+00  1.56935e-06
3.55863e+00  3.38070e-06
3.55960e+00  6.64248e-06
3.56061e+00  1.02108e-05
3.56162e+00  1.56929e-05
3.56259e+00  2.33914e-05
3.56361e+00  3.59502e-05
3.56463e+00  5.35887e-05
3.56560e+00  8.23605e-05
3.56860e+00  8.23605e-05
3.56956e+00  3.25206e-03

# chain 5: 198 vertices
3.86961e+00  3.25206e-03
3.87058e+00  3.82285e-06
3.87155e+00  3.70690e-06
3.87256e+00  3.59532e-06
3.87357e+00  3.38070e-06
3.87454e+00  3.27879e-06
3.87556e+00  3.17934e-06
3.87658e+00  3.08364e-06
3.87755e+00  2.89956e-06
3.87856e+00  2.81216e-06
3.87958e+00  2.72699e-06
3.88055e+00  2.64479e-06
3.88156e+00  2.48690e-06
3.88257e+00  2.41193e-06
3.88354e+00  2.33889e-06
3.88456e+00  2.26839e-06
3.88558e+00  2.33889e-06
3.88655e+00  2.48690e-06
3.88756e+00  2.64479e-06
3.88857e+00  2.81216e-06
3.88954e+00  2.99012e-06
3.89157e+00  3.38070e-06
3.89254e+00  3.59532e-06
3.89356e+00  3.70690e-06
3.89458e+00  3.82285e-06
3.89555e+00  4.06477e-06
3.89655e+00  4.19191e-06
3.89757e+00  4.32200e-06
3.89854e+00  4.45719e-06
3.89956e+00  4.59551e-06
3.90057e+00  4.88726e-06
3.90154e+00  5.03916e-06
3.90256e+00  4.73925e-06
3.90358e+00  4.59551e-06
3.90455e+00  4.32200e-06
3.90555e+00  4.19191e-06
3.90657e+00  3.94148e-06
3.90754e+00  3.82285e-06
3.90856e+00  3.59532e-06
3.90957e+00  3.38070e-06
3.91054e+00  3.17934e-06
3.91156e+00  2.99012e-06
3.91256e+00  2.72699e-06
3.91354e+00  2.56457e-06
3.91455e+00  2.41193e-06
3.91557e+00  2.56457e-06
3.91654e+00  2.81216e-06
3.91755e+00  2.99012e-06
3.91857e+00  3.27879e-06
3.91954e+00  3.48628e-06
3.92156e+00  3.94148e-06
3.92253e+00  4.06477e-06
3.92457e+00  4.59551e-06
3.92554e+00  4.73925e-06
3.92655e+00  4.59551e-06
3.92757e+00  4.59551e-06
3.92854e+00  4.45719e-06
3.92955e+00  4.32200e-06
3.93056e+00  4.19191e-06
3.93153e+00  4.06477e-06
3.93255e+00  3.94148e-06
3.93357e+00  3.82285e-06
3.93454e+00  3.82285e-06
3.93555e+00  3.70690e-06
3.93656e+00  3.59532e-06
3.93753e+00  3.48628e-06
3.93855e+00  3.27879e-06
3.93956e+00  3.17934e-06
3.94053e+00  3.08364e-06
3.94155e+00  2.89956e-06
3.94257e+00  2.81216e-06
3.94358e+00  2.72699e-06
3.94454e+00  2.64479e-06
3.94556e+00  2.48690e-06
3.94658e+00  2.56457e-06
3.94755e+00  2.64479e-06
3.94856e+00  2.81216e-06
3.94958e+00  2.89956e-06
3.95055e+00  2.99012e-06
3.95157e+00  3.08364e-06
3.95257e+00  3.17934e-06
3.95354e+00  3.27879e-06
3.95456e+00  3.38070e-06
3.95558e+00  3.48628e-06
3.95655e+00  3.59532e-06
3.95756e+00  3.70690e-06
3.95858e+00  3.70690e-06
3.95955e+00  3.82285e-06
3.96056e+00  3.94148e-06
3.96157e+00  3.94148e-06
3.96254e+00  4.06477e-06
3.96356e+00  3.94148e-06
3.96458e+00  3.82285e-06
3.96555e+00  3.82285e-06
3.96656e+00  3.70690e-06
3.96758e+00  3.59532e-06
3.96854e+00  3.48628e-06
3.96956e+00  3.38070e-06
3.97057e+00  3.27879e-06
3.97154e+00  3.08364e-06
3.97358e+00  2.89956e-06
3.97455e+00  2.72699e-06
3.97556e+00  2.64479e-06
3.97657e+00  2.72699e-06
3.97754e+00  2.81216e-06
3.97856e+00  2.89956e-06
3.97957e+00  2.99012e-06
3.98054e+00  3.08364e-06
3.98156e+00  3.27879e-06
3.98258e+00  3.38070e-06
3.98355e+00  3.48628e-06
3.98455e+00  3.48628e-06
3.98557e+00  3.59532e-06
3.98654e+00  3.70690e-06
3.98756e+00  3.70690e-06
3.98857e+00  3.82285e-06
3.98954e+00  3.94148e-06
3.99056e+00  3.94148e-06
3.99158e+00  4.06477e-06
3.99254e+00  4.19191e-06
3.99355e+00  4.32200e-06
3.99457e+00  4.19191e-06
3.99757e+00  4.19191e-06
3.99854e+00  4.06477e-06
4.00154e+00  4.06477e-06
4.00255e+00  3.94148e-06
4.00556e+00  3.94148e-06
4.00657e+00  3.82285e-06
4.00956e+00  3.82285e-06
4.01054e+00  3.70690e-06
4.01354e+00  3.70690e-06
4.01456e+00  3.59532e-06
4.01755e+00  3.59532e-06
4.01856e+00  3.48628e-06
4.01954e+00  3.48628e-06
4.02055e+00  3.59532e-06
4.02157e+00  3.59532e-06
4.02254e+00  3.70690e-06
4.02356e+00  3.70690e-06
4.02456e+00  3.82285e-06
4.02553e+00  3.94148e-06
4.02655e+00  3.94148e-06
4.02756e+00  4.06477e-06
4.02854e+00  4.06477e-06
4.02955e+00  4.19191e-06
4.03057e+00  4.19191e-06
4.03154e+00  4.32200e-06
4.03254e+00  4.45719e-06
4.03356e+00  4.45719e-06
4.03453e+00  4.59551e-06
4.03555e+00  4.59551e-06
4.03656e+00  4.73925e-06
4.03754e+00  4.73925e-06
4.03855e+00  4.88726e-06
4.03957e+00  4.88726e-06
4.04053e+00  5.03916e-06
4.04154e+00  5.19679e-06
4.04256e+00  5.19679e-06
4.04353e+00  5.35806e-06
4.04455e+00  5.19679e-06
4.04556e+00  5.19679e-06
4.04654e+00  5.03916e-06
4.04755e+00  5.03916e-06
4.04856e+00  4.88726e-06
4.04953e+00  4.88726e-06
4.05054e+00  4.73925e-06
4.05156e+00  4.73925e-06
4.05253e+00  4.59551e-06
4.05355e+00  4.59551e-06
4.05456e+00  4.45719e-06
4.05554e+00  4.45719e-06
4.05654e+00  4.32200e-06
4.05756e+00  4.32200e-06
4.05853e+00  4.19191e-06
4.05954e+00  4.19191e-06
4.06056e+00  4.06477e-06
4.06153e+00  4.06477e-06
4.06255e+00  3.94148e-06
4.06356e+00  3.94148e-06
4.06452e+00  3.82285e-06
4.06554e+00  3.82285e-06
4.06656e+00  3.70690e-06
4.06753e+00  3.70690e-06
4.06854e+00  3.59532e-06
4.06956e+00  3.59532e-06
4.07053e+00  4.19191e-06
4.07155e+00  4.88726e-06
4.07255e+00  5.52565e-06
4.07352e+00  6.44255e-06
4.07556e+00  8.75759e-06
4.07653e+00  1.02108e-05
4.07856e+00  1.38805e-05
4.07953e+00  1.61838e-05
4.08054e+00  1.82969e-05
4.08155e+00  2.13330e-05
4.08252e+00  2.48728e-05
4.08354e+00  2.89987e-05
4.08451e+00  3.25206e-03
